3388.5945 -0.12222637 -0.049133223 0.74139696 0.22700407
3392.1707 0.087517016 0.2937081 0.63632536 0.2276249
3395.7466 -0.046503272 0.18202278 0.74918854 0.22595735
3399.3228 0.052307922 0.16917466 0.74658674 0.23073754
3402.899 0.43949807 0.43620208 0.47732037 0.23711553
3406.4749 0.5685937 0.60485315 0.22746085 0.2330534
3410.051 0.13737938 0.2177871 0.5907654 0.22847986
3413.627 -0.05346611 0.06600762 0.6723512 0.22532551
3417.2031 0.1985109 0.26676717 0.49989557 0.2301713
3420.7793 0.3226361 0.30100346 0.6642581 0.23931403
3424.3552 0.059628665 0.15550038 0.76882774 0.23272033
3427.9314 -0.1003357 -0.11302272 0.7663425 0.23008089
3431.5076 -0.31393254 -0.34919208 0.97898674 0.23127146
3435.0835 -0.3382238 -0.26455662 1.0706164 0.23177077
3438.6597 0.14970098 0.15111193 0.73066336 0.23598784
3442.2356 0.3396489 0.31932107 0.81105256 0.2431725
3445.8118 0.10937839 0.11913751 0.95403606 0.23945746
3449.388 0.3767391 0.40937528 0.52142817 0.23591876
3452.9639 0.9212199 0.95699173 0.004590176 0.2393546
3456.54 0.7957226 0.81458545 0.11489767 0.23898348
3460.1162 0.6428443 0.62063825 0.13733347 0.2336115
3463.6921 0.9868552 1.0307224 0.14096294 0.24309297
3467.2683 0.76326877 0.87377584 0.6456545 0.25005916
3470.8445 0.2889005 0.33190635 0.7624823 0.241835
3474.4204 0.3633818 0.30850384 0.20100147 0.23156574
3477.9966 0.02789326 0.012277457 0.72099733 0.23093544
3481.5725 -0.068541795 -0.14734495 0.89451784 0.23278043
3485.1487 0.5424874 0.6303216 0.38019952 0.2347246
3488.7249 0.4624783 0.5716198 0.3871716 0.23189706
3492.3008 -0.04441983 -0.15944198 0.8538598 0.23321201
3495.877 0.75839835 0.7380073 0.626321 0.2509784
3499.4531 0.95372444 0.93526775 0.7086238 0.2614795
3503.029 1.1604866 1.1194452 0.47498974 0.25988388
3506.6052 0.95954 0.8085806 0.6949279 0.26150835
3510.1812 0.43744618 0.39101 0.9954013 0.2519675
3513.7573 0.32079792 0.52980316 0.8132107 0.23767497
3517.3335 0.54579294 0.57437426 0.9247439 0.25383928
3520.9094 0.9001381 0.8926203 0.64023805 0.25492167
3524.4856 1.2073365 1.3033415 0.44804296 0.25620162
3528.0618 0.91383886 1.0459107 0.5256474 0.24947156
3531.6377 0.70456386 0.7970032 0.709658 0.24912767
3535.2139 0.6642283 0.7062977 0.8946363 0.25361335
3538.7898 -0.040990904 -0.048588336 1.026145 0.23621964
3542.366 0.06274994 0.06851386 0.9470168 0.23834403
3545.9421 0.9879042 0.97991055 0.52388376 0.25439322
3549.518 0.80295086 0.74674016 0.7667944 0.25509968
3553.0942 0.6660076 0.6066397 0.9196911 0.2548322
3556.6704 0.9513179 0.9373021 0.75013775 0.26046818
3560.2463 0.54720014 0.5457322 0.8996304 0.25393707
3563.8225 0.5013742 0.4839474 0.77512735 0.24523422
3567.3984 0.9658946 1.0055535 0.5290684 0.2521838
3570.9746 0.4830494 0.5627125 0.73904604 0.24158733
3574.5508 0.9509907 1.029864 0.44590792 0.251627
3578.1267 1.3050505 1.4040868 0.31607065 0.25705844
3581.703 0.45141447 0.5269407 0.7572619 0.24278717
3585.279 -0.029607698 -0.03286953 1.0172812 0.24087986
3588.855 0.4644375 0.45527732 0.9814051 0.24951114
3592.4312 0.7914906 0.75141853 0.84791374 0.25722188
3596.007 1.2534729 1.1595745 0.91047496 0.2711157
3599.5833 1.0971777 1.1733687 0.90744805 0.2642658
3603.1594 1.4230595 1.3555344 0.5677065 0.26723918
3606.7354 1.4443926 1.4345669 0.5007247 0.2656596
3610.3115 1.1196258 1.2444304 0.55892855 0.2583048
3613.8877 1.2061113 1.13818 0.68821603 0.2683562
3617.4636 1.1669518 1.2031069 1.1076208 0.27401808
3621.0398 1.7364793 1.7549726 0.5641982 0.27326325
3624.6157 1.7082785 1.6820174 0.64081556 0.27601746
3628.192 1.5691581 1.4220916 0.3434676 0.26732773
3631.768 1.6369686 1.6640712 0.49237096 0.27000067
3635.344 1.2693064 1.355414 0.82836884 0.2672516
3638.9202 1.523229 1.5999899 0.8531587 0.27434257
3642.4963 1.4331541 1.592252 0.8059449 0.26869586
3646.0723 0.8890118 1.0759976 0.75470006 0.25105393
3649.6484 1.5827972 1.7981608 0.74663913 0.27052742
3653.2244 1.0756608 1.249318 1.0894632 0.27092633
3656.8005 0.91316 1.0331457 1.3118886 0.26942748
3660.3767 1.2547413 1.1994764 0.9780678 0.27100876
3663.9526 1.6660962 1.5137148 0.83970046 0.28253222
3667.5288 1.7515689 1.786435 0.9708079 0.2856006
3671.105 1.9341164 1.7971812 0.7945998 0.28513312
3674.681 2.081846 1.9881742 0.4868569 0.28132665
3678.257 1.5133234 1.5943357 0.4907554 0.26532134
3681.833 1.2483677 1.14258 0.71895343 0.26611483
3685.4092 1.7356129 1.5432734 0.80392474 0.2822398
3688.9854 1.2303014 1.1604936 0.89513534 0.2691207
3692.5613 0.5237093 0.5239838 1.1582892 0.25755078
3696.1375 1.1923493 1.118377 1.0810174 0.27328262
3699.7136 1.213894 1.1551768 1.524287 0.28686523
3703.2896 1.6584259 1.5322882 0.8560402 0.28006917
3706.8657 1.6837971 1.6889018 0.7420996 0.27709374
3710.4417 2.1207323 2.1602535 0.75022894 0.2878426
3714.0178 1.8060642 1.7464192 1.02784 0.28625435
3717.594 1.7821586 1.6977172 1.2252437 0.2920512
3721.17 1.4791899 1.3118026 1.4196341 0.29046664
3724.746 2.05065 1.8349584 0.83612305 0.29033086
3728.3223 2.4638345 2.287923 0.79734075 0.29942948
3731.8982 2.0047085 1.9670866 1.0900177 0.2943719
3735.4744 2.4702816 2.3784354 0.78288615 0.2990729
3739.0503 2.7859695 2.5616133 1.1111021 0.31417927
3742.6265 2.400052 2.4320211 1.0234033 0.30083233
3746.2026 1.6520551 1.6157088 1.1154597 0.28823525
3749.7786 1.4928071 1.4994304 1.2406973 0.28403932
3753.3547 2.1585855 2.148164 1.0014731 0.2941995
3756.931 2.759017 2.636641 1.0507983 0.31269017
3760.5068 2.6348557 2.475458 1.1866611 0.31422362
3764.083 1.8321549 1.7984236 1.3183762 0.293502
3767.659 2.7215645 2.6551185 1.0180128 0.3077853
3771.235 2.53802 2.3352191 1.0005208 0.3047618
3774.8113 2.025517 1.9665643 0.95213795 0.2904966
3778.3872 2.4918623 2.3233488 0.617786 0.29551867
3781.9634 2.4434457 2.2946513 0.8186735 0.29825833
3785.5396 2.0777972 1.9664354 1.1933916 0.29785085
3789.1155 1.8105814 1.831141 0.77628833 0.27764526
3792.6917 1.543157 1.5090499 0.7056309 0.2704659
3796.2676 2.3298006 2.2782636 0.9362927 0.29654256
3799.8438 2.7046387 2.6498106 1.0143942 0.30720884
3803.42 2.2371137 2.148838 1.3641706 0.30524737
3806.9958 2.1605637 2.0109558 1.367329 0.30262792
3810.572 2.3862474 2.2727392 1.1275629 0.30282784
3814.1482 3.1247282 3.0584276 0.6889065 0.3104212
3817.724 3.1235924 2.9644084 1.163273 0.32147014
3821.3003 2.9231136 2.7760634 1.4536874 0.32531393
3824.8762 2.5766966 2.5130227 1.1223515 0.3092316
3828.4524 2.6705894 2.5215945 1.1750221 0.3115819
3832.0286 3.1441412 2.9789858 1.0537072 0.3188009
3835.6045 2.524097 2.3354788 0.7114842 0.29747143
3839.1807 2.3893678 2.2638674 0.89362025 0.29905292
3842.7568 1.8169867 1.8202198 1.264622 0.29170555
3846.3328 1.9828955 1.8825449 1.0858635 0.29277283
3849.909 3.2878182 3.1738052 0.9539383 0.3209459
3853.4849 3.2318614 3.0794373 1.2649305 0.3254543
3857.061 2.7540734 2.5464833 1.330721 0.31827322
3860.6372 2.6863537 2.4867404 1.0194197 0.31049964
3864.2131 2.6166801 2.5685163 0.8844881 0.30114254
3867.7893 1.72804 1.774802 1.3398348 0.28960788
3871.3655 2.0020518 1.9298494 1.3305808 0.29799557
3874.9414 3.04134 2.8446155 1.2206417 0.32083288
3878.5176 3.5285702 3.2645187 1.3229922 0.3352328
3882.0935 3.504085 3.3430426 0.9200127 0.32479134
3885.6697 2.6601186 2.5980067 1.2664328 0.31265008
3889.2458 2.4703367 2.449465 1.3159863 0.30856344
3892.8218 2.6656504 2.5614872 1.5324163 0.31762412
3896.398 2.8846161 2.6417973 1.325187 0.3209549
3899.974 2.7827916 2.6808858 1.1667597 0.3167792
3903.55 3.5485787 3.3845046 1.4095734 0.33598828
3907.1262 4.266337 4.1222334 1.0748265 0.34158713
3910.7021 3.408104 3.291011 1.3696481 0.3328717
3914.2783 3.053215 2.8041139 1.328593 0.3258247
3917.8545 3.7182248 3.493331 1.0781213 0.33372885
3921.4304 3.6327367 3.4505901 1.3901873 0.3384679
3925.0066 3.3787277 3.13577 1.2524029 0.3292586
3928.5828 3.5102234 3.2516525 1.1252772 0.33078006
3932.1587 4.073841 3.9590006 0.9135533 0.33529514
3935.7349 4.079223 3.9276447 1.2820821 0.34372887
3939.311 3.2502706 3.1176088 1.479548 0.3308378
3942.887 4.290545 4.1163282 1.3690567 0.35011625
3946.4631 4.0474477 3.9546647 1.1467632 0.33932778
3950.039 3.7601144 3.6296093 1.5900356 0.3448376
3953.6152 4.4205365 4.274004 1.0758723 0.34645993
3957.1914 3.471629 3.3570428 1.2173746 0.3318036
3960.7673 3.7172227 3.500574 1.26428 0.33805266
3964.3435 4.44604 4.160085 1.0171257 0.34699208
3967.9197 4.5855803 4.370195 1.6483539 0.36282837
3971.4956 5.439534 5.148894 1.0894183 0.36744064
3975.0718 4.4745817 4.3805804 1.0126868 0.34658226
3978.6477 4.542041 4.443576 1.7676717 0.3653807
3982.2239 5.5575943 5.3349314 1.3901232 0.3752276
3985.8 6.230803 6.0157094 1.1843082 0.38523448
3989.376 6.2291846 5.9764147 1.442938 0.38856196
3992.9521 5.4073133 5.2303143 1.6294358 0.3778422
3996.5283 5.898748 5.6706953 1.6223243 0.3879968
4000.1042 5.0781064 4.9548535 1.6592963 0.3694808
4003.6804 5.3184104 5.234487 1.7057841 0.37641937
4007.2563 5.1877303 4.8988056 1.6925272 0.37467086
4010.8325 3.902875 3.8067582 1.2633622 0.33646703
4014.4087 4.5611286 4.294508 1.7783478 0.36500284
4017.9846 5.8332267 5.499277 1.465841 0.38477314
4021.5608 5.83609 5.475146 1.2535118 0.37948936
4025.137 6.1696186 6.045027 1.4088694 0.38782424
4028.713 5.857799 5.8073206 1.4960945 0.38182023
4032.289 5.6953497 5.4479713 1.3586732 0.37754962
4035.865 4.5903907 4.320384 1.7659295 0.36454925
4039.4412 5.381362 5.244718 1.6038077 0.37599102
4043.0173 5.3949533 5.1141477 1.4453168 0.3730963
4046.5933 5.348207 5.0218263 1.7918165 0.38069576
4050.1694 6.174724 5.9193954 1.3790967 0.38670895
4053.7456 5.806837 5.5481677 1.5364693 0.3823945
4057.3215 6.438629 6.1752906 1.2716955 0.39168397
4060.8977 7.1736 6.83276 1.4272017 0.40680313
4064.4736 6.513629 6.1715403 2.1454678 0.40745696
4068.0498 7.0067434 6.761164 1.6530067 0.40855995
4071.626 6.5292926 6.1190424 1.4360262 0.3958871
4075.202 5.7494345 5.5668087 1.953202 0.38891843
4078.778 6.204239 5.9417944 1.7065306 0.39261946
4082.3542 8.97814 8.566748 1.8863499 0.44388345
4085.9302 8.774875 8.314191 1.7622715 0.44102988
4089.5063 8.174645 7.91715 1.6480713 0.42820072
4093.0823 6.7478585 6.486446 1.7465754 0.4043588
4096.6587 7.361187 6.948861 2.3023686 0.42493024
4100.2344 9.383154 9.250172 2.0362806 0.4525538
4103.8105 10.195116 9.723466 1.7412235 0.4615006
4107.3867 8.217215 7.980192 1.5386124 0.4242648
4110.963 7.642572 7.6357512 1.7711277 0.41984084
4114.539 8.56953 8.334824 1.8488319 0.43381506
4118.1147 10.222017 9.906077 1.4565537 0.45720622
4121.691 7.9014707 7.615886 1.9319702 0.426214
4125.267 6.802118 6.4737225 1.7321281 0.4037502
4128.8433 8.412874 8.017792 1.8664964 0.4348577
4132.4194 12.38795 11.747889 1.4677908 0.48958415
4135.995 14.522144 13.923298 1.3426014 0.518997
4139.5713 14.946611 14.330806 1.4547709 0.5245457
4143.1475 13.734294 13.128458 1.6835653 0.51083064
4146.7236 13.373289 12.752057 1.8593137 0.5100277
4150.3 12.003956 11.571416 1.6057233 0.48405844
4153.876 12.937214 12.526996 1.4459974 0.49577224
4157.4517 14.378382 13.718321 1.7458113 0.52254516
4161.028 15.273486 14.529762 2.0071092 0.53882986
4164.604 16.674227 15.841623 2.072341 0.5574463
4168.18 16.31648 15.545304 1.9857695 0.5507295
4171.7563 17.51886 16.863754 1.8998253 0.56396466
4175.332 16.082739 15.294638 2.1054318 0.549735
4178.908 15.870871 15.114363 1.854746 0.54324293
4182.4844 15.031201 14.282201 1.6598362 0.53060365
4186.0605 10.701189 10.321015 1.747288 0.46771538
4189.6367 8.065405 7.8592973 1.8728411 0.42742303
4193.2124 8.469139 8.220382 2.1507258 0.44051406
4196.7886 8.982622 8.520414 2.2815874 0.45067888
4200.3647 7.9930778 7.7124643 1.808553 0.42512798
4203.941 10.841007 10.365057 1.1730622 0.45984566
4207.517 11.598416 11.208942 2.0911105 0.48890242
4211.0933 13.163283 12.6195755 1.955602 0.5101678
4214.669 13.022884 12.416982 2.1415155 0.5088664
4218.245 13.98644 13.342831 1.5665034 0.51305753
4221.8213 14.203458 13.527155 1.6622453 0.51819265
4225.3975 13.284164 12.734437 2.5478415 0.5171342
4228.9736 14.379083 13.839923 1.8963406 0.5243458
4232.5493 13.852579 13.219074 1.94711 0.5177135
4236.1255 14.500461 13.77885 1.9167413 0.52589417
4239.7017 14.238329 13.55806 1.6867113 0.5192843
4243.278 15.426663 14.807211 1.2232673 0.52821887
4246.854 13.666115 13.114013 2.1161697 0.5180688
4250.4297 14.479354 13.801095 1.5438181 0.51980543
4254.006 13.422799 12.82039 1.7658836 0.5080201
4257.582 13.711979 13.027286 2.143563 0.51874834
4261.158 13.513783 12.838824 1.9647415 0.5122379
4264.7344 12.406083 11.75172 1.3625278 0.48840824
4268.3105 11.511427 10.982993 1.794004 0.48109522
4271.886 11.081456 10.6835165 1.7734281 0.4735614
4275.4624 9.928062 9.46005 1.8701223 0.4583532
4279.0386 11.275079 10.844437 1.5089461 0.4709286
4282.6147 11.612581 11.02446 1.9047945 0.48603535
4286.191 11.44917 10.990888 2.0086007 0.48501262
4289.7666 11.905392 11.308732 1.8210866 0.4881368
4293.343 11.021429 10.583907 2.0539875 0.4784311
4296.919 10.156844 9.728253 1.9309313 0.46182644
4300.495 10.297576 9.823351 1.8182335 0.46223605
4304.0713 11.600838 11.156479 1.2585464 0.47274226
4307.647 10.864659 10.396352 1.889226 0.47397292
4311.223 10.65555 10.102659 1.906471 0.4710203
4314.7993 9.91901 9.625921 1.8667722 0.45773193
4318.3755 10.639429 10.160179 1.9971386 0.4709729
4321.9517 11.01013 10.590688 1.5065124 0.4687096
4325.528 10.048882 9.603073 2.105847 0.46356344
4329.1035 10.417039 9.955755 1.9940181 0.4670409
4332.6797 10.280687 9.802681 1.8537396 0.46223778
4336.256 10.866458 10.394756 1.8605299 0.4711076
4339.832 9.999699 9.634013 1.8121327 0.45730335
4343.408 10.877661 10.44563 1.8225124 0.4701441
4346.984 10.031254 9.739336 1.9828805 0.45736036
4350.56 9.549017 9.128611 1.9917932 0.45319715
4354.136 10.655966 10.12146 1.6952335 0.46625438
4357.7124 9.933319 9.516079 1.7817365 0.45402217
4361.2886 10.587683 10.221293 1.6907686 0.46271187
4364.8643 10.129996 10.030012 2.4913394 0.46673033
4368.4404 9.391519 8.895495 2.2217677 0.45306817
4372.0166 9.331784 9.014451 2.2902331 0.4512785
4375.593 9.382671 9.127296 2.5275276 0.45598385
4379.169 9.050399 8.567491 2.3337839 0.45079514
4382.745 8.844551 8.546933 2.0235455 0.44073397
4386.321 8.744609 8.343315 1.8620974 0.43727186
4389.897 8.125525 8.124661 1.8201842 0.42276824
4393.473 10.3101015 9.962757 1.3154913 0.45220497
4397.0493 9.092862 8.65599 2.562649 0.45381498
4400.6255 8.014048 7.70942 2.6437845 0.43639398
4404.201 9.098806 8.765173 2.135874 0.44643956
4407.7773 9.941282 9.448283 1.7812243 0.45590118
4411.3535 9.799401 9.343529 2.0997403 0.45682505
4414.9297 9.622088 9.173549 2.3909376 0.45939577
4418.506 9.483818 9.090869 2.1499817 0.45261982
4422.082 8.998694 8.711766 2.7791045 0.45322528
4425.6577 9.659524 9.277444 2.0863903 0.45520565
4429.234 9.902486 9.627341 2.1102614 0.45855147
4432.81 9.806009 9.424538 2.1886325 0.45887405
4436.386 10.193604 9.749504 2.135117 0.46362388
4439.9624 10.459011 10.039597 2.4105148 0.47162575
4443.538 9.748485 9.392302 2.7196794 0.4641269
4447.1143 9.896028 9.478011 2.2587416 0.46136272
4450.6904 9.518071 9.207621 2.8946993 0.46417964
4454.2666 9.552123 9.132507 2.3109453 0.4572049
4457.843 9.904165 9.729448 2.3672528 0.45977786
4461.4185 10.513836 10.134658 2.12026 0.4684029
4464.9946 9.84371 9.444593 2.7740543 0.4680727
4468.571 10.936036 10.420513 2.6107476 0.48187113
4472.147 10.637527 10.276621 2.3979359 0.4736972
4475.723 10.174242 9.809052 2.405457 0.46695945
4479.2993 11.388096 10.951467 2.30964 0.48342723
4482.875 10.304104 10.062493 2.1790118 0.46479568
4486.451 10.898262 10.572111 2.1090019 0.47366363
4490.0273 9.703646 9.362095 2.546484 0.4603751
4493.6035 11.322901 11.04619 1.8421885 0.47582874
4497.1797 10.818662 10.467646 2.1356301 0.47407293
4500.7554 10.710152 10.32568 2.4595504 0.47430226
4504.3315 10.417315 10.063827 2.6649663 0.47633716
4507.9077 10.118559 9.9567585 2.576984 0.46709153
4511.484 10.630518 10.363833 2.4075224 0.47353986
4515.06 9.504262 9.187404 2.524552 0.45667195
4518.6357 10.07272 9.827882 2.8569 0.47024488
4522.212 10.511551 10.08892 2.3273232 0.47123605
4525.788 10.266701 9.879077 2.6593158 0.47173145
4529.3643 10.586921 10.150861 2.4471862 0.47457758
4532.9404 10.627122 10.311727 2.8551304 0.48164642
4536.5166 9.376436 9.059935 2.6916127 0.4595795
4540.0923 10.706351 10.306814 2.214818 0.4726294
4543.6685 10.330929 9.943313 2.0604944 0.4633251
4547.2446 10.92556 10.499017 2.1544328 0.47404018
4550.821 11.928141 11.610643 2.199173 0.4892035
4554.397 11.062878 10.645427 1.915633 0.4733265
4557.9727 11.390867 10.873094 2.4918072 0.4875705
4561.549 11.367086 10.889211 2.282455 0.48440877
4565.125 11.222817 11.128898 2.2439585 0.47785923
4568.701 10.458898 10.005754 2.5807319 0.47407022
4572.2773 10.510144 10.171953 2.1590211 0.46860525
4575.853 11.649436 11.362832 1.5289255 0.4771236
4579.429 10.565877 10.209217 2.1495328 0.46915016
4583.0054 10.631086 10.205274 2.5970573 0.4772823
4586.5815 11.508772 11.296986 2.1366315 0.48082224
4590.1577 11.152157 11.042897 2.3818052 0.4803714
4593.734 11.308137 11.10568 2.4089615 0.48210287
4597.3096 10.19423 10.107157 2.204022 0.46139783
4600.8857 10.266186 10.045322 2.4981098 0.46930456
4604.462 10.726067 10.334537 2.1766515 0.47064582
4608.038 10.529294 10.219662 2.3465564 0.46972704
4611.6143 10.280609 9.866873 2.4044409 0.46776375
4615.19 10.160539 10.015434 2.5116935 0.4663327
4618.766 10.742845 10.461758 2.78321 0.4815233
4622.3423 10.999341 10.678218 2.3902128 0.47769156
4625.9185 10.794951 10.424774 2.8333635 0.48212025
4629.4946 10.648063 10.292972 2.6550434 0.47813544
4633.0703 11.863509 11.540224 2.2508838 0.48930886
4636.6465 11.566992 11.234415 2.5399952 0.48931393
4640.2227 11.182108 10.78763 2.5651565 0.4839207
4643.799 11.26941 11.089377 2.3302636 0.4812902
4647.375 11.406398 11.07273 2.3376746 0.48444137
4650.951 11.257031 11.07948 2.2622063 0.48022965
4654.527 10.43305 10.109945 2.5507092 0.47238937
4658.103 11.568191 11.660877 2.102067 0.47969368
4661.679 12.060155 11.669873 2.4440014 0.49482802
4665.2554 10.883393 10.5343 2.8618112 0.4837961
4668.8315 10.341388 9.910914 2.8757474 0.47581628
4672.407 10.503382 10.148357 2.8126216 0.47679666
4675.9834 11.0526285 10.810989 2.4627128 0.4802447
4679.5596 10.816906 10.473812 2.3787365 0.47467855
4683.1357 11.06505 10.816935 2.2432232 0.47544494
4686.712 11.930408 11.547095 2.7482445 0.49676108
4690.2876 11.462206 11.093072 2.7439175 0.48914957
4693.864 11.469931 11.034627 3.0513268 0.4944932
4697.44 11.93523 11.556068 2.863315 0.4988101
4701.016 11.9477415 11.65945 2.1281865 0.4869425
4704.5923 12.662336 12.315015 2.4839563 0.50266427
4708.1685 11.850786 11.509819 2.980309 0.49902683
4711.744 11.771065 11.3150835 2.9683535 0.49999675
4715.3203 12.650376 12.206125 2.5773675 0.5064089
4718.8965 13.457754 13.009268 2.0703135 0.5091803
4722.4727 12.150764 11.878634 2.3044322 0.49214914
4726.049 12.04856 11.70302 2.2726982 0.49041328
4729.6245 12.926525 12.539798 2.3252559 0.50520414
4733.2007 13.1625 12.782106 2.4377246 0.5095916
4736.777 13.173819 12.665477 2.282353 0.50792646
4740.353 12.567933 12.012464 2.4047647 0.5027157
4743.929 12.732944 12.305631 2.4727068 0.50371665
4747.505 13.417824 13.026623 2.1905673 0.50966644
4751.081 14.099442 13.814573 2.3595166 0.52157456
4754.657 13.352844 12.797116 2.666335 0.5167972
4758.2334 13.06314 12.455689 2.598265 0.511545
4761.8096 13.788284 13.28282 2.491366 0.5201121
4765.3857 14.187554 13.728427 2.808964 0.52887756
4768.9614 13.6348295 13.164122 2.0424953 0.5114059
4772.5376 14.3252 13.865787 1.4334222 0.5122131
4776.114 14.350624 13.747706 2.3894587 0.52703714
4779.69 13.698961 13.415567 2.5678358 0.51983637
4783.266 14.043586 13.609558 2.4581094 0.5221856
4786.842 13.069716 12.553383 2.8104842 0.51383984
4790.418 13.150649 12.757383 2.979401 0.5161587
4793.994 14.262309 13.889873 2.334609 0.52371657
4797.5703 13.372684 12.907712 2.4844732 0.5140464
4801.1465 13.894386 13.466364 2.5899365 0.5213079
4804.722 13.638976 13.22459 2.8724704 0.5209251
4808.2983 12.658639 12.273567 2.3476539 0.50222445
4811.8745 14.112284 13.5528345 2.6899076 0.52751887
4815.4507 13.114093 12.809735 2.325284 0.5083438
4819.027 14.205968 13.650988 2.3981812 0.52390003
4822.603 11.9232235 11.587004 2.5199912 0.49408522
4826.1787 12.909653 12.537839 2.3430233 0.50371
4829.755 12.083207 11.656946 2.7880476 0.50039744
4833.331 11.78223 11.333006 2.8957102 0.49642456
4836.907 12.396479 11.974757 2.822034 0.50514835
4840.4834 13.3881035 12.917794 2.455178 0.5142062
4844.059 12.817324 12.315835 2.296326 0.50376093
4847.6353 12.018134 11.609616 2.446191 0.4939251
4851.2114 13.282317 12.886576 2.206843 0.507958
4854.7876 12.10558 11.726989 2.40741 0.4958458
4858.364 11.2916 10.828825 2.6223788 0.48550346
4861.94 13.07858 12.699148 2.3671596 0.5070139
4865.5156 11.385642 11.009601 2.0708718 0.47933272
4869.092 12.158261 11.832523 2.2630646 0.49344736
4872.668 11.752919 11.274145 2.276456 0.48892546
4876.244 11.462493 11.089918 2.1333058 0.48048723
4879.8203 12.022564 11.716956 2.201997 0.48879924
4883.396 11.786549 11.393857 2.4145992 0.489489
4886.972 11.518428 11.08149 2.5161555 0.4873298
4890.5483 11.768689 11.289083 2.717252 0.49308884
4894.1245 12.6172495 12.308221 2.004753 0.49456924
4897.7007 12.332671 11.972605 2.1297407 0.4943585
4901.2764 12.264678 11.923817 1.9703579 0.48956895
4904.8525 11.785673 11.453872 2.4020507 0.48974
4908.4287 11.681054 11.179153 2.976418 0.49742395
4912.005 12.369363 11.958325 2.34199 0.49705797
4915.581 12.341425 11.9641695 2.3711627 0.49653375
4919.157 12.188447 11.770464 2.2372468 0.49287874
4922.733 12.396599 11.948031 2.3667328 0.4983119
4926.309 12.090555 11.647952 2.088924 0.49033526
4929.8853 11.776814 11.307275 2.4864335 0.49030876
4933.4614 11.827466 11.508445 2.4825203 0.49025032
4937.0376 11.750566 11.610213 2.2970774 0.48475394
4940.6133 11.884248 11.47818 2.6742377 0.4941059
4944.1895 12.802437 12.615512 1.742939 0.49321613
4947.7656 11.955043 11.526724 2.1634727 0.489884
4951.342 11.752236 11.380058 2.007203 0.48305085
4954.918 11.792113 11.448792 2.189928 0.48657307
4958.4937 12.086515 11.688866 2.3864596 0.49347797
4962.07 11.2673235 10.975447 2.782089 0.48595974
4965.646 10.517029 10.199628 3.0522451 0.4781025
4969.222 11.169398 10.826362 2.909192 0.48602435
4972.7983 12.818752 12.48982 2.0712237 0.49903044
4976.3745 12.167778 11.726986 2.2228093 0.4922195
4979.95 12.895172 12.43019 2.5302458 0.5069385
4983.5264 11.342597 10.99151 2.4198437 0.48173487
4987.1025 12.482023 12.059131 2.3956013 0.49995854
4990.6787 11.483268 11.06413 2.2635386 0.48284844
4994.255 11.740329 11.389484 2.837839 0.49426988
4997.8306 12.071644 11.661762 2.45293 0.49390197
5001.4067 12.152645 11.724837 2.6198223 0.4975406
5004.983 12.762284 12.443158 2.20534 0.4998823
5008.559 12.335584 12.096586 2.0108929 0.48987958
5012.1353 11.883654 11.443876 2.185681 0.48837215
5015.711 11.528178 11.175418 2.4610517 0.48680377
5019.287 12.403936 11.994427 2.7586677 0.5016669
5022.8633 12.028863 11.830324 2.2457817 0.4879974
5026.4395 10.883291 10.607838 2.3920524 0.4756283
5030.0156 12.957018 12.462522 2.2481651 0.5057691
5033.592 12.444373 12.126387 1.9278225 0.49175838
5037.1675 12.286738 11.895964 2.338443 0.4956992
5040.7437 10.823231 10.4462595 2.51758 0.47676685
5044.32 12.42931 12.009148 2.1429882 0.494943
5047.896 11.87459 11.526187 2.1973982 0.48743027
5051.472 12.095774 11.6643915 2.6776547 0.49777138
5055.048 12.659739 12.241756 2.1108813 0.49814358
5058.624 13.1723385 12.752163 2.029734 0.50543374
5062.2 12.812735 12.44259 2.1074266 0.49866262
5065.7764 12.649469 12.253691 2.4492352 0.5022329
5069.3525 12.745454 12.255044 2.3371434 0.5034482
5072.928 11.950441 11.540368 1.9450883 0.48464978
5076.5044 12.65764 12.425642 2.3519824 0.49928686
5080.0806 11.725657 11.414645 2.492908 0.48938578
5083.6567 12.0406275 11.687972 2.299678 0.49063045
5087.233 13.344755 13.0798435 2.2335234 0.5073143
5090.809 12.117326 11.7948065 1.8918252 0.48634678
5094.385 12.105971 11.671703 2.6125557 0.4968776
5097.961 12.486492 12.0829115 2.6353457 0.5011265
5101.537 12.880887 12.584278 2.4655507 0.5049034
5105.1133 12.244353 11.84978 2.5915906 0.49819955
5108.6895 12.245671 11.949751 2.3579235 0.49326757
5112.265 12.691041 12.367441 2.2276742 0.49951673
5115.8413 12.826668 12.383159 2.320454 0.50365466
5119.4175 12.819312 12.384757 2.4242342 0.50488776
5122.9937 12.4354315 12.104286 2.5441778 0.50132924
5126.57 12.276823 11.968449 2.4008455 0.49658805
5130.1455 13.176506 12.804039 2.0424213 0.5031245
5133.7217 12.611911 12.257312 2.3858936 0.5002142
5137.298 13.09991 12.713806 2.3290076 0.50650996
5140.874 13.537711 13.069677 2.3700025 0.5147705
5144.45 13.676883 13.384154 1.8288472 0.5064938
5148.0264 12.562274 12.119053 2.173488 0.49773303
5151.602 13.262752 12.881512 2.3395646 0.50932187
5155.178 13.546263 13.137389 2.267853 0.51195997
5158.7544 12.760027 12.356137 2.4720726 0.5041588
5162.3306 12.892491 12.628026 2.2889502 0.50297844
5165.9067 13.52076 13.002914 2.2437787 0.512182
5169.4824 14.335827 13.92104 1.9536746 0.52081543
5173.0586 13.406132 12.952955 1.8820039 0.5064561
5176.635 14.55095 14.018173 1.7137166 0.52057755
5180.211 14.509208 13.999115 2.1745105 0.5258979
5183.787 14.805709 14.474865 2.1095831 0.5265651
5187.363 14.630491 14.340466 1.750048 0.51979333
5190.939 14.482149 14.073537 2.0915997 0.5216167
5194.515 15.66197 15.192945 2.6956918 0.5467451
5198.0913 16.176104 15.694785 1.9471371 0.54402846
5201.6675 16.11822 15.657747 1.6794347 0.5392576
5205.2437 15.131605 14.703726 2.2877882 0.53374267
5208.8193 16.741411 16.235886 2.135247 0.5524357
5212.3955 16.802713 16.350117 1.6096876 0.54677683
5215.9717 16.860014 16.346067 2.6467257 0.5617792
5219.548 16.797281 16.298733 2.4270244 0.55814236
5223.124 16.978298 16.470171 2.3840332 0.56123585
5226.6997 16.172844 15.601592 2.087313 0.5472014
5230.276 18.335592 17.806719 2.835883 0.5827784
5233.852 17.963387 17.650034 2.6352406 0.574181
5237.428 19.042505 18.506691 1.7633412 0.5780654
5241.0044 18.190985 17.698338 2.4411213 0.57561374
5244.58 16.500883 15.975099 2.69953 0.5581725
5248.1562 18.71488 18.336155 2.0835109 0.5759852
5251.7324 19.952372 19.513388 2.6202765 0.5975612
5255.3086 20.366903 19.986685 2.2490299 0.59798276
5258.885 20.180689 19.78733 2.2615573 0.59655344
5262.461 19.93511 19.369902 2.330236 0.59667224
5266.0366 20.291206 19.684498 2.1037672 0.5977108
5269.613 21.10117 20.566507 2.4414887 0.6091249
5273.189 21.021843 20.386553 2.5111241 0.61160475
5276.765 20.67255 20.176535 1.8883965 0.598728
5280.3413 20.715506 20.153933 1.9265404 0.5994228
5283.917 20.84977 20.23007 1.9915836 0.60204226
5287.493 20.730953 20.135168 2.1007395 0.6009011
5291.0693 18.772255 18.475166 2.5859065 0.58373857
5294.6455 19.133541 18.573818 2.3745124 0.58640313
5298.2217 18.669165 18.259293 2.253038 0.5777716
5301.798 18.18257 17.740652 2.4270723 0.5739134
5305.3735 17.259073 16.864851 2.2563925 0.56021357
5308.9497 17.972816 17.484621 2.4851844 0.57379097
5312.526 16.953964 16.597366 2.3830822 0.55826247
5316.102 16.866604 16.45723 2.4162858 0.5580201
5319.678 16.863256 16.526245 2.2719676 0.5564287
5323.254 16.585848 16.337784 2.1242185 0.5501739
5326.83 16.77907 16.41387 2.2724571 0.55528593
5330.4062 15.116911 14.725556 2.6381931 0.5386947
5333.9824 15.434117 15.08835 2.440817 0.5397414
5337.5586 16.020348 15.598861 2.0637887 0.5422632
5341.1343 15.714486 15.282354 2.693488 0.54648274
5344.7104 15.017126 14.612483 2.4210408 0.53434145
5348.2866 14.846939 14.511832 2.2392204 0.5292521
5351.863 15.425294 14.968776 2.3295736 0.53823036
5355.439 13.710384 13.388576 2.1541946 0.5138208
5359.015 14.5829115 14.250817 2.1114652 0.52404743
5362.591 14.5448675 14.144926 2.2883356 0.5258459
5366.167 13.498934 13.188416 2.5292575 0.5146144
5369.743 15.113093 14.64086 2.489898 0.5366255
5373.3193 15.131883 14.895788 2.134549 0.53064436
5376.8955 14.206098 13.798209 2.144443 0.51978713
5380.471 14.674927 14.3075905 1.9214922 0.52242947
5384.0474 14.616849 14.288122 1.7421422 0.51976955
5387.6235 13.753582 13.637037 1.9052267 0.5094628
5391.1997 14.144748 13.965308 2.337055 0.52178407
5394.776 13.615426 13.395573 2.394462 0.51458275
5398.3516 13.05478 12.845119 2.126997 0.50222903
5401.9277 13.158033 12.765568 2.3216386 0.50760263
5405.504 14.177143 13.851748 2.1364782 0.51908237
5409.08 13.450161 12.99793 2.338262 0.5123652
5412.6562 13.987223 13.906409 2.0346465 0.5129316
5416.2324 13.507098 13.205871 2.239883 0.5093976
5419.808 12.1953745 11.828715 2.4131308 0.4950044
5423.3843 12.792292 12.572041 2.7256932 0.5073637
5426.9604 13.264516 12.853089 2.3916664 0.50944275
5430.5366 13.433334 13.199521 2.239715 0.50952077
5434.113 14.294835 13.9296465 1.7154309 0.5146258
5437.6885 15.080093 14.698295 2.3520682 0.5349829
5441.2646 13.9927845 13.735296 1.7598724 0.5101205
5444.841 13.99172 13.642793 2.5025783 0.5207033
5448.417 13.242439 13.100225 2.2692697 0.50742984
5451.993 13.24619 12.918966 2.6070957 0.51189315
5455.569 13.613616 13.17837 2.355993 0.51388407
5459.145 14.553033 14.191756 2.1784744 0.5246084
5462.721 14.123986 13.696257 2.783856 0.52736336
5466.2974 14.046345 13.701673 2.686637 0.52411026
5469.8735 12.997937 12.61963 2.4256723 0.50648326
5473.4497 13.615568 13.169251 2.2199867 0.5130851
5477.0254 14.849238 14.37636 1.8890818 0.52521604
5480.6016 14.285125 14.0043745 2.2675538 0.5208464
5484.1777 13.325867 13.183452 2.3912132 0.50967616
5487.754 13.475394 13.148304 2.2550387 0.5105498
5491.33 13.505352 13.121911 2.499463 0.51478267
5494.906 13.40366 13.134815 2.1931574 0.50901043
5498.482 12.925985 12.664552 2.3084338 0.5041536
5502.058 13.301881 12.973449 2.3294773 0.5088771
5505.6343 13.816166 13.389224 2.1158986 0.51434314
5509.2104 14.11546 13.804268 1.9146456 0.51488245
5512.786 13.179037 12.934095 1.9287558 0.5014774
5516.3623 13.290658 12.936872 2.5081756 0.51114964
5519.9385 13.471614 13.035102 2.7542145 0.5173259
5523.5146 13.882769 13.5649 2.237128 0.51615614
5527.091 14.193534 13.806804 1.7845279 0.5141913
5530.667 13.357258 13.075086 2.323839 0.5098289
5534.2427 13.491684 13.142352 2.695288 0.51680195
5537.819 13.235776 13.035127 2.150655 0.5055266
5541.395 13.415719 13.021567 2.1696944 0.5094293
5544.971 12.689713 12.268132 2.8587701 0.5076242
5548.5474 13.464734 13.253825 2.2395391 0.5093292
5552.123 13.195859 12.891231 2.135201 0.5049556
5555.699 13.973919 13.61237 1.8870478 0.51336867
5559.2754 14.373437 13.8618145 1.9032941 0.5191272
5562.8516 13.297418 12.974594 2.2184517 0.50782406
5566.4277 14.579403 14.363343 4.187783 0.54632026
5570.0034 12.220301 11.74529 7.525779 0.55582035
5573.5796 14.355381 13.924582 6.927136 0.5747657
5577.156 14.086704 13.954807 6.915029 0.56857693
5580.732 13.78112 13.608013 6.5933986 0.56218326
5584.308 13.742825 13.319291 4.202231 0.53862953
5587.8843 12.365869 11.896101 2.440331 0.49904534
5591.46 12.953727 12.583701 2.2917056 0.502894
5595.036 13.499907 13.0766115 2.0494206 0.5081701
5598.6123 13.109127 12.716727 2.2286258 0.5060415
5602.1885 13.979718 13.508706 1.9341984 0.5139691
5605.7646 12.669721 12.407261 2.0613582 0.49628252
5609.3403 13.399076 13.039644 2.2156434 0.50845903
5612.9165 12.477843 12.0892315 2.7498364 0.50386745
5616.4927 12.4903965 12.060666 2.7623482 0.50316
5620.069 13.318517 12.977444 2.1509101 0.50538814
5623.645 13.412213 12.914704 2.6330416 0.5152157
5627.2207 13.591266 13.131633 2.1287935 0.5117853
5630.797 13.354623 13.077545 1.9256574 0.50499827
5634.373 13.921665 13.591286 2.091825 0.5150499
5637.949 14.2355585 13.746553 2.2867987 0.5226102
5641.5254 13.07049 12.64508 2.7722664 0.5135846
5645.1016 12.484794 12.153473 2.602964 0.50090146
5648.6772 13.55226 13.10063 2.4608638 0.5159356
5652.2534 13.084594 12.509165 1.9470656 0.50254536
5655.8296 14.045253 13.653609 1.8647213 0.5147241
5659.406 12.853088 12.788397 1.9844406 0.49696016
5662.982 12.5250845 12.032361 2.292329 0.49977842
5666.5576 13.302858 12.927232 2.0519748 0.5053003
5670.134 12.821437 12.460815 2.5880992 0.5059968
5673.71 13.61491 13.197716 2.1133842 0.51137406
5677.286 13.453326 12.971504 2.1258829 0.51067865
5680.8623 12.483402 12.018459 2.3232317 0.49936083
5684.438 12.735458 12.374877 2.0876374 0.49738887
5688.014 13.275805 12.937411 2.4135735 0.51006955
5691.5903 13.332557 12.887974 2.1144164 0.5074365
5695.1665 13.2387085 12.852127 1.9291557 0.5022743
5698.7427 13.657918 13.219364 2.330124 0.51474416
5702.319 12.610328 12.180405 2.4148264 0.5005548
5705.8945 12.396116 11.984886 2.6226983 0.4998564
5709.4707 12.078761 11.775198 2.3884404 0.49170163
5713.047 12.643636 12.360646 2.0628018 0.4962292
5716.623 12.761816 12.292877 2.1271114 0.49986556
5720.199 12.15337 11.734223 2.5276859 0.49613044
5723.775 12.539265 12.132752 2.1254485 0.4962109
5727.351 13.107883 12.74952 2.1049638 0.50278044
5730.9272 13.008909 12.607757 2.448541 0.5069778
5734.5034 11.832375 11.411595 2.2563396 0.48831782
5738.0796 11.6207695 11.295045 1.9667242 0.48071402
5741.6553 13.249252 12.868069 2.1332152 0.5065511
5745.2314 12.088452 11.648018 2.5127668 0.49495503
5748.8076 10.795043 10.393922 2.3241785 0.47394073
5752.384 11.236592 10.8273535 2.649098 0.48510233
5755.96 11.798744 11.41146 2.5654147 0.49155256
5759.536 11.4494705 11.166561 2.4634209 0.48403174
5763.112 11.999709 11.729611 2.1519947 0.4898491
5766.688 12.887581 12.454965 1.5018417 0.49563938
5770.264 12.852168 12.366082 1.9029016 0.4997874
5773.8403 11.580441 11.233613 2.393508 0.48596546
5777.4165 11.77589 11.399214 2.2181616 0.48578262
5780.992 12.639329 12.348171 2.0393062 0.494957
5784.5684 12.241116 11.948712 1.8010851 0.4872672
5788.1445 11.255338 10.883223 2.1033895 0.47831938
5791.7207 12.424097 12.069714 2.1855838 0.49600717
5795.297 11.66287 11.369748 2.0657165 0.48186517
5798.873 11.38171 11.001245 2.3392673 0.4821311
5802.4487 12.454261 12.014547 2.2593021 0.4979568
5806.025 12.631165 12.186985 2.2372472 0.4989522
5809.601 12.152022 11.759975 2.410769 0.49494848
5813.1772 12.600431 12.3755665 1.9666392 0.49399185
5816.7534 12.045301 11.7052145 2.2404785 0.49033767
5820.329 12.288484 11.77802 2.4465134 0.49849564
5823.9053 13.078345 12.679195 1.8331602 0.49975115
5827.4814 11.879535 11.5071535 2.306957 0.4886852
5831.0576 12.200103 11.747933 2.2148945 0.4928787
5834.634 11.69872 11.233226 2.3902218 0.48797983
5838.2095 11.427147 10.9460335 2.5805426 0.4877624
5841.7856 11.489788 11.09305 2.5187628 0.48626328
5845.362 12.140156 11.707455 2.1112216 0.4908024
5848.938 11.191319 10.8650255 2.5298693 0.48096898
5852.514 12.370483 11.971367 2.1969697 0.49369228
5856.0903 11.12918 10.803688 2.4762557 0.47960305
5859.666 11.835232 11.59373 2.4025908 0.4881314
5863.242 12.703543 12.530731 1.8218918 0.49289083
5866.8184 12.992542 12.834002 1.835854 0.49641517
5870.3945 11.957275 11.673207 2.8351855 0.49599338
5873.9707 11.328589 10.971931 2.8711603 0.4885953
5877.5464 11.930893 11.536303 2.0567563 0.48626238
5881.1226 10.940276 10.642478 2.7782962 0.48044986
5884.6987 11.304118 11.370843 4.7251353 0.5066329
5888.275 11.125721 10.856489 7.5770245 0.54134065
5891.851 11.666753 11.365362 7.710352 0.5489667
5895.427 11.328219 10.950277 8.186581 0.5492023
5899.003 11.342504 10.985345 7.7764673 0.54520154
5902.579 12.04994 11.815168 5.2439494 0.5264235
5906.1553 12.706897 12.211301 3.597848 0.51817524
5909.7314 13.472344 12.92866 2.6402488 0.5172262
5913.3076 12.032211 11.562614 2.48016 0.49362805
5916.8833 11.302682 10.845401 2.4565418 0.48369727
5920.4595 11.831823 11.324692 2.1936483 0.48786873
5924.0356 11.107527 10.750397 2.514707 0.4806544
5927.612 11.014541 10.65082 2.4082005 0.4809612
5931.188 11.8123665 11.484661 1.7123867 0.48024842
5934.7637 10.823164 10.552446 2.1241627 0.47050813
5938.34 10.96163 10.629957 2.557563 0.47865608
5941.916 11.716399 11.340061 2.6890857 0.49202934
5945.492 11.841366 11.470894 2.0401523 0.4849043
5949.0684 11.565598 11.247794 2.2590337 0.48338857
5952.644 11.7455435 11.3541155 2.582117 0.49128795
5956.22 12.507982 12.144196 2.5909755 0.50154036
5959.7964 12.047199 11.615056 2.7649703 0.4980983
5963.3726 11.952141 11.467242 1.9743663 0.48708323
5966.9487 12.185145 11.694211 2.5038733 0.4983906
5970.525 12.278885 11.826744 2.5379503 0.49871668
5974.1006 12.038425 11.660304 2.374142 0.49171373
5977.677 12.754712 12.598569 2.060049 0.4965871
5981.253 11.900172 11.5938015 2.0301409 0.4842175
5984.829 11.426138 10.958911 2.549511 0.48737475
5988.4053 12.701497 12.313436 1.8858519 0.49516037
5991.981 11.698903 11.433981 2.163097 0.4845004
5995.557 11.634338 11.203946 2.432616 0.4890153
5999.1333 11.309374 10.92028 2.0119307 0.47721642
6002.7095 11.4029045 11.125285 2.1241534 0.47905686
6006.2856 11.222884 10.853526 2.1442971 0.47750926
6009.8613 11.859424 11.463092 2.4108515 0.4911255
6013.4375 11.797149 11.362026 2.1797476 0.48716563
6017.0137 12.083375 11.674744 1.9167663 0.48726046
6020.59 10.713433 10.348007 2.1512265 0.46864167
6024.166 10.606774 10.2920685 2.48329 0.47166702
6027.742 11.152895 10.717381 2.7313318 0.4863494
6031.318 11.404749 11.093442 2.4733138 0.48469016
6034.894 11.430676 11.108603 2.1737857 0.48161137
6038.47 11.117202 10.66063 2.5764835 0.48351085
6042.0464 11.641933 11.203898 1.9553428 0.48207244
6045.6226 11.594554 11.175104 2.174185 0.48342073
6049.198 12.28594 11.964927 2.2860034 0.49449134
6052.7744 11.642408 11.262618 2.1742637 0.4839653
6056.3506 11.307705 10.928374 2.0248172 0.47819006
6059.927 11.963976 11.512414 1.721627 0.48404634
6063.503 12.536387 12.071094 1.9972581 0.4950698
6067.0786 11.552583 11.212017 1.8698938 0.47991794
6070.655 10.772965 10.513217 1.849247 0.46697295
6074.231 12.265926 11.906866 2.1200914 0.49199098
6077.807 12.801 12.339303 2.0126119 0.4992042
6081.3833 12.7712755 12.420645 1.8828442 0.4962103
6084.9595 11.993243 11.635573 2.349665 0.49101043
6088.535 12.7837715 12.299134 2.3445368 0.5033076
6092.1113 12.975561 12.61535 1.653048 0.49537846
6095.6875 11.589751 11.222182 2.0107017 0.48100954
6099.2637 12.064194 11.676787 2.2461746 0.49209288
6102.84 11.955958 11.57808 2.1647928 0.4885966
6106.4155 12.726145 12.249944 1.990393 0.4978958
6109.9917 11.526527 11.10353 2.054534 0.4810397
6113.568 11.436143 11.005647 2.2448835 0.48274484
6117.144 11.93438 11.623523 2.027611 0.48549694
6120.72 13.225445 12.929498 1.8196949 0.50121754
6124.296 13.128944 12.726737 1.8682567 0.50230455
6127.872 12.252436 11.771057 2.227724 0.4951802
6131.448 12.362116 11.904274 2.1858413 0.49494964
6135.0244 11.356359 10.959948 2.3066697 0.48146322
6138.6006 11.692257 11.366899 2.2930212 0.48630682
6142.177 11.433099 11.128786 2.2343962 0.48243362
6145.7524 11.743058 11.34665 1.9453129 0.48327306
6149.3286 11.813476 11.357669 2.0476298 0.48538652
6152.905 12.06907 11.644611 2.2050645 0.49043494
6156.481 12.643889 12.286192 1.969968 0.49758935
6160.057 12.145968 11.731825 2.1596358 0.49352288
6163.633 12.547313 12.087284 1.8631352 0.4942212
6167.209 12.852713 12.418963 1.782324 0.49725187
6170.785 11.667065 11.201911 2.2329407 0.48669752
6174.3613 11.651062 11.3821745 2.1469204 0.48378548
6177.9375 11.410466 11.1645155 2.3443947 0.4835806
6181.513 10.377579 9.960765 2.554311 0.47377
6185.0894 11.668239 11.268832 1.8794556 0.48088455
6188.6655 12.893799 12.447195 1.2078027 0.48887596
6192.2417 12.289159 11.818433 1.5825073 0.4869068
6195.818 11.949303 11.501957 2.136971 0.48959693
6199.394 11.96704 11.636778 2.0018096 0.4867123
6202.9697 11.632135 11.247596 2.2476046 0.48675922
6206.546 12.093298 11.636989 2.1938221 0.49243614
6210.122 12.11329 11.69324 1.8747399 0.48785907
6213.698 11.7659025 11.321721 1.8944465 0.48411813
6217.2744 12.309958 11.879172 1.7323667 0.48920643
6220.85 11.821743 11.3778515 2.0168235 0.48546153
6224.4263 12.195951 11.788908 1.8993462 0.4898084
6228.0024 12.082621 11.740061 2.1409419 0.49141926
6231.5786 11.704914 11.352213 2.4254258 0.48964202
6235.155 11.919567 11.539397 2.057274 0.48736838
6238.731 11.254323 10.932514 2.2323012 0.47905692
6242.3066 11.043102 10.636265 2.0923648 0.4755095
6245.883 11.5005665 11.116309 2.1146882 0.48179236
6249.459 12.530118 12.133012 2.121109 0.49609885
6253.035 11.732667 11.304071 1.7257018 0.47969547
6256.6113 11.56703 11.219443 1.8584907 0.480576
6260.187 11.78006 11.337197 1.9663178 0.484833
6263.763 11.572672 11.194482 2.1416056 0.48276496
6267.3394 11.03371 10.641855 2.673704 0.48348862
6270.9155 10.411315 9.9327135 2.5571747 0.4728459
6274.4917 10.84654 10.474775 2.1605308 0.47169214
6278.0674 11.284998 10.959378 2.034763 0.47715148
6281.6436 11.144177 10.748275 2.1885269 0.47849557
6285.2197 10.861314 10.461428 2.2240646 0.47390822
6288.796 11.715661 11.425836 1.9224005 0.481851
6292.372 11.710098 11.46986 1.903803 0.48135433
6295.948 11.635231 11.308407 2.5117736 0.48842132
6299.524 12.101764 11.80996 3.1587782 0.50395757
6303.1 11.630106 11.261467 3.4560013 0.5028809
6306.6763 11.907567 11.483097 3.018893 0.498684
6310.2524 11.906792 11.519996 3.088453 0.49986812
6313.8286 11.7560835 11.310199 2.574763 0.49259168
6317.4043 11.621488 11.216808 1.9045895 0.48204035
6320.9805 12.062358 11.754829 1.7532334 0.48488313
6324.5566 11.984519 11.627134 1.7859819 0.48521137
6328.133 11.62195 11.452349 2.0334837 0.4836178
6331.709 11.669044 11.344958 2.3320467 0.48765162
6335.2847 11.296497 10.972329 2.2949114 0.48149168
6338.861 11.891103 11.634069 2.1779854 0.4863405
6342.437 13.401721 12.957366 1.7128398 0.50456995
6346.013 12.599832 12.118209 1.9395202 0.4957042
6349.5894 12.595231 12.137775 1.9918587 0.49686036
6353.1655 12.504969 12.041556 2.1556664 0.4971676
6356.741 12.028021 11.854449 2.195675 0.4905643
6360.3174 11.421857 11.375969 2.3904495 0.48537084
6363.8936 12.370647 11.988955 2.3751993 0.49716276
6367.4697 12.245429 11.911772 2.2384543 0.4933514
6371.046 11.454862 11.192744 2.287537 0.48318717
6374.6216 11.648169 11.319475 1.9577812 0.4814946
6378.1978 12.014572 11.52054 1.9849075 0.48770744
6381.774 11.607121 11.174047 2.1669805 0.48545477
6385.35 12.169792 11.8599415 2.174536 0.49288365
6388.9263 11.656179 11.332239 2.2776017 0.48707396
6392.502 11.953398 11.487738 1.5411057 0.48129436
6396.078 12.439955 12.0649805 2.0547931 0.49521223
6399.6543 12.650655 12.196314 1.8155133 0.49544874
6403.2305 12.280564 11.852869 1.9479135 0.4920536
6406.8066 12.081055 11.751226 2.2964883 0.49298453
6410.383 12.005417 11.514701 2.1862872 0.49073654
6413.9585 12.154362 11.784776 2.0324233 0.49089462
6417.5347 12.713958 12.38815 1.9446145 0.49649546
6421.111 13.253045 12.770491 1.9044318 0.5063342
6424.687 12.756642 12.359872 1.6053638 0.49367592
6428.263 13.674608 13.226572 1.9092988 0.5105024
6431.839 13.816854 13.278719 1.5226952 0.50813174
6435.415 13.546035 13.1011715 1.19056 0.4992519
6438.991 13.33475 12.852737 1.4655153 0.503571
6442.5674 14.632133 14.090197 1.294393 0.51667935
6446.1436 13.212956 12.805639 1.727031 0.5020056
6449.719 13.046063 12.695011 1.67354 0.49858737
6453.2954 13.932877 13.485477 1.246618 0.5044218
6456.8716 13.509971 13.065663 1.6069326 0.50564796
6460.4478 12.272528 11.844289 2.2998955 0.49922782
6464.024 12.740672 12.438904 2.3538065 0.50375515
6467.6 13.673337 13.15579 1.923887 0.5104496
6471.176 12.480299 11.967981 2.4335146 0.50232357
6474.752 12.886575 12.472193 2.5870805 0.5127258
6478.328 13.299499 12.903025 1.9439186 0.5052466
6481.9043 13.747264 13.391163 1.8001552 0.511554
6485.4805 13.657231 13.309464 1.980127 0.5124883
6489.056 14.508732 14.047732 1.8317183 0.5221591
6492.6323 13.437458 13.088947 1.9555167 0.51042974
6496.2085 13.789937 13.289984 2.004974 0.5154117
6499.7847 14.563296 14.00319 2.065634 0.52617145
6503.361 13.656183 13.20371 1.9930753 0.5116619
6506.9365 13.940372 13.598879 2.0282214 0.51748115
6510.5127 14.937216 14.377152 1.6848444 0.52631754
6514.089 14.93163 14.367662 1.7744868 0.52826154
6517.665 14.213775 14.00556 1.7762539 0.5168148
6521.241 13.629204 13.265266 2.0561814 0.51305497
6524.8174 13.34506 12.966494 1.7277896 0.5057155
6528.393 13.578025 13.025809 2.3493888 0.51746076
6531.969 15.28729 14.805933 1.7980514 0.53161174
6535.5454 13.815114 13.449433 1.9997534 0.51444554
6539.1216 12.958785 12.508249 2.4414034 0.51110303
6542.6978 13.296575 12.969083 2.0390892 0.5068527
6546.2734 12.958697 12.419633 2.0462902 0.5033379
6549.8496 13.052052 12.627022 1.9616826 0.50351834
6553.426 13.509669 13.327055 2.3047826 0.5143234
6557.002 12.635863 12.085559 2.016844 0.4987047
6560.578 13.203912 12.783982 2.1570518 0.50893295
6564.154 13.275628 12.972699 2.1553035 0.50900626
6567.73 13.011921 12.627026 2.066532 0.5044054
6571.306 12.456521 12.060298 2.1542826 0.4977097
6574.8823 12.886891 12.5584955 2.1549683 0.50383407
6578.4585 12.0307865 11.71842 2.5439951 0.49680632
6582.0347 12.507328 12.168184 2.0204372 0.49559087
6585.6104 12.169111 11.755355 2.1329753 0.4941868
6589.1865 11.381426 11.093264 2.2353685 0.48284587
6592.7627 10.9528675 10.738474 2.1122901 0.47648022
6596.339 12.016663 11.708419 2.5098047 0.49716967
6599.915 12.814293 12.374594 1.5838097 0.49572867
6603.4907 12.161857 11.85651 1.9873824 0.4909072
6607.067 11.515739 11.062866 2.5274627 0.49104872
6610.643 11.959094 11.5654745 2.0034316 0.48895317
6614.219 11.852613 11.531707 2.1197512 0.4891971
6617.7954 11.625767 11.256801 1.9270899 0.4816877
6621.371 10.337282 9.992395 1.9123898 0.46258906
6624.9473 11.060217 10.757763 2.0107584 0.47496748
6628.5234 11.934184 11.596054 1.6872392 0.48325077
6632.0996 11.431074 11.141609 1.7739644 0.47668654
6635.676 11.615674 11.1741085 1.4803412 0.47586134
6639.252 10.326453 10.095002 1.852789 0.4610412
6642.8276 10.33125 10.017924 2.2334592 0.46824348
6646.404 12.074119 11.680907 1.6257486 0.48529214
6649.98 10.855735 10.449514 1.8251234 0.46943304
6653.556 11.216408 10.736659 1.815213 0.47604162
6657.1323 10.756215 10.289576 2.0478373 0.4747915
6660.708 10.752004 10.312275 1.9331832 0.46968442
6664.284 11.067121 10.721207 1.7770202 0.47133338
6667.8604 11.1796465 10.753271 1.741023 0.47298443
6671.4365 10.271318 9.947574 2.3668902 0.46854922
6675.0127 10.915307 10.542224 1.5918741 0.4670718
6678.589 10.28142 9.978194 2.0641527 0.4634263
6682.1646 11.032248 10.623927 2.0037706 0.47482187
6685.7407 11.181105 10.704417 1.8950015 0.47572774
6689.317 9.262488 9.049337 2.1726062 0.450168
6692.893 10.551099 10.089759 1.3534615 0.46058834
6696.469 11.33026 10.886746 1.7605308 0.47533575
6700.045 10.878207 10.563017 1.7451879 0.4681496
6703.621 10.542276 10.121119 2.051475 0.4707051
6707.1973 9.504206 9.202055 2.414479 0.45732117
6710.7734 10.274096 9.934292 1.8495581 0.4606987
6714.3496 10.035586 9.642268 1.7769824 0.45570928
6717.9253 10.553316 10.106518 1.7801328 0.46412194
6721.5015 10.636144 10.22498 1.7168593 0.46438712
6725.0776 11.155444 10.889067 1.2661401 0.46571347
6728.654 10.602444 10.314521 1.7350317 0.4655426
6732.23 9.842035 9.483214 1.806866 0.4550461
6735.806 9.834561 9.657169 1.9248092 0.45624533
6739.382 10.2184105 9.944722 1.489879 0.45546442
6742.958 10.480677 10.211912 1.5381014 0.45904753
6746.534 9.849997 9.3844185 1.9218873 0.45605165
6750.1104 10.239986 10.02345 1.9119356 0.4618897
6753.6865 9.834341 9.7260065 1.7822047 0.45274362
6757.262 10.206222 9.69911 1.6036783 0.4573901
6760.8384 9.543113 9.257086 1.9585979 0.45196798
6764.4146 10.081203 10.042062 1.5094789 0.45111424
6767.9907 9.968353 9.78982 1.9248738 0.4565484
6771.567 9.266846 8.811169 1.7333285 0.4431444
6775.1426 10.141785 9.713958 1.9280201 0.46057412
6778.7188 10.29308 9.911028 1.7053807 0.4598623
6782.295 10.638366 10.259071 1.2890792 0.45736846
6785.871 10.718541 10.438934 1.8100096 0.46729133
6789.4473 9.991694 9.784244 1.4180913 0.44966623
6793.0234 10.526728 10.134727 1.7686665 0.46357444
6796.599 11.153797 10.866486 1.703737 0.47295853
6800.1753 10.377803 10.226988 1.3705578 0.45531484
6803.7515 10.854678 10.533031 1.0677245 0.45826536
6807.3276 10.481644 10.177492 1.383501 0.45630994
6810.904 9.676504 9.322239 1.988773 0.4553897
6814.4795 10.517979 10.032829 1.2120694 0.4573123
6818.0557 10.260184 9.868968 1.6549278 0.45803425
6821.632 9.181746 8.698216 2.1119494 0.4484086
6825.208 10.173666 9.750094 2.242117 0.4644819
6828.784 9.793989 9.475745 2.0798852 0.45816764
6832.36 10.022722 9.879721 2.4925785 0.4666209
6835.936 9.734838 9.435932 2.4237545 0.46107972
6839.512 9.343908 8.930185 2.5283387 0.45787066
6843.0884 9.77629 9.424199 2.1020427 0.45793498
6846.6646 9.874874 9.697568 1.7637812 0.45415542
6850.2407 9.836759 9.764928 1.7092797 0.44997826
6853.8164 10.421738 10.171564 1.7626051 0.4629945
6857.3926 9.938195 9.641494 2.2259603 0.46385202
6860.9688 10.339109 9.922105 2.1251984 0.46580777
6864.545 9.389857 9.086806 2.0722702 0.44945425
6868.121 7.788213 7.710691 2.3187382 0.42567712
6871.697 7.931148 7.9117584 2.0835001 0.425628
6875.273 8.307007 8.07652 1.7283925 0.42687446
6878.849 8.420589 8.170599 1.5677433 0.42769033
6882.4253 8.614544 8.438852 1.825108 0.43306625
6886.0015 8.539615 8.295023 1.6041743 0.42969567
6889.577 8.520292 8.294335 1.8074838 0.43181995
6893.1533 8.661757 8.448489 1.9730177 0.43661445
6896.7295 8.831884 8.572204 1.4461923 0.4310559
6900.3057 7.536533 7.1400723 2.0319834 0.41993618
6903.882 8.667447 8.455209 2.0104105 0.43727458
6907.458 8.175754 7.946523 1.6322393 0.42240423
6911.0337 9.035461 8.665504 1.9791164 0.44316402
6914.61 9.352478 9.059712 1.9220322 0.44772595
6918.186 9.064163 8.640628 2.01521 0.44578248
6921.762 8.551225 8.249323 2.0367205 0.43552378
6925.3384 10.397378 10.074918 1.3622391 0.4554678
6928.914 9.978464 9.629779 1.9959742 0.45706517
6932.49 9.223412 8.965281 1.9722446 0.44515383
6936.0664 9.846692 9.504848 1.6743696 0.4527091
6939.6426 9.5135765 9.273062 2.0269914 0.45123658
6943.2188 9.676607 9.380021 1.7001991 0.4479018
6946.7944 10.421106 10.046243 1.7512654 0.46094763
6950.3706 11.099685 10.72446 1.6193391 0.4697731
6953.947 10.168116 9.70539 2.0192423 0.46257257
6957.523 9.247207 8.909933 2.1777265 0.45070556
6961.099 9.269637 9.040076 1.655912 0.4429155
6964.6753 9.481845 9.25853 1.7797241 0.44852623
6968.251 9.398998 9.191767 2.0146906 0.45043525
6971.827 9.277843 8.956901 2.2988858 0.4524095
6975.4033 9.35758 9.029864 2.0331 0.4496851
6978.9795 9.196261 8.810259 2.1501024 0.44988275
6982.5557 9.583392 9.215283 1.8456888 0.44939557
6986.1313 9.809684 9.493368 1.9624615 0.4561522
6989.7075 9.640021 9.47553 1.823128 0.4511283
6993.2837 9.698582 9.370382 1.649016 0.44782296
6996.86 9.144399 8.809759 2.1425471 0.44832763
7000.436 9.330878 9.011387 1.8938679 0.44749185
7004.0117 9.328666 8.940776 1.5460795 0.4411471
7007.588 9.143853 8.850085 2.0945241 0.4469742
7011.164 9.5902605 9.255496 1.7633715 0.44967195
7014.74 10.033461 9.63114 1.5653688 0.45317528
7018.3164 9.188187 8.755887 1.853406 0.44736454
7021.8926 9.757346 9.375324 1.7918973 0.45424888
7025.4683 10.189401 9.838703 1.5693136 0.45470253
7029.0444 9.437274 8.977089 1.322884 0.4414859
7032.6206 9.404938 9.038879 1.7651083 0.44712016
7036.197 10.367814 10.0729265 1.5872333 0.45843786
7039.773 9.707229 9.3800955 1.7604926 0.45053753
7043.3486 9.267517 8.897984 1.7875338 0.44468653
7046.925 9.729448 9.465355 1.9948097 0.45640352
7050.501 9.049891 8.865788 2.12917 0.44579154
7054.077 9.8277025 9.433365 1.7707155 0.45194903
7057.6533 9.775606 9.381569 1.4579709 0.44788966
7061.229 9.368392 9.027801 1.5786659 0.4442816
7064.805 9.616738 9.158238 1.9484726 0.45409167
7068.3813 9.0963545 8.81248 2.0008726 0.4448617
7071.9575 9.404178 9.120313 1.8916388 0.44975728
7075.5337 9.454947 9.032625 1.7868892 0.44926378
7079.11 10.457967 10.148311 1.7702558 0.46202695
7082.6855 10.13698 9.907658 1.8014838 0.4569587
7086.2617 9.564364 9.26039 1.9523797 0.45094854
7089.838 10.12918 9.741192 1.4841708 0.45406538
7093.414 9.928429 9.5288 1.4711089 0.45231625
7096.99 9.329766 8.941967 2.0378592 0.45088947
7100.566 9.35546 9.018687 1.8422297 0.44736615
7104.142 9.623973 9.25193 1.8784187 0.45282707
7107.7183 9.4278 9.1299925 1.6389354 0.44548795
7111.2944 10.368817 9.977273 1.5868577 0.45946136
7114.8706 10.242638 9.831664 1.6495193 0.45846072
7118.4463 9.801671 9.485156 1.855653 0.45395213
7122.0225 9.20053 8.843618 1.9682891 0.44705686
7125.5986 9.635437 9.349698 1.4915216 0.44640028
7129.175 9.697195 9.274623 1.7845099 0.45301634
7132.751 9.560147 9.211602 1.9616274 0.45205617
7136.327 9.993948 9.802752 1.5960776 0.4514384
7139.903 9.964075 9.657417 1.9878476 0.4585151
7143.479 10.036327 9.74874 2.1724615 0.4631514
7147.055 9.027463 8.781839 1.8420676 0.4415874
7150.6313 9.592065 9.170652 1.7789383 0.4504214
7154.2075 10.134771 9.741932 1.8693595 0.46032375
7157.783 9.325311 9.009258 1.8689044 0.44722575
7161.3594 9.657454 9.22332 1.742098 0.45188788
7164.9355 9.918681 9.564434 1.7081162 0.45514777
7168.5117 9.412918 9.135511 1.2979734 0.4385837
7172.088 9.115213 8.962154 1.0928613 0.43037292
7175.664 8.643439 8.492683 1.548734 0.4308771
7179.2397 8.164799 7.89939 1.8174644 0.4276582
7182.816 8.655401 8.4186125 1.6837593 0.4337351
7186.392 8.430046 8.145304 1.8858379 0.43379724
7189.9683 8.940051 8.691895 1.6303943 0.43715796
7193.5444 9.193606 8.94819 1.6258944 0.4415068
7197.12 8.844308 8.443982 1.5173368 0.43298048
7200.6963 8.96279 8.700955 1.5759313 0.43661535
7204.2725 9.269588 8.998562 1.6025542 0.44328296
7207.8486 9.455179 9.031142 1.4047587 0.44200486
7211.425 8.838674 8.436262 1.9904457 0.44177684
7215.0005 9.036786 8.7134 1.6718049 0.43966928
7218.5767 9.442488 9.089728 1.3170266 0.4403895
7222.153 8.689821 8.388698 1.5636953 0.43093348
7225.729 8.291197 8.093912 2.1549091 0.43389094
7229.305 8.055688 7.677945 3.077923 0.44543788
7232.8813 9.092333 8.707598 2.8131304 0.45567182
7236.457 8.814372 8.442567 3.2054107 0.45688975
7240.033 8.665246 8.263165 3.5317292 0.46080592
7243.6094 8.651822 8.238172 2.7574024 0.44869787
7247.1855 8.663425 8.316137 2.3001673 0.44302094
7250.7617 8.628275 8.315717 1.7464107 0.43415862
7254.3374 8.829238 8.535958 1.4304688 0.43085015
7257.9136 8.803639 8.470014 1.7972534 0.43792444
7261.4897 7.9765944 7.727396 2.336963 0.43152046
7265.066 8.598634 8.317601 3.0767424 0.45097062
7268.642 8.774273 8.4245615 3.1048431 0.45537663
7272.218 9.044126 8.577147 3.2271233 0.4633319
7275.794 8.775435 8.45725 2.748596 0.44958603
7279.37 7.3303804 7.0675707 2.646338 0.4256305
7282.9463 7.81829 7.455311 2.3782094 0.43094298
7286.5225 8.704929 8.33301 1.9321171 0.43833235
7290.0986 8.929606 8.522578 1.8972051 0.44188094
7293.6743 8.427321 8.089642 1.7851297 0.43128386
7297.2505 8.023571 7.734439 2.0341196 0.42820767
7300.8267 8.332681 7.938336 2.4779248 0.44025788
7304.403 8.47147 8.267681 2.0594683 0.4336511
7307.979 8.751725 8.512375 2.1378875 0.43982103
7311.5547 8.648224 8.223813 2.7242656 0.44954407
7315.131 8.202291 7.9060903 2.3710597 0.43537053
7318.707 7.9066863 7.5803633 2.240247 0.4302413
7322.283 7.809282 7.43841 2.0357835 0.42569262
7325.8594 8.16463 7.8544846 2.38741 0.43379945
7329.435 8.453524 8.01118 2.6891363 0.44513386
7333.011 8.490693 8.119441 3.0684435 0.45161977
7336.5874 8.5551195 8.386642 2.7705653 0.4467264
7340.1636 9.022523 8.713646 1.8457345 0.44060847
7343.7397 9.311276 9.010962 1.8497528 0.44530594
7347.316 8.063492 7.801219 2.0564635 0.42992383
7350.8916 7.9432425 7.606374 2.363804 0.43289554
7354.468 8.570492 8.134144 2.5708067 0.44734904
7358.044 8.389035 7.991618 2.638763 0.44623372
7361.62 8.113137 7.804849 2.6864996 0.4403265
7365.1963 8.094968 7.7153907 2.7906823 0.44271767
7368.772 8.140662 7.7881603 2.295474 0.43553385
7372.348 9.146362 8.90249 1.6225983 0.43970668
7375.9243 8.480298 8.269472 1.5220784 0.4262437
7379.5005 7.71023 7.321837 1.7697957 0.41848215
7383.0767 7.894183 7.498257 2.3744428 0.43161368
7386.6523 8.355496 8.178461 2.1857815 0.43473685
7390.2285 8.948181 8.706085 2.0696158 0.44639996
7393.8047 8.778539 8.419114 1.8800324 0.43925187
7397.381 7.575013 7.171341 2.1103756 0.42156267
7400.957 8.316425 8.02382 1.9551637 0.4320929
7404.533 9.17209 8.968741 1.380283 0.43725073
7408.109 8.982461 8.715626 1.2021599 0.4317269
7411.685 9.015788 8.7046585 1.7576174 0.44144762
7415.261 8.331261 8.056947 2.1182487 0.4353077
7418.8374 8.026412 7.8114824 1.8182305 0.42492032
7422.4136 7.8510714 7.564743 1.9436404 0.42401856
7425.9893 8.0802145 7.7252407 1.8750612 0.42850807
7429.5654 8.354665 8.007189 1.8068271 0.43171057
7433.1416 8.222841 7.8902564 1.6871774 0.42657217
7436.718 8.011013 7.6805973 1.3601425 0.41777232
7440.294 7.4374595 7.115705 1.8055723 0.4161991
7443.8696 7.463402 7.206161 2.0185354 0.4196557
7447.446 7.4729443 7.183039 1.9658306 0.419604
7451.022 8.198497 7.8811007 1.6201775 0.42579597
7454.598 8.694814 8.391566 1.5471126 0.4314704
7458.1743 8.362178 8.001586 2.0201445 0.43584654
7461.7505 8.481262 8.133469 1.8042811 0.43246967
7465.326 8.174246 7.825879 2.2646313 0.43508166
7468.9023 7.537438 7.18549 2.7535293 0.43344086
7472.4785 7.335892 7.023997 2.1858985 0.42045078
7476.0547 7.458596 7.1692834 2.2745345 0.42426378
7479.631 7.424938 7.1153116 2.2071443 0.42071313
7483.2065 7.8484406 7.4666147 1.7259817 0.4216398
7486.7827 8.275888 7.90438 1.7063816 0.42961088
7490.359 8.88481 8.6672945 1.1615027 0.42782307
7493.935 8.924945 8.717689 1.3898541 0.4332606
7497.511 8.004484 7.7129154 1.6058351 0.42172596
7501.087 8.110531 7.682267 1.6925282 0.4244271
7504.663 8.359367 7.971993 2.387338 0.44053233
7508.2393 7.93185 7.6766896 2.4048243 0.4331354
7511.8154 8.484391 8.238803 2.0551605 0.43507212
7515.3916 8.395014 8.22512 2.0818148 0.4340114
7518.968 7.900398 7.5397754 1.9009511 0.42395493
7522.5435 7.8695917 7.5783505 1.6136843 0.4176122
7526.1196 8.583628 8.204512 1.182753 0.42527032
7529.696 8.333082 7.9187856 1.4229448 0.4254522
7533.272 8.278273 7.874929 1.6332716 0.42701823
7536.848 7.417036 7.184003 1.7251734 0.4115099
7540.424 7.326522 7.127844 1.8259609 0.4120007
7544.0 7.7162056 7.4339104 1.3574796 0.41517517
7547.576 8.38774 8.207226 1.0899485 0.419874
7551.1523 8.193634 7.9112563 2.0150697 0.43198842
7554.7285 7.5228324 7.1192994 1.8548558 0.4179057
7558.304 8.028381 7.6466904 1.9676136 0.42809752
7561.8804 7.161025 6.923431 2.3752835 0.4214286
7565.4565 7.834763 7.512821 1.9846592 0.42518732
7569.0327 8.031817 7.650898 1.2809321 0.4162016
7572.609 7.922073 7.550514 1.5378511 0.41883618
7576.185 6.1544776 5.8356547 1.539397 0.38894027
7579.7607 4.1576085 4.0453515 1.8312247 0.35530493
7583.337 3.6557312 3.6226468 1.0081676 0.32327786
7586.913 2.0860405 2.1230567 1.002725 0.28552857
7590.4893 2.9825726 3.2236514 0.5696932 0.29672956
7594.0654 2.8840559 3.0609004 0.5080285 0.29556054
7597.641 4.5599394 4.3117237 0.6417423 0.33875307
7601.2173 6.174562 5.9757166 0.82619274 0.3744051
7604.7935 4.0285273 4.1053047 1.5201164 0.34308773
7608.3696 5.0685205 4.9424047 1.6219777 0.36610767
7611.946 4.28494 4.1405897 0.8655966 0.33609146
7615.522 4.422413 4.207056 1.4533317 0.35136557
7619.0977 5.1487703 5.046237 0.3446726 0.34490314
7622.674 4.248346 4.14049 1.2924097 0.34699035
7626.25 4.3453197 4.2783995 1.1851089 0.3427602
7629.826 4.927404 4.891809 1.0302896 0.35354522
7633.4023 5.4785957 5.4250407 1.1109253 0.3673061
7636.978 6.274188 6.08277 0.8019746 0.3762687
7640.554 5.203301 5.1495094 1.682314 0.37303632
7644.1304 6.6650167 6.4256253 1.67687 0.4015889
7647.7065 7.179225 6.9945726 1.2954804 0.40169394
7651.2827 6.156413 5.9653125 1.5181832 0.38880837
7654.8584 6.946109 6.7928066 1.3961902 0.4000708
7658.4346 7.2706428 7.0815425 1.3712347 0.40391505
7662.0107 7.113177 6.8971343 1.3922144 0.40057373
7665.587 7.757961 7.6552553 1.3084114 0.41077685
7669.163 7.4537716 7.227311 1.3861146 0.40757063
7672.7393 6.9462047 6.6729193 1.538909 0.4049487
7676.315 7.483291 7.20369 1.6091895 0.41432974
7679.891 7.253071 6.9082494 1.682341 0.41001868
7683.4673 7.7246037 7.4599013 1.3142732 0.4114123
7687.0435 7.2749395 6.953998 2.080851 0.4167736
7690.6196 7.996459 7.9514427 1.8946456 0.42293847
7694.1953 7.070369 7.0407004 3.515169 0.43347043
7697.7715 7.3139734 6.9895563 3.5176806 0.43752256
7701.3477 7.8056655 7.506374 3.3669887 0.44363675
7704.924 7.39475 7.209831 3.029731 0.4307016
7708.5 7.868118 7.617513 2.3463137 0.42862654
7712.0757 7.565126 7.291039 1.7947017 0.4155138
7715.652 7.553731 7.3537164 1.7223992 0.41414058
7719.228 7.25634 7.090501 1.5618244 0.4082646
7722.804 6.9258056 6.5875716 1.6392128 0.4054576
7726.3804 6.7357903 6.488172 2.8528368 0.4200494
7729.9565 7.0574746 6.697442 3.1415033 0.42885542
7733.532 7.993062 7.595268 3.3419604 0.44789216
7737.1084 8.247258 7.896463 3.4764593 0.45347723
7740.6846 7.2354426 6.936247 3.1079433 0.43258876
7744.2607 6.831755 6.713929 2.4225926 0.4136009
7747.837 7.599684 7.2915063 1.9714769 0.4192744
7751.4126 7.599604 7.2862973 1.9372435 0.42047435
7754.989 6.696128 6.471003 2.0764558 0.40813515
7758.565 7.498489 7.085845 1.6055392 0.41445813
7762.141 8.330615 8.012584 1.731675 0.42987022
7765.7173 7.294948 7.1342125 2.0000918 0.41463134
7769.293 7.646314 7.334649 2.1911309 0.42272782
7772.869 8.326467 8.056948 2.630419 0.44090337
7776.4453 7.795565 7.617375 2.5788436 0.43076655
7780.0215 7.127552 6.8068213 3.0650594 0.42991537
7783.5977 7.458867 7.095522 2.6101556 0.42916372
7787.174 8.126512 7.6959863 1.9330268 0.42904213
7790.7495 7.171161 6.8873215 1.9226205 0.4123973
7794.3257 7.558938 7.3944063 2.0108552 0.42027032
7797.902 7.419637 7.1263547 2.7046819 0.427254
7801.478 7.98492 7.849169 2.7097838 0.43553498
7805.054 8.05956 8.145549 2.6439354 0.4352453
7808.63 7.856209 7.5423656 2.6500957 0.4358093
7812.206 7.176516 6.936701 2.38915 0.41898924
7815.782 7.8983836 7.565302 2.057243 0.42870533
7819.3584 8.088167 7.763301 1.917289 0.4267958
7822.9346 7.639998 7.2718215 1.8027111 0.41926306
7826.5103 7.6926546 7.405105 2.5393639 0.4339507
7830.0864 7.077217 6.945335 2.9169114 0.42331126
7833.6626 8.143623 7.797355 2.7345173 0.4409185
7837.239 7.62366 7.132866 3.03458 0.43937892
7840.815 7.3227544 7.1036954 3.4018447 0.43561667
7844.391 8.166213 7.8004003 2.6558504 0.44007415
7847.967 7.7354603 7.3359647 2.6263013 0.4319011
7851.543 6.8201623 6.6611547 2.6467357 0.41741875
7855.119 8.146976 7.9318905 1.8727975 0.42743295
7858.6953 7.656409 7.277636 2.0137982 0.4232565
7862.2715 7.388273 7.06449 2.0146317 0.41834855
7865.847 8.391289 8.078499 2.3077698 0.43691212
7869.4233 7.546885 7.4689965 2.637739 0.43102363
7872.9995 7.768108 7.7301755 2.134906 0.42453516
7876.5757 7.3549643 7.1250315 2.276483 0.42169958
7880.152 7.8377013 7.6037164 1.5032927 0.41683522
7883.7275 7.754391 7.4908504 1.7810622 0.41980746
7887.3037 7.768126 7.397185 2.8016555 0.4371528
7890.88 7.7911944 7.568678 3.185293 0.44061425
7894.456 7.408236 7.3151474 3.3960714 0.43621966
7898.032 8.018049 7.8884196 3.8188198 0.45238328
7901.6084 7.7074504 7.468685 3.6261492 0.44521284
7905.184 7.8284373 7.684378 2.5493462 0.43173864
7908.7603 7.525345 7.3611555 2.455136 0.42501542
7912.3364 7.021942 6.6790338 2.2532053 0.41475758
7915.9126 7.6499276 7.4069242 1.6377834 0.41588107
7919.489 7.4102235 7.251706 1.6961396 0.41233513
7923.0645 7.7619114 7.5641212 1.415077 0.41297963
7926.6406 8.455258 8.135751 1.5035326 0.42627007
7930.217 8.287235 7.8861666 1.8679731 0.43195757
7933.793 7.6413536 7.456168 1.8809805 0.41910738
7937.369 7.241698 7.250042 2.035245 0.41241574
7940.945 7.7499623 7.6493206 2.6267955 0.43113947
7944.521 8.143745 7.7334228 2.2832804 0.43343785
7948.097 8.36672 8.279609 2.1430035 0.4337131
7951.6733 7.3779306 7.216898 3.0453236 0.43300286
7955.2495 6.9745126 6.9572415 2.4206865 0.4144162
7958.8257 7.2395234 7.1002855 1.5643637 0.4058902
7962.4014 8.059086 7.9063816 1.927899 0.42498124
7965.9775 8.518337 8.096277 1.8011369 0.4332145
7969.5537 8.589271 8.251993 2.3007798 0.44150165
7973.13 7.4341416 7.246988 2.5981362 0.42480263
7976.706 7.611397 7.333521 2.5810766 0.43035033
7980.2817 7.443938 7.360208 2.502828 0.42345303
7983.858 7.2102814 7.013678 1.7542112 0.41151264
7987.434 7.4178276 7.161841 1.4103198 0.40864262
7991.0103 6.6547976 6.2836337 2.1746922 0.40887597
7994.5864 7.2987833 6.8651495 1.5876676 0.41102523
7998.162 7.442563 7.054879 2.0921166 0.4216246
8001.7383 7.515206 7.1288548 2.3883295 0.426994
8005.3145 7.137838 6.9307446 2.169611 0.4144313
8008.8906 7.138644 6.8897767 2.1818595 0.4155061
8012.467 7.434428 7.1367807 2.197464 0.42101505
8016.043 7.705235 7.39212 1.5337687 0.41545257
8019.6187 7.5474286 7.235767 1.3107786 0.40930825
8023.195 6.680971 6.406224 1.5242851 0.39658242
8026.771 6.919249 6.6741757 1.6930124 0.4037099
8030.347 7.7188187 7.7032666 1.996953 0.42166448
8033.9233 7.8933544 7.8279476 1.6126664 0.4197702
8037.499 7.6841245 7.3432837 1.7054316 0.41916263
8041.075 7.222255 6.927115 1.6122549 0.40809238
8044.6514 7.293108 7.031127 1.4504443 0.4088524
8048.2275 6.9003425 6.5781617 2.319982 0.41699648
8051.8037 8.020156 7.6956205 1.4920093 0.42033136
8055.38 7.3649864 6.9698453 1.4870912 0.40965506
8058.9556 6.927602 6.8097873 1.2911222 0.39660925
8062.5317 7.4380484 7.1038914 1.1772592 0.40437686
8066.108 7.7053123 7.428905 1.6552604 0.41619092
8069.684 7.683855 7.4901032 1.6069806 0.42031682
8073.2603 6.1913757 5.9849157 1.8072848 0.3940983
8076.836 7.0918713 6.7128305 1.8078766 0.4101415
8080.412 8.274649 8.022122 1.6674844 0.42759827
8083.9883 6.7917776 6.6184735 1.9031774 0.4052597
8087.5645 6.7464385 6.6274905 1.5170196 0.39626506
8091.1406 6.8877215 6.6176176 2.1328466 0.4127404
8094.7163 7.254242 7.044148 1.0127552 0.39802793
8098.2925 7.7668934 7.4454317 0.6140707 0.40064546
8101.8687 6.903809 6.7016783 1.441104 0.3993867
8105.445 7.0756106 6.937374 1.4304692 0.4020399
8109.021 6.8717813 6.568288 1.3218719 0.39872584
8112.597 6.5454025 6.2496667 1.4898039 0.39438713
8116.173 6.96032 6.742861 1.3567994 0.39829534
8119.749 6.0537887 5.9241548 1.5136997 0.38511008
8123.325 6.3520737 6.227189 1.7420813 0.3945045
8126.9014 7.205612 6.984101 1.2934327 0.4038741
8130.4775 6.9020576 6.5723796 1.3352877 0.39866304
8134.053 6.748683 6.484421 1.452708 0.3961039
8137.6294 6.0380507 5.7393847 1.8941224 0.39169738
8141.2056 6.789973 6.66192 1.230108 0.39285734
8144.7817 7.0200286 6.7415895 0.5273017 0.38605094
8148.358 6.816692 6.5723057 1.308726 0.39583358
8151.9336 6.430357 6.3289084 1.2419186 0.38676438
8155.51 6.970026 6.729654 1.27556 0.39718506
8159.086 6.2943716 6.021545 1.5462375 0.39111838
8162.662 7.0261316 6.6359797 1.2629292 0.39942104
8166.2383 6.1901126 5.9178753 1.610489 0.3924496
8169.8145 5.8345914 5.515357 1.8192111 0.38821942
8173.39 5.705585 5.667694 1.338511 0.37499532
8176.9663 6.1350927 5.9621453 1.3089961 0.38441545
8180.5425 5.8238916 5.655793 1.4680618 0.37997246
8184.1187 6.8451867 6.587533 1.1224784 0.39315864
8187.695 6.788985 6.4268904 1.2504233 0.39600462
8191.2705 6.080787 5.8176827 0.95684487 0.3771085
8194.847 5.9685693 5.769717 1.2169563 0.38133875
8198.423 5.6107507 5.4818296 1.7931839 0.38423097
8201.999 6.7836647 6.510108 0.9013547 0.38680273
8205.575 6.2259502 6.0021667 1.2122009 0.38206446
8209.151 6.368179 6.093013 1.1322627 0.38461292
8212.728 5.8813295 5.751468 1.4295583 0.37902355
8216.304 5.9157887 5.8137774 1.0487056 0.3722882
8219.879 7.163979 6.8052006 1.2423689 0.40231046
8223.455 5.872787 5.6511097 1.4643221 0.3837319
8227.031 5.823471 5.5597425 1.7489309 0.38643885
8230.607 7.089185 6.823344 1.2441804 0.39912343
8234.184 6.2861247 6.0425706 1.1813177 0.38336435
8237.76 5.911957 5.693525 1.5474459 0.38472646
8241.336 6.524766 6.2635427 0.99567133 0.38729846
8244.912 6.1092405 5.8267417 1.09873 0.37867823
8248.488 6.6631556 6.4655457 0.84797263 0.38546595
8252.064 6.4359355 6.1790166 1.1825434 0.38840052
8255.641 6.5416126 6.1623063 1.3343055 0.3924192
8259.216 6.1764045 5.8884177 1.9699945 0.3962684
8262.792 5.789334 5.4525633 2.8832934 0.40591893
8266.368 6.6696177 6.218075 2.8028648 0.42047185
8269.944 6.378515 6.065316 2.8683095 0.41361427
8273.5205 6.5507555 6.233719 2.689024 0.41403538
8277.097 6.6474648 6.3197346 2.785698 0.4175079
8280.673 6.30271 6.0347915 2.3825321 0.4034992
8284.249 6.5563774 6.249866 2.180698 0.40598753
8287.825 5.7765465 5.4969473 2.6957395 0.40095648
8291.401 6.6140623 6.240126 1.4845943 0.39521953
8294.977 5.870369 5.55126 1.4316585 0.38064596
8298.553 6.2055516 6.0622063 1.325701 0.3867042
8302.129 5.875392 5.7032056 1.1181167 0.3765009
8305.705 5.6533413 5.531932 1.3442391 0.3745405
8309.281 6.2018037 6.027914 1.4662893 0.3883198
8312.857 6.2423 6.1019816 1.306154 0.38721293
8316.434 5.96046 5.7417192 1.2293525 0.3787086
8320.01 5.944774 5.680194 2.6477203 0.40216386
8323.586 5.7709785 5.519905 3.948052 0.4223229
8327.162 6.0599465 5.809771 4.1755366 0.43013644
8330.738 6.2512054 6.0239377 4.4290333 0.43487686
8334.313 6.507741 6.251214 3.7252731 0.4274297
8337.89 7.2001386 6.965266 2.302193 0.41814092
8341.466 6.034119 5.849382 1.9654778 0.39105856
8345.042 6.015473 5.9265904 2.0037794 0.39064944
8348.618 6.2920055 6.0703692 1.2879593 0.3855894
8352.194 6.124173 5.918391 1.4968961 0.38872075
8355.7705 6.065894 5.76839 1.4980428 0.3868022
8359.347 6.200036 5.87218 1.6987122 0.39312983
8362.923 5.4711313 5.3013434 1.5259181 0.3753445
8366.499 5.6649814 5.415852 1.917699 0.3860556
8370.075 6.1763134 5.824635 1.6739225 0.39202064
8373.65 5.971771 5.779077 2.1531549 0.3944348
8377.227 5.2342043 5.087393 2.8147724 0.39210105
8380.803 5.286006 5.062973 3.2510674 0.39994016
8384.379 5.9217906 5.6946707 3.2634165 0.41073006
8387.955 6.0373163 5.890969 3.1418903 0.41094628
8391.531 6.335373 6.2428064 2.5808678 0.40642405
8395.107 6.8010817 6.6198254 1.6069399 0.40026096
8398.684 6.497747 6.262194 1.6284637 0.39716542
8402.26 5.9572263 5.7654305 1.7525871 0.38642618
8405.836 5.128413 4.920162 2.9651842 0.39201203
8409.411 5.585489 5.3334374 3.7924542 0.4168977
8412.987 5.7173934 5.3722086 3.492562 0.41325483
8416.563 5.1590962 4.8087316 3.0284665 0.39611393
8420.14 5.229035 4.911048 3.4113626 0.4036776
8423.716 6.0717807 5.8354564 2.1919725 0.39819932
8427.292 5.8019123 5.787023 1.1822557 0.37400267
8430.868 4.887349 4.7716374 1.7403516 0.3668297
8434.444 5.703265 5.413306 1.8080056 0.3850071
8438.0205 6.1579676 5.9583936 1.3778796 0.3856462
8441.597 5.7082877 5.567228 2.1831021 0.38952327
8445.173 5.9413586 5.789283 2.5611799 0.39882752
8448.748 6.1946216 6.153311 2.1914096 0.3977149
8452.324 5.666086 5.5445194 2.6336432 0.39785263
8455.9 5.571228 5.2046623 2.477604 0.3942104
8459.477 6.253812 6.054901 1.7166098 0.3933277
8463.053 5.369348 5.406854 0.9486578 0.36004457
8466.629 5.8092217 5.778593 1.1762115 0.3744831
8470.205 5.7452445 5.470102 1.1968472 0.37468702
8473.781 5.6193185 5.350772 1.3647686 0.37642163
8477.357 5.9755864 5.746564 1.2002504 0.37997818
8480.934 5.807678 5.558185 1.5063608 0.38030612
8484.51 5.861838 5.511871 1.870966 0.38963276
8488.085 6.2749357 5.8814087 1.9945763 0.39957076
8491.661 5.0964165 4.7746863 2.3465114 0.3860071
8495.237 4.915915 4.6047554 2.2503278 0.38113672
8498.813 5.4113564 5.2036376 1.580058 0.37566495
8502.39 5.4549494 5.2522373 0.96979344 0.36567274
8505.966 5.747142 5.467484 1.0210125 0.3709929
8509.542 5.297989 5.200362 1.2968192 0.36629015
8513.118 6.100155 5.9281225 0.7742265 0.3735122
8516.694 6.053912 5.8555346 1.1067353 0.37854746
8520.2705 5.1898203 4.8954287 1.1033542 0.36324844
8523.847 5.8237247 5.6272364 1.1881114 0.37528038
8527.422 5.6612043 5.579629 1.2813385 0.37291226
8530.998 5.371796 5.2470894 1.3790195 0.37062475
8534.574 5.8976927 5.6413417 1.1697124 0.37619787
8538.15 5.4109716 5.1219 1.3911065 0.3726177
8541.727 5.870609 5.572554 1.2912163 0.3793377
8545.303 5.353185 5.069415 1.4245574 0.37034875
8548.879 4.767501 4.4966593 1.5110617 0.3612928
8552.455 5.6157055 5.3706536 1.0300239 0.36938253
8556.031 5.199758 4.969022 1.2270484 0.3647744
8559.607 4.8182063 4.572694 1.5641755 0.36299586
8563.183 5.5102725 5.30925 1.1167989 0.36772257
8566.759 4.435287 4.186631 1.4186472 0.35425124
8570.335 5.1670213 4.8354774 1.3940245 0.36888257
8573.911 6.0454655 5.753657 1.0052984 0.37594745
8577.487 5.2962236 5.216775 1.4605372 0.36722544
8581.063 6.027753 5.7705073 1.1611648 0.3787118
8584.64 5.3205466 4.997262 1.3870722 0.36992568
8588.216 5.123446 5.0808706 1.3540018 0.36463463
8591.792 5.135255 5.0541034 1.3067663 0.36311466
8595.368 4.724369 4.6149006 1.2311428 0.35178122
8598.944 4.965616 4.77095 1.3129363 0.36144006
8602.52 4.8701096 4.6466184 1.5879643 0.36426958
8606.096 4.5065007 4.426824 2.1314967 0.36545658
8609.672 5.058126 4.9183397 2.545618 0.38612038
8613.248 5.5358825 5.3372865 2.2213008 0.38583687
8616.824 5.7235007 5.479197 2.6047306 0.39856714
8620.4 5.4556537 5.1493382 3.2246072 0.40487006
8623.977 5.0744863 4.9601808 2.3619742 0.38120347
8627.553 4.92502 4.75184 2.5656555 0.3825822
8631.129 5.43524 5.426316 1.9322346 0.37720886
8634.705 5.0181065 4.873968 2.2869275 0.3770396
8638.281 4.422209 4.360521 2.7899458 0.37485337
8641.856 5.5095654 5.28952 2.7161136 0.39604142
8645.433 5.1327906 4.7767434 2.9534764 0.3940897
8649.009 4.883848 4.5719547 3.0892782 0.39151746
8652.585 5.588201 5.359606 2.5721579 0.39282086
8656.161 5.3807683 5.1768355 2.2480168 0.38371596
8659.737 5.001401 4.7444243 2.3507414 0.38222545
8663.313 4.8044443 4.7258234 2.2938652 0.3733582
8666.89 4.9609914 5.030747 1.9519812 0.36873245
8670.466 5.1784954 5.034576 1.3707149 0.3643278
8674.042 5.269091 5.0576315 1.5575638 0.37054542
8677.617 6.0340014 5.7175736 1.1899943 0.37935808
8681.193 6.027401 6.0888615 0.6561696 0.36575958
8684.77 5.069228 4.8858743 1.1070031 0.35874707
8688.346 4.6143765 4.392946 1.2809066 0.352426
8691.922 5.087852 4.869757 1.2633121 0.36187786
8695.498 5.1857977 5.083019 1.0023977 0.3604033
8699.074 4.8644223 4.81485 0.858012 0.35016692
8702.65 4.4388223 4.2582183 1.4048873 0.35213068
8706.227 4.422883 4.22361 1.3558602 0.3512112
8709.803 5.0279255 4.769464 0.71510005 0.3516496
8713.379 5.2479525 4.910582 0.9222849 0.36303958
8716.954 5.2518406 4.9907026 0.96721834 0.3632061
8720.53 5.2828217 4.970208 1.1136476 0.36497748
8724.106 5.348813 5.207826 0.98475176 0.3617791
8727.683 4.307335 4.174975 1.2576014 0.3447164
8731.259 5.110066 4.9063106 1.3646252 0.3646204
8734.835 5.015743 4.8080482 0.981608 0.35643142
8738.411 4.6464777 4.4479694 1.166775 0.35047564
8741.987 4.6819615 4.5428357 1.1832043 0.35237145
8745.563 4.7601395 4.6587887 1.6745408 0.36328396
8749.14 4.6294613 4.4746456 2.3781538 0.37211275
8752.716 4.855805 4.665001 2.763675 0.38275167
8756.291 5.02171 4.8944845 3.1418202 0.39174664
8759.867 4.8071184 4.673229 3.4601867 0.3929098
8763.443 5.03319 4.724345 4.0990877 0.41039467
8767.02 4.696614 4.383318 4.1467032 0.40415782
8770.596 4.5131245 4.3891783 3.084348 0.38033625
8774.172 3.7211332 3.5005631 3.3942747 0.37565947
8777.748 4.7738523 4.545794 2.8054006 0.38266146
8781.324 4.2264314 4.1406293 1.9343175 0.3548533
8784.9 4.530857 4.3347306 1.9631265 0.36414623
8788.477 4.4211617 4.139084 2.187998 0.36790544
8792.052 4.0716205 3.9168272 1.6113324 0.34932184
8795.628 4.55895 4.421782 0.95329994 0.34450716
8799.204 4.594466 4.4421463 0.9395052 0.34483945
8802.78 3.9435582 3.7452323 1.305918 0.34066302
8806.356 3.9056933 3.669227 1.5531873 0.3442373
8809.933 4.38004 4.279309 1.4947976 0.35117722
8813.509 4.817983 4.671516 2.2976525 0.37287295
8817.085 4.851581 4.672976 4.2069416 0.40416065
8820.661 4.351912 4.086443 4.247194 0.39806288
8824.237 6.0775795 5.870163 4.5512137 0.43159512
8827.813 5.3613367 5.2300067 5.228233 0.4277177
8831.389 5.7108574 5.3990574 3.2541234 0.40894818
8834.965 4.720994 4.5232453 2.3410566 0.37367052
8838.541 3.8314161 3.6698906 2.910822 0.3659649
8842.117 4.413248 4.232863 1.972461 0.36169937
8845.693 4.5813346 4.448598 1.313024 0.35145867
8849.27 4.579839 4.3776197 1.7113737 0.35839966
8852.846 4.2196717 4.0408325 1.6309805 0.35100263
8856.422 4.3144403 4.1831694 1.4534225 0.34997353
8859.998 5.5234256 5.244465 1.4168235 0.37296873
8863.574 4.5896306 4.3940697 1.6069777 0.3568919
8867.15 5.0260973 4.890088 1.7355694 0.37009382
8870.726 4.943232 4.821887 1.3780196 0.3597231
8874.302 3.521223 3.3506396 2.953207 0.36178762
8877.878 4.649352 4.5102453 3.4131474 0.38825676
8881.454 4.369726 4.227657 3.1079185 0.38160253
8885.03 4.429144 4.2160516 3.5789695 0.38787875
8888.606 5.0095224 4.7176313 2.7602923 0.38876215
8892.183 3.8899777 3.8381238 1.9180936 0.34927493
8895.759 3.971673 4.0768604 1.7503835 0.3451434
8899.335 4.277119 4.148693 1.956198 0.3596775
8902.911 3.8526 3.6551256 2.1526167 0.35333857
8906.486 4.222559 4.1469545 2.0478127 0.3554615
8910.0625 3.730707 3.4771168 2.9697897 0.36446235
8913.639 3.900571 3.5787528 3.8528504 0.38502547
8917.215 3.9569013 3.873368 3.1456802 0.3714587
8920.791 4.0028467 3.8098414 3.145835 0.37430996
8924.367 4.6218786 4.5890265 2.5582871 0.37196985
8927.943 4.2529664 4.220887 1.1759199 0.3399421
8931.52 4.5481834 4.3837805 0.87771535 0.34335083
8935.096 4.5095105 4.3759465 1.4236931 0.35139066
8938.672 3.6363397 3.5685081 1.8060304 0.33973423
8942.248 3.904367 3.9825811 1.632415 0.34151587
8945.823 3.5602722 3.5487084 2.2135432 0.34531945
8949.399 4.0412087 3.841891 2.887592 0.36824217
8952.976 4.4186845 4.249917 2.495785 0.36896938
8956.552 3.8145466 3.7525861 2.318067 0.3522439
8960.128 4.2837467 4.234894 2.6520317 0.36969683
8963.704 3.2979684 3.208778 2.006418 0.3412706
8967.28 3.9238172 3.9392335 0.74497074 0.32533962
8970.856 4.437498 4.258849 0.6941375 0.33668485
8974.433 4.051145 3.8352242 1.0218158 0.33563232
8978.009 4.114562 3.8935838 0.72489744 0.33195668
8981.585 4.051946 3.9653993 1.1960708 0.33833373
8985.16 3.5663347 3.580077 1.1243509 0.32417563
8988.736 3.8399553 3.706148 1.6258771 0.34317628
8992.3125 3.7842765 3.598199 2.0363712 0.3493154
8995.889 3.631267 3.4203885 2.3377552 0.35219428
8999.465 3.3781703 3.2150393 1.9858241 0.3396707
9003.041 3.382651 3.2752354 1.4676057 0.32751048
9006.617 4.002791 3.84846 1.3204004 0.33865276
9010.193 3.764771 3.7033207 1.1015444 0.3281386
9013.77 3.400416 3.3491523 0.91317415 0.31635347
9017.346 3.5621674 3.3429341 1.0742217 0.32727164
9020.922 2.53311 2.4490933 1.6170332 0.3140182
9024.497 3.47499 3.2924223 0.78607917 0.31770772
9028.073 3.2988584 3.1214228 1.2788169 0.324786
9031.649 3.9680822 3.8334072 0.94071305 0.33151358
9035.226 3.8062854 3.8083532 1.1510359 0.33082503
9038.802 3.8138564 3.6340287 1.2497125 0.33466008
9042.378 2.955095 2.8874924 1.6744529 0.32284358
9045.954 3.452747 3.4633567 1.5060982 0.33021253
9049.53 3.0256224 3.0943818 1.5436517 0.31924587
9053.106 2.8272696 2.7865026 1.4746433 0.31501228
9056.683 3.210022 3.0552113 1.3509815 0.32254383
9060.258 3.2918327 3.242918 1.1268741 0.31790614
9063.834 3.3595326 3.332761 0.8183439 0.31474078
9067.41 3.5051968 3.4253232 0.98517865 0.3234006
9070.986 3.5474176 3.4844656 1.0566633 0.32476276
9074.5625 3.2797284 3.144477 1.0051113 0.3181796
9078.139 3.3384614 3.1481547 1.2525364 0.32574144
9081.715 2.6446881 2.4706466 1.2751293 0.3111802
9085.291 3.2736108 3.2521195 1.1344408 0.31954193
9088.867 2.9725382 3.0121188 1.0548502 0.3096018
9092.443 2.812857 2.8487687 1.078479 0.30428794
9096.02 3.1542428 3.080516 1.2797295 0.31776747
9099.595 3.6559243 3.5966496 1.2105619 0.3293076
9103.171 2.7294333 2.6584601 1.5775027 0.3153665
9106.747 3.0077844 2.8896573 1.0923909 0.31251442
9110.323 3.4065514 3.241154 0.9057052 0.319512
9113.899 3.8384337 3.7671876 0.71227014 0.32334802
9117.476 2.8044806 2.7912567 0.8045169 0.29968092
9121.052 2.587291 2.5401719 0.7478437 0.29417273
9124.628 3.3799512 3.3535218 0.7686915 0.31238255
9128.204 3.2764776 3.1605859 1.017385 0.31686935
9131.78 2.9805074 2.7781494 1.0398686 0.31295767
9135.356 2.8041382 2.7196918 1.036135 0.30675852
9138.932 3.4456246 3.436348 0.56946933 0.30958515
9142.508 2.8552098 2.8091784 1.0815722 0.30763185
9146.084 2.6103854 2.4018888 1.4077387 0.3127657
9149.66 2.8362143 2.791655 1.2017144 0.3092594
9153.236 2.6966286 2.719624 1.1813493 0.3038842
9156.8125 2.7861307 2.7679567 1.2437242 0.30891028
9160.389 3.294575 3.1883528 1.1504809 0.32262015
9163.965 3.173143 3.1485388 0.7508272 0.30826002
9167.541 3.298948 3.1658404 0.9398154 0.31594312
9171.117 2.7410312 2.5898354 0.96593857 0.3059446
9174.692 3.8450813 3.7399366 0.7942473 0.32422787
9178.269 3.3876996 3.2007744 1.0462481 0.32184252
9181.845 3.272417 3.2028346 1.0803521 0.3169489
9185.421 2.8099015 2.9098802 0.9350026 0.30125505
9188.997 2.5883722 2.530751 0.8639456 0.29891932
9192.573 3.039024 2.911871 0.7796912 0.30819947
9196.149 2.6883035 2.7485974 0.94636494 0.3020284
9199.726 2.194795 2.1713111 1.328223 0.29927093
9203.302 2.9391134 2.7339754 1.3240803 0.3169282
9206.878 3.6607215 3.5282829 1.0497602 0.32577246
9210.454 3.1787462 3.0555913 0.9061728 0.31190696
9214.029 2.9175582 2.75853 0.8882243 0.30744538
9217.605 3.0323563 2.9669151 0.98302346 0.3085194
9221.182 2.9027483 2.829591 0.95680255 0.30559507
9224.758 2.6620543 2.5629623 1.0933592 0.30426896
9228.334 3.2859228 3.3630087 0.89615655 0.3113789
9231.91 3.73135 3.8093927 0.30825573 0.311416
9235.486 3.0810528 3.316148 0.25078022 0.29306915
9239.0625 2.5909562 2.5763383 0.8929337 0.2953983
9242.639 2.9881575 2.9161246 1.1055872 0.31131634
9246.215 3.0917523 2.997756 0.748815 0.30707312
9249.791 2.104061 2.0633583 1.4030173 0.29645208
9253.366 3.0492153 3.0351732 0.5588256 0.30029267
9256.942 2.331896 2.2479274 1.1255746 0.295906
9260.519 2.9441113 2.83072 1.0084109 0.30926803
9264.095 2.907475 2.7688742 0.7527576 0.3041195
9267.671 2.757318 2.8285255 0.7120375 0.29935005
9271.247 2.4136732 2.3987148 0.7132586 0.2894046
9274.823 2.4183238 2.2776234 0.6982094 0.29045582
9278.399 2.693533 2.839052 0.69115406 0.29305688
9281.976 3.031886 3.0929513 0.90675765 0.3056893
9285.552 3.1612954 3.0490913 0.748693 0.30855992
9289.127 2.2076347 2.3023179 0.77492666 0.28186747
9292.703 2.3326354 2.420527 1.0714432 0.29070064
9296.279 2.3266375 2.1972072 1.7450563 0.3078454
9299.855 2.5966263 2.588077 2.4525464 0.32638162
9303.432 2.7223065 2.675805 2.7144425 0.3348971
9307.008 2.4404814 2.5285056 2.7260997 0.3270292
9310.584 2.1421223 2.2748022 3.3838148 0.33164233
9314.16 1.8620293 1.8451383 3.21908 0.32243675
9317.736 1.5082784 1.4586091 2.6663167 0.30487385
9321.3125 1.7200431 1.7677224 2.5146987 0.30749002
9324.889 2.0851731 2.1043062 2.118272 0.30882832
9328.464 1.7140583 1.6773934 1.7484443 0.28996345
9332.04 1.7022649 1.7735697 1.3161659 0.28334743
9335.616 2.197118 2.1120949 1.2734826 0.30009156
9339.192 2.1378362 2.076714 1.1285295 0.2901017
9342.769 2.0947084 2.129168 0.564156 0.2748357
9346.345 2.0279086 2.039675 0.8781887 0.28048584
9349.921 2.3794975 2.3502815 0.82350516 0.2888397
9353.497 2.9872143 3.0239897 0.25206992 0.2908201
9357.073 1.9995666 2.0957468 0.9420789 0.28001213
9360.649 1.8005489 1.6778101 2.5852382 0.31096148
9364.226 2.2044473 2.0492907 3.9168582 0.34598786
9367.801 1.4683174 1.366485 3.997926 0.32876688
9371.377 1.2717756 1.2657312 3.8994544 0.32228145
9374.953 2.1254265 2.0240119 2.5399773 0.31745166
9378.529 2.609383 2.44096 1.0305114 0.30119714
9382.105 1.7286412 1.6752933 1.125488 0.27999192
9385.682 1.9925746 1.997056 1.1647207 0.28599337
9389.258 2.0583317 1.9938018 1.414507 0.29388562
9392.834 1.9063594 2.1177948 1.2447618 0.28317043
9396.41 2.7576532 2.8377593 0.86945623 0.29765597
9399.986 2.4991612 2.5809224 0.6846864 0.2881008
9403.562 2.1881902 2.291859 0.95140135 0.2861692
9407.138 2.1018798 1.8505802 1.449314 0.2979216
9410.714 1.9587677 2.1645272 1.13662 0.28198433
9414.29 2.105024 2.1851163 1.1781569 0.28778479
9417.866 1.858775 1.8622994 1.1173657 0.28156954
9421.442 1.4282377 1.5665513 1.9296885 0.2850366
9425.019 1.9060044 1.7880975 2.4360032 0.3102439
9428.595 2.2529185 2.061696 2.2212496 0.3177014
9432.171 1.294051 1.2509601 2.5659504 0.29653195
9435.747 1.7504774 1.6734804 2.099096 0.29984784
9439.323 1.9886906 1.9370863 1.480482 0.29511952
9442.898 1.7410197 1.7071103 2.0538363 0.29748696
9446.475 1.8022672 1.8500228 1.6895996 0.2909973
9450.051 1.4345076 1.7739941 1.6275078 0.27551463
9453.627 1.7257851 1.7087319 1.9122341 0.2945599
9457.203 2.1099393 2.1255295 1.9898323 0.30465952
9460.779 1.9521388 1.8161782 2.3917668 0.3108653
9464.355 1.9244616 1.9733045 1.9195285 0.2974443
