3398.723 114.64002 106.72265 1.0870296 2.3251667
3402.2986 119.00352 111.94894 1.1090696 2.368372
3405.8743 122.68991 115.20958 2.3279107 2.413805
3409.4502 125.22314 117.234406 2.8852847 2.4392798
3413.026 128.82866 120.50496 2.651745 2.4672718
3416.6016 134.97585 126.23629 2.718258 2.5226007
3420.1775 138.9317 130.29053 2.9941583 2.554839
3423.7532 140.03304 132.04532 3.0359411 2.5648925
3427.3289 140.9863 132.36058 2.156373 2.564521
3430.9045 143.39925 133.60477 1.7727991 2.578365
3434.4805 149.36519 139.97679 2.8013458 2.6371722
3438.0562 159.66031 150.44662 2.353894 2.7152557
3441.6318 155.61104 146.50545 2.8683858 2.6899948
3445.2075 161.247 151.68332 3.1459613 2.734403
3448.7834 175.20316 164.83441 2.0119772 2.8297124
3452.3591 176.89859 166.5087 1.7036217 2.8404047
3455.9348 181.02504 171.011 3.5479429 2.8877025
3459.5105 189.17155 177.57855 2.484248 2.9343686
3463.0864 190.8553 179.4207 2.5544205 2.9470007
3466.662 195.83403 185.52773 2.8935995 2.986778
3470.2378 205.11581 194.3044 2.342647 3.0470033
3473.8137 204.8498 193.14273 3.103945 3.0506856
3477.3894 209.04074 197.22792 2.0388284 3.0707157
3480.965 224.76692 211.49113 0.885559 3.1652653
3484.5408 225.52156 212.98622 2.7410789 3.1875548
3488.1167 224.97748 212.98407 3.8329222 3.1925626
3491.6924 233.7084 220.16539 1.8588425 3.231299
3495.268 234.37297 220.95047 1.551117 3.2340882
3498.8438 249.8089 235.88336 3.2572792 3.345762
3502.4197 250.2024 236.19087 2.5725193 3.3430188
3505.9954 254.2326 238.90912 2.1667898 3.3641334
3509.571 261.12982 244.88051 2.124057 3.4069881
3513.1467 260.77176 245.43477 2.2660024 3.4060578
3516.7227 263.35837 248.1902 3.675893 3.432204
3520.2983 269.63116 252.79854 3.6866677 3.4707115
3523.874 279.2657 261.86554 3.8850088 3.529213
3527.4497 291.1527 273.38687 2.3539522 3.5873933
3531.0256 298.57452 280.04434 2.69225 3.633357
3534.6013 304.92056 285.37933 3.2366767 3.6742852
3538.177 313.71298 293.7596 2.1936574 3.7161562
3541.753 319.40207 299.64056 2.840139 3.75119
3545.3286 326.81897 305.95908 2.444398 3.7894912
3548.9043 341.5379 320.53314 2.492474 3.87127
3552.48 341.6532 319.14377 1.8019747 3.8663151
3556.056 349.132 327.74487 2.084232 3.9090223
3559.6316 357.17856 335.9957 2.3589678 3.954315
3563.2073 362.84302 340.01086 2.3628786 3.9829185
3566.783 378.88843 356.48068 3.3312519 4.0745106
3570.359 382.7861 358.8916 3.0831676 4.0907426
3573.9346 390.00464 366.26724 3.112216 4.1290035
3577.5103 397.90823 373.29758 3.8331351 4.1732383
3581.086 410.6012 383.51154 3.455544 4.232276
3584.6619 421.13553 392.73016 2.6778953 4.2791653
3588.2375 435.4499 407.44125 2.5988672 4.3484917
3591.8132 445.83734 417.43158 2.5482311 4.3978477
3595.3892 448.13577 418.6277 2.9453712 4.4105096
3598.9648 463.41885 433.97055 3.8887422 4.4889636
3602.5405 467.86148 437.54636 2.4378045 4.499989
3606.1162 463.18686 432.95688 2.877775 4.481217
3609.6921 485.48367 453.80762 2.3761 4.580352
3613.2678 487.7056 456.53018 2.8875747 4.5948253
3616.8435 503.07153 470.5088 2.2277496 4.659065
3620.4192 515.33545 481.73624 1.738494 4.711296
3623.995 525.69 492.49493 2.8744745 4.7631364
3627.5708 543.5044 508.214 2.3554487 4.8372593
3631.1465 536.1125 500.23755 2.025469 4.8026943
3634.7222 553.7313 520.1915 4.043051 4.891447
3638.298 569.37036 533.4174 1.1330856 4.9407797
3641.8738 572.6264 535.7042 2.7457585 4.9631896
3645.4495 585.2865 547.7709 4.309328 5.0250487
3649.0254 594.05963 556.2902 3.7359858 5.0579267
3652.601 603.722 564.31964 3.3153527 5.095531
3656.1768 617.2296 577.32184 3.1876752 5.1498637
3659.7524 629.7621 589.97784 2.754849 5.1972747
3663.3284 633.8993 594.8294 2.4138954 5.212698
3666.904 636.78235 598.1612 3.0810244 5.2287374
3670.4797 654.60986 613.90063 3.3504858 5.300129
3674.0554 666.0055 624.4946 1.8607606 5.336718
3677.6313 656.2015 614.5487 2.0791326 5.298969
3681.207 669.10736 627.36127 2.5600772 5.352139
3684.7827 681.7009 640.5206 3.36787 5.4064913
3688.3584 688.5024 646.3721 3.939813 5.434759
3691.9343 693.9806 650.704 3.1725764 5.4516764
3695.51 721.3437 676.95544 2.855126 5.5534854
3699.0857 740.2742 694.1583 3.495132 5.6278296
3702.6616 731.2785 687.64185 4.341878 5.598178
3706.2373 745.5752 700.2774 2.2776613 5.6404023
3709.813 764.83295 717.47314 2.4884434 5.712533
3713.3887 778.51733 730.96295 3.6880484 5.7675767
3716.9646 792.4567 744.2658 2.218318 5.8108883
3720.5403 793.7909 747.4506 2.1356833 5.815976
3724.116 811.02875 763.3157 3.3707776 5.882816
3727.6917 824.48395 774.38135 4.0157356 5.9328446
3731.2676 822.9839 774.6332 3.55636 5.9253125
3734.8433 855.5419 805.1408 3.020209 6.0365605
3738.419 868.4337 817.7735 3.4963012 6.08316
3741.9946 887.3196 836.5809 3.015179 6.145428
3745.5706 907.0156 855.0329 3.4322715 6.213609
3749.1462 891.04407 841.91327 4.213191 6.163911
3752.722 902.1531 850.4098 3.0273216 6.195337
3756.2976 883.74725 832.78217 2.8684065 6.13214
3759.8735 890.5764 841.74927 4.337766 6.162461
3763.4492 918.8303 867.84894 4.390563 6.2573395
3767.025 932.8681 881.9361 4.6621723 6.3057523
3770.6008 974.66376 920.7575 2.8614662 6.434178
3774.1765 996.72144 940.9507 3.9169357 6.509562
3777.7522 1025.1315 969.04645 3.6814396 6.599246
3781.328 1031.1765 972.7777 4.2066927 6.620375
3784.9038 1030.0492 969.7694 2.627553 6.6093774
3788.4795 1045.5327 986.63153 3.685303 6.6632824
3792.0552 1049.817 989.596 4.281519 6.679102
3795.6309 1053.4187 991.5714 3.7608304 6.6875086
3799.2068 1037.9407 978.8004 3.7113748 6.6392226
3802.7825 1042.7887 982.2363 3.8983264 6.65534
3806.3582 1041.6599 980.9881 4.2379313 6.6532884
3809.9338 1042.5675 980.5116 4.375095 6.6563334
3813.5098 1077.4988 1011.3065 3.6981678 6.7614393
3817.0854 1125.6564 1059.4633 3.5118325 6.9076495
3820.6611 1161.8593 1092.1907 3.050436 7.014351
3824.237 1202.4692 1129.9174 3.4258068 7.1352754
3827.8127 1196.8158 1127.1613 3.0814373 7.118004
3831.3884 1227.666 1155.5791 3.0714645 7.2071834
3834.964 1273.3542 1198.3253 4.028812 7.342896
3838.54 1282.8182 1205.6759 4.2030034 7.369609
3842.1157 1292.3379 1215.7543 3.407491 7.3936195
3845.6914 1288.5122 1210.7087 3.6205456 7.3832784
3849.267 1303.1584 1224.4397 3.1305363 7.422584
3852.843 1324.0356 1245.536 3.83265 7.4837155
3856.4187 1323.8988 1243.7821 3.5021992 7.4820614
3859.9944 1261.2605 1184.2822 3.3144078 7.303684
3863.57 1241.0917 1165.074 4.719341 7.251845
3867.146 1236.7338 1161.8949 4.102254 7.2367525
3870.7217 1222.5305 1148.2279 3.9708142 7.1955047
3874.2974 1248.8127 1173.5737 4.164641 7.2720437
3877.8733 1285.4113 1206.1307 3.0750937 7.371962
3881.449 1355.4763 1272.0829 3.1918063 7.5672283
3885.0247 1384.6306 1300.9395 4.524792 7.652753
3888.6003 1448.9354 1360.8855 3.8122554 7.8227468
3892.1763 1497.7106 1410.2812 3.8114266 7.9526567
3895.752 1524.1001 1430.9904 4.006837 8.021524
3899.3276 1551.0377 1457.8683 4.2376404 8.091861
3902.9033 1544.4767 1451.7141 4.3265424 8.075499
3906.4792 1551.6714 1456.8427 2.3784187 8.086789
3910.055 1580.348 1484.2264 5.555898 8.171469
3913.6306 1593.2013 1498.271 4.5753326 8.200888
3917.2063 1620.9989 1523.1986 3.433933 8.267255
3920.7822 1623.0275 1526.4535 3.9746912 8.274294
3924.358 1622.6958 1528.0898 3.1686747 8.270999
3927.9336 1646.9598 1550.8053 3.7283597 8.333701
3931.5095 1626.9314 1531.7466 3.425723 8.282103
3935.0852 1668.4551 1570.9675 4.846742 8.390731
3938.661 1677.1013 1577.4872 3.0243597 8.405966
3942.2366 1649.2721 1551.7456 3.8735766 8.339179
3945.8125 1647.7942 1553.3496 3.47846 8.33454
3949.3882 1629.5527 1535.8102 4.596861 8.292469
3952.9639 1602.3192 1508.9252 4.1632104 8.222554
3956.5396 1542.6337 1453.9766 4.1403556 8.069033
3960.1155 1446.3915 1361.3346 3.082284 7.8130517
3963.6912 1412.6504 1329.9731 3.476233 7.7235074
3967.2668 1429.0284 1348.0597 3.695513 7.769118
3970.8425 1511.3354 1424.1918 3.6131883 7.9859247
3974.4185 1612.2853 1524.1781 3.9438815 8.246995
3977.9941 1692.3905 1599.3114 5.4743667 8.451916
3981.5698 1761.5626 1664.3696 3.554682 8.614195
3985.1455 1782.5354 1683.6005 3.0396376 8.663112
3988.7214 1797.8158 1698.6545 4.3339677 8.703674
3992.297 1846.042 1744.589 3.2567801 8.815106
3995.8728 1881.0314 1776.722 3.9377763 8.899376
3999.4487 1888.2611 1785.7081 3.5448542 8.91532
4003.0244 1929.6047 1825.3292 6.2790256 9.019839
4006.6 1944.3228 1840.2847 4.85643 9.049283
4010.1758 1918.3333 1815.8994 4.654311 8.988354
4013.7517 1942.1046 1840.6085 4.222593 9.042249
4017.3274 1954.6814 1852.2761 4.674222 9.072614
4020.903 1972.6053 1871.5416 4.3091884 9.11231
4024.4788 1954.1536 1853.0774 4.6079144 9.070704
4028.0547 1992.8108 1889.5673 4.5299892 9.158437
4031.6304 1983.704 1882.5211 5.104633 9.14008
4035.206 2026.4543 1924.4832 4.350072 9.234615
4038.7817 2011.4387 1909.6392 4.3366723 9.200789
4042.3577 2022.8763 1919.2496 5.3552575 9.22945
4045.9333 2050.3 1944.529 4.5875764 9.288707
4049.509 2040.9156 1936.3451 5.149386 9.269491
4053.085 2085.0576 1975.4175 3.6013565 9.363565
4056.6606 2093.861 1984.3566 4.5541825 9.385788
4060.2363 2109.5186 2000.7812 4.8302817 9.421169
4063.812 2099.2336 1987.1012 3.612794 9.394691
4067.388 2143.8225 2029.089 3.6189015 9.49333
4070.9636 2118.3577 2005.1416 4.558927 9.439473
4074.5393 2122.7834 2009.5991 4.335203 9.4487505
4078.115 2146.8845 2032.1715 4.616636 9.502879
4081.691 2132.3303 2019.5098 4.7482963 9.471519
4085.2666 2124.8865 2011.8379 5.4377203 9.456764
4088.8423 2108.1177 1994.173 4.783093 9.417761
4092.418 2104.4006 1993.4225 4.1123595 9.408121
4095.994 2053.6191 1941.5417 3.4074535 9.292399
4099.5693 1979.1172 1871.6151 4.087708 9.125999
4103.1455 1866.736 1764.4794 4.814952 8.867593
4106.721 1776.9402 1680.3202 5.1696157 8.65518
4110.297 1775.9392 1677.1647 5.3211265 8.65248
4113.8726 1850.2856 1750.1244 3.0159822 8.824148
4117.448 2029.5634 1917.5173 3.435077 9.237632
4121.024 2105.8384 1990.6859 5.648226 9.415186
4124.5996 2194.5723 2074.73 3.178786 9.602444
4128.176 2228.8748 2107.6306 4.0787616 9.679036
4131.7515 2267.854 2143.7415 5.0962567 9.765797
4135.327 2273.0972 2149.4417 4.618642 9.7752075
4138.903 2315.9048 2188.5032 4.5151496 9.865727
4142.4785 2304.4653 2178.0164 6.1438155 9.845969
4146.054 2328.5762 2202.502 4.1008277 9.891382
4149.63 2352.407 2225.9028 4.805029 9.943698
4153.2056 2389.5266 2257.8845 3.9783843 10.018398
4156.7817 2383.1497 2251.8552 5.0591054 10.0079775
4160.3574 2399.281 2266.9827 5.3382425 10.041893
4163.933 2438.1604 2303.8008 5.4624424 10.122713
4167.509 2458.3108 2322.388 4.9743266 10.1630745
4171.0845 2465.1865 2332.517 4.9196725 10.176988
4174.66 2459.5403 2327.164 3.4805403 10.161654
4178.236 2463.5706 2331.4995 4.174534 10.171763
4181.812 2487.581 2354.4739 4.9403706 10.22297
4185.3877 2511.6736 2376.8066 5.530879 10.27334
4188.9634 2477.9075 2344.724 3.8698459 10.200251
4192.539 2492.3394 2360.0576 4.6205163 10.231795
4196.1147 2471.193 2340.6726 5.9930034 10.192192
4199.6904 2474.5042 2344.1304 5.136451 10.196722
4203.266 2467.0225 2337.1074 5.4421806 10.182157
4206.842 2458.752 2328.897 4.7666035 10.163165
4210.418 2428.9395 2301.669 4.65835 10.101681
4213.9937 2428.214 2299.3628 4.77681 10.100158
4217.5693 2434.6467 2308.4485 4.7418013 10.113483
4221.145 2465.9895 2336.701 5.749938 10.180396
4224.7207 2445.83 2317.9375 4.1650558 10.134786
4228.2964 2479.4937 2350.5378 4.3124585 10.204279
4231.872 2506.5376 2378.2283 4.781055 10.260497
4235.448 2497.626 2369.6382 5.5553513 10.24437
4239.024 2530.2866 2399.6619 5.0358305 10.309101
4242.5996 2548.9705 2419.7148 4.083377 10.344616
4246.1753 2566.788 2435.6445 4.7231293 10.381511
4249.751 2572.7832 2442.219 4.220535 10.392452
4253.3267 2594.1934 2465.7295 5.234809 10.438246
4256.9023 2630.5178 2500.4727 2.8329046 10.504414
4260.478 2614.7183 2484.176 5.453566 10.479256
4264.054 2611.1946 2482.7268 5.759687 10.472839
4267.63 2640.5146 2510.3699 4.3678536 10.52797
4271.2056 2683.7373 2555.7605 5.254859 10.615539
4274.7812 2667.3564 2537.9543 6.5184245 10.58572
4278.357 2682.706 2553.839 6.0995708 10.615187
4281.9326 2701.4705 2572.744 4.5138636 10.648085
4285.5083 2725.575 2598.594 4.52281 10.695238
4289.0845 2701.739 2577.2986 4.730816 10.649028
4292.66 2710.6238 2584.751 4.849037 10.666659
4296.236 2714.8289 2589.288 4.5281286 10.673997
4299.8115 2702.8503 2579.9666 4.8118706 10.651292
4303.387 2673.1792 2552.7358 5.775687 10.595348
4306.963 2698.3804 2575.8806 4.7430615 10.642162
4310.5386 2701.6697 2577.648 3.7261896 10.646194
4314.1143 2688.641 2568.014 5.7406783 10.625798
4317.6904 2700.2925 2580.8425 5.2746224 10.647489
4321.266 2734.3748 2614.6091 4.877354 10.713218
4324.842 2722.6208 2602.3894 4.59619 10.68928
4328.4175 2698.315 2580.3396 3.837526 10.639947
4331.993 2697.4924 2577.87 4.197922 10.639144
4335.569 2658.9634 2539.2964 4.682449 10.564622
4339.1445 2570.0593 2454.5625 6.077924 10.39112
4342.7207 2472.8232 2358.7854 4.8069806 10.191038
4346.2964 2278.2864 2176.238 5.4359202 9.78663
4349.872 2112.585 2016.2421 4.278481 9.424509
4353.4478 2104.6895 2007.9342 5.652272 9.410817
4357.0234 2231.3933 2129.9092 5.835742 9.687349
4360.599 2406.162 2295.394 5.64629 10.055988
4364.175 2527.6252 2410.2622 4.009803 10.300453
4367.7505 2625.1057 2504.7576 5.919986 10.500498
4371.3267 2654.0176 2528.3447 3.8828647 10.552519
4374.9023 2707.7693 2579.5813 5.0936875 10.66093
4378.478 2728.6423 2602.8628 4.774682 10.701042
4382.0537 2751.8064 2623.1584 5.333794 10.747472
4385.6294 2758.5078 2629.7146 5.092351 10.759933
4389.205 2803.285 2672.9775 2.9197514 10.841072
4392.781 2783.5513 2652.6035 5.748828 10.809601
4396.357 2791.7356 2660.7432 4.787718 10.82318
4399.9326 2817.3938 2686.8901 6.788822 10.87739
4403.5083 2797.2363 2664.4011 5.072915 10.834382
4407.084 2795.7473 2664.3115 6.7354417 10.835554
4410.6597 2794.7427 2662.337 5.2867417 10.830028
4414.2354 2833.746 2699.2825 5.476818 10.905634
4417.811 2838.355 2705.0247 6.448687 10.916509
4421.3867 2859.6902 2724.6282 6.024121 10.956069
4424.963 2820.3555 2685.815 4.474338 10.877218
4428.5386 2831.189 2697.5842 6.086397 10.901751
4432.1143 2823.8542 2689.914 4.774643 10.884536
4435.69 2811.0635 2677.355 4.469248 10.85935
4439.2656 2836.8652 2703.1514 6.968424 10.91462
4442.8413 2850.8176 2714.6833 4.341003 10.934833
4446.417 2847.6128 2713.2588 5.7123785 10.932198
4449.993 2848.6414 2715.1545 4.8392105 10.931847
4453.569 2874.441 2738.0244 5.839316 10.98342
4457.1445 2863.8677 2728.3687 5.5438423 10.962386
4460.72 2875.8652 2740.559 4.6136556 10.983002
4464.296 2859.8706 2724.8237 3.2816172 10.949575
4467.8716 2851.022 2717.111 6.1553707 10.93938
4471.4473 2856.9944 2724.0574 5.8360896 10.949981
4475.023 2855.5518 2723.5813 4.7456665 10.94516
4478.599 2800.0825 2670.825 5.620299 10.840955
4482.175 2773.9492 2644.7188 5.8616514 10.79101
4485.7505 2795.5188 2662.8586 5.3620834 10.831141
4489.326 2840.485 2709.066 5.8261414 10.918608
4492.902 2847.4763 2715.0117 5.356026 10.930516
4496.4775 2874.7627 2741.7844 4.4677296 10.980633
4500.053 2864.3372 2733.0723 4.6667905 10.961193
4503.6294 2861.3901 2730.286 4.733775 10.955757
4507.205 2864.6416 2733.64 3.7379317 10.959444
4510.781 2855.1128 2724.9817 6.0291333 10.946691
4514.3564 2851.9702 2721.3306 4.5193624 10.937027
4517.932 2889.8696 2758.2354 5.273665 11.010917
4521.508 2882.834 2752.437 5.2921653 10.997576
4525.0835 2905.8994 2776.2205 5.473204 11.0418625
4528.659 2922.3845 2792.4958 5.024073 11.071748
4532.2354 2912.9197 2783.3152 4.701321 11.0531025
4535.811 2928.4304 2798.1113 5.71465 11.084496
4539.3867 2912.065 2782.6104 4.148274 11.050152
4542.9624 2912.1064 2785.4106 5.1274176 11.052406
4546.538 2876.8533 2751.6174 4.970736 10.985488
4550.114 2867.6543 2741.488 5.43505 10.968939
4553.6895 2870.2961 2746.0469 5.758979 10.974786
4557.265 2878.5999 2754.5667 6.1409106 10.991202
4560.8413 2898.9314 2771.5842 6.696317 11.031019
4564.417 2941.5725 2815.313 4.719431 11.106784
4567.9927 2955.6072 2829.696 5.607155 11.134911
4571.5684 2957.398 2833.333 4.4772744 11.136048
4575.144 2951.5696 2827.3657 5.597355 11.127368
4578.7197 2934.7024 2812.588 6.0991507 11.096974
4582.2954 2946.1624 2826.1182 6.3940606 11.119335
4585.8716 2943.425 2824.1184 5.43435 11.112042
4589.4473 2945.0366 2824.9062 6.372024 11.117022
4593.023 2956.5916 2835.5042 6.378479 11.138603
4596.5986 2934.6453 2818.1829 5.814737 11.096331
4600.1743 2949.8179 2832.5144 5.6467357 11.124147
4603.75 2938.2988 2822.6738 4.6705194 11.10024
4607.3257 2938.256 2822.935 5.037647 11.100985
4610.9014 2935.6875 2820.9758 5.3520584 11.097095
4614.4775 2897.1152 2784.1729 5.539294 11.024593
4618.053 2924.85 2812.2207 5.260963 11.076205
4621.629 2904.034 2793.7827 3.968047 11.034195
4625.2046 2918.249 2808.6543 4.379356 11.062013
4628.7803 2904.3176 2797.4668 6.399424 11.040193
4632.356 2920.1724 2810.9011 4.711259 11.066201
4635.9316 2906.7742 2799.58 5.812703 11.043517
4639.508 2920.7717 2809.8909 5.908285 11.070118
4643.0835 2914.5042 2803.631 5.4528832 11.057222
4646.659 2933.3118 2824.3496 4.600027 11.090704
4650.235 2959.7056 2849.1714 4.407165 11.139702
4653.8105 2945.0225 2833.3267 5.5877585 11.114972
4657.386 2989.9119 2876.8271 6.521857 11.200907
4660.962 2974.5125 2861.248 5.6522927 11.170214
4664.5376 2974.0508 2862.2346 5.942516 11.169797
4668.114 2964.2063 2849.5642 4.9765143 11.148929
4671.6895 2989.9204 2876.5159 6.492278 11.200852
4675.265 2964.0066 2847.5686 5.3317943 11.149679
4678.841 2987.919 2871.9583 4.721408 11.192988
4682.4165 2897.6003 2784.2944 5.799285 11.025814
4685.992 2755.6255 2649.7393 5.362511 10.753578
4689.568 2652.9172 2548.2537 7.497038 10.557074
4693.144 2702.9255 2597.6338 5.919994 10.651954
4696.7197 2840.2568 2729.7202 5.6595807 10.916969
4700.2954 2918.8381 2805.6743 4.0987387 11.062171
4703.871 2964.33 2846.343 4.652974 11.148599
4707.447 2963.5146 2846.558 4.5821605 11.147061
4711.0225 2967.6401 2850.9792 5.644765 11.156987
4714.598 2965.5244 2846.6284 6.219329 11.1544895
4718.174 2987.17 2868.4941 5.96505 11.194419
4721.75 2971.4395 2853.8376 5.0199003 11.162867
4725.3257 2958.4075 2841.2937 5.930644 11.140423
4728.9014 2986.2212 2865.1084 5.252991 11.1907015
4732.477 2963.704 2846.0652 6.1906886 11.150912
4736.0527 2949.2048 2831.891 4.901719 11.120697
4739.6284 2945.084 2825.8225 5.301217 11.11395
4743.204 2939.7651 2821.4866 4.7765884 11.102972
4746.7803 2932.8584 2814.749 5.5519543 11.0914545
4750.356 2933.3845 2815.6113 4.8282375 11.090959
4753.9316 2942.3699 2823.8037 4.9735928 11.10802
4757.5073 2936.3398 2818.197 5.503237 11.098081
4761.083 2899.723 2784.74 5.257231 11.028366
4764.6587 2901.9287 2784.8176 4.8503885 11.031471
4768.2344 2919.1074 2801.5288 5.062612 11.064589
4771.81 2906.9155 2790.3015 6.069468 11.04379
4775.386 2904.2566 2786.96 5.475361 11.037309
4778.962 2903.5205 2785.7922 4.3375726 11.03331
4782.5376 2893.2686 2777.0752 4.876978 11.015454
4786.1133 2932.0576 2814.8623 5.0002556 11.088498
4789.689 2893.4656 2778.1172 5.8006344 11.017704
4793.2646 2896.7654 2780.5603 4.593259 11.021309
4796.8403 2914.0974 2799.783 4.118878 11.05309
4800.4165 2910.6917 2794.4697 5.1509385 11.048699
4803.992 2893.7703 2777.96 5.1695476 11.016799
4807.568 2893.1323 2777.4556 5.86047 11.017136
4811.1436 2902.639 2786.8823 5.134262 11.033381
4814.719 2905.7786 2789.7788 5.9255195 11.041336
4818.295 2878.1497 2763.2478 5.6222825 10.988048
4821.8706 2882.862 2768.9893 5.6621966 10.99711
4825.4463 2884.5747 2769.3074 4.8205285 10.998572
4829.0225 2868.6416 2756.2063 7.0347643 10.973377
4832.598 2855.9014 2744.745 6.6375036 10.947939
4836.174 2841.199 2729.419 6.2719226 10.919433
4839.7495 2798.2136 2688.0935 5.4743395 10.83509
4843.325 2787.9966 2679.4348 4.112735 10.812418
4846.901 2725.5842 2618.6055 4.921396 10.693336
4850.4766 2630.995 2528.8037 5.3870516 10.508512
4854.0527 2508.3557 2411.442 4.8449984 10.261808
4857.6284 2293.6484 2204.9998 6.11634 9.817994
4861.204 2186.6584 2102.4114 7.2125463 9.591542
4864.78 2250.7615 2163.618 5.1451344 9.724585
4868.3555 2408.0554 2318.18 6.8981023 10.060225
4871.931 2576.7732 2477.8694 4.2848387 10.3979645
4875.507 2675.137 2573.956 5.329002 10.595469
4879.0825 2739.1729 2634.3918 4.829597 10.719546
4882.6587 2748.3662 2644.2905 6.2625628 10.7405815
4886.2344 2780.31 2675.4353 5.5124073 10.800512
4889.81 2782.8816 2678.1946 7.071797 10.809106
4893.3857 2798.055 2692.715 6.5695176 10.83711
4896.9614 2799.1882 2693.6492 4.8198285 10.835453
4900.537 2831.0566 2725.26 5.866797 10.898754
4904.113 2797.8289 2693.3386 6.088789 10.835503
4907.689 2814.572 2709.8494 5.7352967 10.867215
4911.2646 2823.9556 2719.4514 5.7114453 10.884732
4914.8403 2821.7556 2718.684 5.4166546 10.880097
4918.416 2795.913 2693.3132 4.0794973 10.827387
4921.9917 2811.9397 2707.2996 5.523834 10.861454
4925.5674 2810.3943 2709.1025 5.752869 10.858948
4929.143 2829.6006 2727.9546 4.5158796 10.893032
4932.7188 2812.4033 2712.292 4.1975827 10.859272
4936.295 2817.0776 2716.6343 6.673374 10.874011
4939.8706 2802.4143 2702.5906 5.947466 10.843984
4943.4463 2809.982 2711.0776 5.086641 10.856637
4947.022 2811.5417 2714.2253 4.491942 10.858304
4950.5977 2805.0337 2709.055 4.7569375 10.846234
4954.1733 2802.811 2705.5378 6.8741536 10.846835
4957.749 2811.1401 2714.06 5.8960133 10.860821
4961.325 2791.6726 2694.6448 4.9444156 10.821058
4964.901 2802.9268 2707.009 3.024939 10.838358
4968.4766 2814.3892 2719.4285 5.6686797 10.866353
4972.0522 2802.9614 2707.6787 5.5689726 10.844133
4975.628 2774.9744 2682.0015 4.2951746 10.787349
4979.2036 2793.8262 2701.8174 5.1958494 10.825812
4982.7793 2749.419 2655.856 4.6354127 10.738452
4986.355 2770.9397 2681.5273 5.145172 10.781594
4989.931 2772.7754 2681.5125 4.2907524 10.7830715
4993.507 2756.96 2667.822 6.0080624 10.756254
4997.0825 2790.3992 2702.3 4.733912 10.81808
5000.658 2765.1902 2677.5554 5.664319 10.771497
5004.234 2758.7632 2669.932 4.9529414 10.757271
5007.8096 2761.2202 2673.5146 6.0540876 10.764639
5011.3853 2735.1055 2649.5735 6.222884 10.714421
5014.961 2726.2815 2642.1035 5.9896383 10.696702
5018.537 2747.7197 2662.8872 5.438252 10.737499
5022.113 2711.4602 2627.158 5.975878 10.668037
5025.6885 2755.0679 2669.798 5.634135 10.751736
5029.264 2737.968 2655.067 4.7696223 10.71657
5032.84 2728.1548 2646.563 4.2183704 10.696395
5036.4155 2716.3318 2632.605 4.5931716 10.673845
5039.991 2709.4937 2627.3801 5.744218 10.663275
5043.5674 2724.4336 2641.7961 5.5805297 10.6921015
5047.143 2721.9597 2640.2136 4.950472 10.686003
5050.7188 2710.2173 2628.846 5.350258 10.663744
5054.2944 2706.959 2622.84 5.645707 10.658191
5057.87 2741.364 2655.3547 5.9369583 10.725888
5061.446 2719.441 2634.1846 4.4433317 10.679709
5065.0215 2715.0269 2628.8816 5.0750566 10.67266
5068.597 2689.7876 2605.0342 5.643695 10.624494
5072.1733 2704.1692 2619.0527 6.1279716 10.653884
5075.749 2704.139 2618.2554 4.445907 10.649816
5079.3247 2691.447 2606.602 4.4986124 10.625111
5082.9004 2685.0874 2599.8962 5.230307 10.614166
5086.476 2704.024 2616.4602 6.5704956 10.654359
5090.052 2683.0874 2595.6719 4.930649 10.609688
5093.6274 2675.7263 2590.4944 3.9171035 10.592733
5097.2036 2666.6816 2576.9407 4.321156 10.5760145
5100.7793 2671.0574 2585.653 5.9508886 10.5882225
5104.355 2673.4539 2586.1934 5.369167 10.591832
5107.9307 2685.9495 2599.2896 4.9118853 10.615458
5111.5063 2658.0796 2573.536 6.0861397 10.563225
5115.082 2666.0776 2578.6265 4.7168536 10.57569
5118.6577 2643.4048 2558.5981 5.7211695 10.533246
5122.2334 2667.1785 2579.641 6.0610065 10.580954
5125.8096 2663.524 2574.9744 5.51999 10.572474
5129.3853 2676.5964 2588.92 5.7851515 10.598774
5132.961 2658.0208 2570.0708 4.128921 10.558277
5136.5366 2640.1526 2553.656 4.904163 10.524932
5140.1123 2625.5115 2539.6763 5.7669377 10.497745
5143.688 2659.8235 2572.891 3.9948678 10.561493
5147.2637 2658.927 2571.132 6.582894 10.565895
5150.84 2645.389 2556.967 5.474409 10.53647
5154.4155 2626.4324 2538.5466 5.936911 10.500143
5157.991 2615.5754 2529.6895 5.003102 10.476339
5161.567 2630.6016 2542.2732 5.1768746 10.506536
5165.1426 2642.795 2554.1833 3.027018 10.525933
5168.7183 2628.899 2539.7659 5.0967183 10.503109
5172.294 2621.2407 2533.0208 4.4334254 10.486401
5175.8696 2628.892 2541.376 4.9817414 10.502963
5179.446 2609.1226 2520.6467 4.085019 10.461276
5183.0215 2612.5383 2525.0618 4.249275 10.468275
5186.597 2577.6975 2493.5356 5.1881785 10.401154
5190.173 2609.7698 2521.6985 5.88862 10.466973
5193.7485 2604.8972 2516.1375 3.9750702 10.452841
5197.324 2598.0273 2509.3516 4.5979543 10.440471
5200.9 2589.356 2501.2146 6.0841317 10.426758
5204.476 2577.336 2490.1284 5.7841554 10.401902
5208.052 2568.784 2482.9229 6.1889825 10.385492
5211.6274 2575.824 2488.0918 4.776654 10.396421
5215.203 2564.7312 2477.0425 4.3106947 10.373291
5218.779 2599.2207 2510.6316 4.9810853 10.443459
5222.3545 2582.8909 2494.152 5.4533844 10.41198
5225.93 2563.365 2478.3457 6.265592 10.3749075
5229.506 2555.1296 2468.1565 4.4040546 10.353923
5233.082 2571.5137 2484.5906 4.985893 10.388161
5236.6577 2568.6443 2481.9915 4.014913 10.380222
5240.2334 2563.4395 2476.7222 4.7630844 10.371529
5243.809 2555.2585 2470.5974 4.7164774 10.354806
5247.385 2530.1445 2446.418 5.619382 10.306136
5250.9604 2519.0881 2433.0828 4.2250605 10.2805195
5254.536 2544.3354 2458.1553 4.334791 10.332187
5258.1123 2533.4666 2448.1223 6.2724957 10.314885
5261.688 2508.81 2423.8894 3.5237675 10.258101
5265.2637 2511.751 2426.7327 4.61621 10.266798
5268.8394 2527.2825 2442.7556 5.412018 10.300088
5272.415 2521.247 2437.6572 6.749077 10.290855
5275.9907 2521.5635 2437.3276 4.7441535 10.287086
5279.5664 2505.7432 2422.1353 5.2273226 10.255909
5283.142 2520.7852 2435.9536 3.7264369 10.282772
5286.7183 2516.2363 2431.6748 4.0245647 10.274409
5290.294 2491.5356 2408.8125 4.406041 10.225108
5293.8696 2505.408 2421.7856 4.140773 10.252739
5297.4453 2504.1877 2421.3599 4.3073583 10.250797
5301.021 2493.373 2410.491 4.0100665 10.228154
5304.5967 2493.2954 2409.9912 5.4713783 10.23119
5308.1724 2471.3801 2389.833 4.287114 10.18371
5311.7485 2469.4304 2388.1843 4.3667088 10.179682
5315.324 2472.6409 2390.0662 4.854924 10.187745
5318.9 2487.543 2404.193 4.628528 10.217673
5322.4756 2470.6956 2389.9495 4.3101196 10.182403
5326.0513 2475.3413 2394.7695 5.8680706 10.195719
5329.627 2451.2544 2373.0925 4.432339 10.142891
5333.2026 2468.525 2388.1907 5.22145 10.180238
5336.7783 2452.4937 2372.452 3.0569727 10.141884
5340.3545 2447.768 2367.3252 5.162705 10.137439
5343.93 2443.9006 2365.5234 5.4069715 10.129971
5347.506 2456.4385 2376.5618 4.44084 10.153461
5351.0815 2464.919 2385.4695 3.9915974 10.169865
5354.657 2439.619 2362.6294 4.3512645 10.118831
5358.233 2440.5188 2362.072 5.401815 10.123054
5361.8086 2433.7646 2355.716 4.4958873 10.106908
5365.385 2423.6072 2345.6616 4.957802 10.087038
5368.9604 2431.9634 2354.5122 4.457957 10.10332
5372.536 2434.7537 2356.4678 3.43485 10.106696
5376.112 2422.4832 2344.2473 4.687295 10.084175
5379.6875 2420.6377 2343.1096 5.004166 10.081104
5383.263 2414.6104 2337.938 5.0359335 10.068888
5386.839 2400.736 2325.8918 5.152903 10.040135
5390.4146 2377.6663 2304.9133 4.196294 9.989938
5393.9907 2397.2563 2322.269 4.878442 10.032527
5397.5664 2377.952 2303.1487 4.994257 9.992568
5401.142 2319.2554 2246.6143 4.090636 9.86712
5404.718 2261.555 2191.2678 4.9328794 9.746661
5408.2935 2240.9492 2172.7502 3.9204311 9.699851
5411.869 2259.4885 2189.5923 4.4579334 9.740954
5415.445 2325.2063 2253.5894 4.6345167 9.880916
5419.021 2347.0881 2274.8682 4.5521474 9.926856
5422.5967 2350.3977 2278.1628 4.516217 9.933652
5426.1724 2351.9944 2281.048 4.6029234 9.937125
5429.748 2362.4539 2294.2593 2.6699312 9.954456
5433.3237 2368.653 2297.981 4.688624 9.972393
5436.8994 2361.2742 2290.5593 5.3454514 9.958371
5440.475 2355.918 2286.1748 3.6489873 9.943335
5444.051 2342.5244 2273.102 4.793779 9.917632
5447.627 2318.522 2248.6562 3.6267402 9.864742
5451.2026 2370.935 2300.9805 4.1015644 9.975753
5454.7783 2334.1428 2266.531 5.3059144 9.901467
5458.354 2339.3796 2272.1228 4.265067 9.91012
5461.9297 2295.5427 2229.7246 5.8651657 9.821344
5465.5054 2330.1558 2262.755 4.3500433 9.89072
5469.081 2305.7837 2242.7673 4.554222 9.8395605
5472.6567 2339.5847 2271.317 5.0761266 9.912572
5476.233 2338.1714 2270.603 5.0924187 9.909607
5479.8086 2309.4207 2243.4531 5.6155763 9.850049
5483.3843 2300.1755 2234.7234 4.134137 9.827168
5486.96 2314.583 2250.8667 4.044009 9.857139
5490.5356 2303.1511 2236.416 3.3685346 9.831436
5494.1113 2296.756 2234.9312 6.1923223 9.824667
5497.687 2298.2607 2236.6956 6.005334 9.827453
5501.263 2309.3599 2243.877 3.9248986 9.845829
5504.839 2312.5906 2249.247 4.877936 9.855169
5508.4146 2275.0764 2214.5208 5.2132883 9.776344
5511.99 2273.4756 2210.8271 4.2552943 9.770451
5515.566 2278.754 2215.5205 3.7953978 9.780457
5519.1416 2285.9778 2223.9402 3.9223576 9.796218
5522.7173 2261.5269 2199.6018 4.4595785 9.745492
5526.293 2268.0989 2206.8672 3.945824 9.758375
5529.869 2281.2334 2222.686 3.6198654 9.785704
5533.445 2270.3699 2210.743 4.950157 9.765755
5537.0205 2252.1204 2194.075 4.6220355 9.725895
5540.596 2246.4907 2188.146 3.810017 9.711791
5544.172 2255.3066 2195.6838 3.295274 9.729499
5547.7476 2240.6094 2183.9568 2.495583 9.696092
5551.323 2244.4602 2184.1807 3.383376 9.706314
5554.8994 2226.6375 2169.1885 5.0713344 9.671988
5558.475 2236.395 2178.6362 4.776845 9.692346
5562.051 2246.6643 2186.6145 4.979407 9.715243
5565.6265 2251.782 2192.0225 6.1333003 9.728739
5569.202 2248.4895 2190.1619 8.707426 9.727956
5572.778 2225.2185 2166.6033 9.705228 9.680607
5576.3535 2229.8394 2171.8928 10.077193 9.691377
5579.929 2214.8225 2157.1433 9.872026 9.658756
5583.5054 2197.9568 2142.0437 6.855738 9.614827
5587.081 2198.1702 2144.4207 4.475134 9.609169
5590.6567 2218.3835 2162.3496 3.935126 9.651719
5594.2324 2175.9458 2117.2998 4.4948335 9.560958
5597.808 2204.0457 2144.1208 3.780654 9.62008
5601.384 2191.9543 2135.8594 5.7040553 9.599108
5604.9595 2178.4812 2120.575 5.0279765 9.56803
5608.5356 2182.0422 2121.17 2.3741388 9.5688925
5612.1113 2174.6816 2118.2166 5.0903716 9.559873
5615.687 2155.3735 2096.0442 4.38951 9.515979
5619.2627 2144.7048 2083.699 4.7837358 9.493227
5622.8384 2157.48 2097.7927 4.64729 9.521678
5626.414 2167.3538 2107.0051 4.45042 9.54243
5629.9897 2152.315 2092.995 4.0999746 9.508368
5633.5654 2150.927 2091.9746 3.7903042 9.504662
5637.1416 2125.6904 2065.4648 4.994077 9.4521055
5640.7173 2140.2224 2080.1633 4.3666525 9.482698
5644.293 2124.5024 2063.547 5.8476067 9.451734
5647.8687 2136.9497 2075.7236 4.1682167 9.474716
5651.4443 2118.0376 2057.0645 4.289088 9.433557
5655.02 2092.4773 2034.4639 4.3702903 9.377114
5658.5957 2108.0896 2048.3735 4.2569876 9.411626
5662.172 2120.9685 2058.9353 3.9405909 9.439107
5665.7476 2122.4507 2061.0654 4.245877 9.443106
5669.323 2112.65 2052.7815 4.3570724 9.421596
5672.899 2093.6824 2032.4976 2.235371 9.374021
5676.4746 2104.46 2043.6268 4.199586 9.403273
5680.0503 2056.5432 1995.3492 3.7568507 9.295484
5683.626 2056.4482 1998.4274 4.46421 9.296918
5687.2017 2058.1333 1997.8104 4.829085 9.30192
5690.778 2063.6855 2003.6874 4.321376 9.312925
5694.3535 2078.882 2019.2128 5.1759357 9.3492775
5697.929 2052.827 1993.6068 4.520542 9.289216
5701.505 2067.536 2007.8953 3.724787 9.319948
5705.0806 2051.4204 1991.9767 4.019045 9.284581
5708.6562 2067.2583 2006.2897 4.3929033 9.321305
5712.232 2045.4269 1983.2656 4.619388 9.272688
5715.808 2043.2698 1981.3461 4.4878154 9.267494
5719.384 2051.8684 1991.1084 4.677034 9.28738
5722.9595 2025.4713 1964.9039 4.383463 9.227649
5726.535 2024.354 1963.6226 4.945854 9.226343
5730.111 2015.3207 1954.671 5.474554 9.207354
5733.6865 2023.5894 1961.4705 3.7939017 9.221743
5737.262 2009.5105 1947.7214 4.022729 9.190104
5740.838 2019.1066 1958.2499 4.651261 9.213738
5744.414 2008.7107 1947.3627 2.180498 9.183522
5747.9897 2000.1106 1938.5356 4.958674 9.171514
5751.5654 1998.5024 1938.988 4.216966 9.165972
5755.141 1999.0647 1939.0992 3.466106 9.165225
5758.717 1992.6512 1930.3463 2.717453 9.148604
5762.2925 1994.4822 1934.4492 4.146002 9.156595
5765.868 1971.3595 1910.8091 3.9085956 9.103132
5769.4443 1986.6372 1926.932 3.5926135 9.137249
5773.02 1979.5012 1919.6653 4.391483 9.123049
5776.5957 1958.5309 1898.7435 4.1777925 9.074307
5780.1714 1974.0603 1915.5154 3.103136 9.107673
5783.747 1963.5088 1901.018 4.2398257 9.086247
5787.3228 1971.5789 1911.4006 3.8553872 9.103794
5790.8984 1965.9352 1905.5334 4.7185035 9.093336
5794.474 1962.1595 1901.7722 3.5501206 9.081337
5798.0503 1965.2286 1903.7557 5.0410604 9.092309
5801.626 1953.0166 1892.5905 3.8401585 9.060961
5805.2017 1960.6826 1900.327 4.977647 9.081873
5808.7773 1961.8624 1899.5105 4.645838 9.083686
5812.353 1958.8853 1895.8623 3.2871115 9.073054
5815.9287 1968.6328 1907.3978 4.9441676 9.100085
5819.5044 1969.6732 1907.3085 4.5244436 9.100988
5823.0806 1946.0791 1885.4899 2.4450216 9.040898
5826.6562 1931.2247 1867.2532 3.5473669 9.009657
5830.232 1968.9017 1911.6018 4.9087877 9.0998535
5833.8076 2049.2559 2000.2866 4.6998916 9.281595
5837.3833 2043.0616 1973.4071 3.9438307 9.2643
5840.959 1940.9718 1878.2434 3.8974056 9.032511
5844.5347 1927.3368 1865.6042 3.531962 9.001424
5848.1104 1946.507 1884.554 3.9406517 9.046673
5851.6865 1934.6885 1873.306 4.336702 9.020371
5855.262 1915.9799 1854.7346 4.495316 8.977433
5858.838 1918.7269 1856.4829 4.74685 8.984773
5862.4136 1916.1174 1854.4368 3.4659338 8.974956
5865.9893 1912.9253 1850.9713 3.3750107 8.967293
5869.565 1889.266 1829.1793 3.9424899 8.913816
5873.1406 1834.1775 1775.9158 3.5290744 8.782716
5876.717 1809.8677 1750.3682 3.5069656 8.724704
5880.2925 1845.9362 1786.0502 4.491722 8.813286
5883.868 1869.3912 1807.5751 4.7234817 8.869607
5887.444 1866.9923 1807.2174 6.4753475 8.868475
5891.0195 1850.9902 1791.5223 6.3792768 8.830571
5894.595 1843.8586 1784.3864 8.390051 8.819696
5898.171 1852.0254 1793.6481 7.514004 8.836815
5901.7466 1860.1111 1799.4451 6.2251263 8.852073
5905.3228 1844.277 1784.6741 5.31819 8.811834
5908.8984 1854.0312 1793.616 5.3133 8.835155
5912.474 1855.6122 1794.1654 4.354819 8.836043
5916.05 1832.6442 1773.1078 3.6070874 8.779549
5919.6255 1841.4167 1782.304 3.4849887 8.800325
5923.201 1839.9993 1780.0245 3.667023 8.797365
5926.777 1830.3326 1771.6615 3.0102365 8.772604
5930.3525 1830.4409 1771.1783 3.8471043 8.7753525
5933.9287 1821.9585 1763.0243 4.1893744 8.755959
5937.5044 1807.7777 1749.8214 4.6825137 8.72356
5941.08 1825.192 1766.4862 2.7335894 8.759883
5944.656 1802.3518 1745.0051 3.748951 8.70825
5948.2314 1794.6674 1735.7578 4.2650495 8.691168
5951.807 1793.7078 1735.8654 4.454872 8.689387
5955.383 1782.1398 1724.417 4.1839976 8.660769
5958.959 1784.1792 1727.6953 3.8228698 8.664979
5962.5347 1780.2128 1724.4844 4.087652 8.655906
5966.1104 1777.2544 1719.8138 3.2300434 8.646334
5969.686 1776.4788 1719.763 5.4082937 8.650902
5973.2617 1780.666 1721.8827 5.340414 8.660501
5976.8374 1776.0198 1716.6364 3.97478 8.645581
5980.413 1775.5265 1716.409 4.0794344 8.644839
5983.989 1771.0726 1713.1587 3.160512 8.631208
5987.565 1761.979 1704.874 4.5922604 8.61341
5991.1406 1763.3456 1706.1094 4.5392585 8.616506
5994.7163 1743.7944 1687.7137 3.2267478 8.565537
5998.292 1746.2982 1690.2264 3.180548 8.571542
6001.8677 1735.7281 1678.1525 3.9540858 8.547893
6005.4434 1743.855 1686.9518 4.217732 8.56847
6009.019 1741.4136 1684.2703 3.085673 8.559054
6012.595 1743.9801 1686.2067 3.6062207 8.567059
6016.171 1733.1263 1677.3364 4.5329967 8.543641
6019.7466 1716.4928 1659.1693 4.933755 8.503948
6023.3223 1711.615 1656.6489 3.5587175 8.488024
6026.898 1719.4619 1663.6406 2.5200727 8.504353
6030.4736 1709.3198 1653.2704 3.6581862 8.482682
6034.0493 1718.6758 1662.0364 4.6548204 8.50855
6037.625 1718.9907 1661.4241 3.1747024 8.504815
6041.201 1740.3867 1682.783 2.6680894 8.555752
6044.777 1732.7001 1674.7899 3.895819 8.540924
6048.3525 1727.3309 1670.8297 4.4882064 8.5298605
6051.928 1727.939 1671.6313 4.1799054 8.5300045
6055.504 1728.6967 1670.7437 3.8066142 8.530999
6059.0796 1737.7571 1679.6039 2.8361895 8.550165
6062.6553 1722.1296 1664.8854 2.73864 8.511629
6066.2314 1707.7502 1652.3284 3.159957 8.47781
6069.807 1712.9469 1656.0004 3.3061101 8.490942
6073.383 1711.7148 1653.6145 3.8466432 8.489481
6076.9585 1706.4772 1649.3113 3.2389803 8.474588
6080.534 1708.7925 1652.9464 3.4483414 8.480838
6084.11 1702.2578 1644.7678 3.9270513 8.466297
6087.6855 1710.5493 1652.8894 2.600272 8.48299
6091.261 1709.1083 1653.1456 4.394166 8.48536
6094.8374 1688.7511 1633.1296 5.2975254 8.437503
6098.413 1677.6812 1621.1436 2.9246726 8.402857
6101.989 1696.8604 1640.2812 2.6696625 8.449751
6105.5645 1685.6718 1629.2645 3.8927038 8.425723
6109.14 1699.7651 1643.3845 3.1099946 8.458229
6112.716 1712.8046 1655.1486 3.4560597 8.491395
6116.2915 1691.2407 1634.0277 3.200084 8.437394
6119.8677 1676.0581 1618.4438 3.337211 8.400287
6123.4434 1688.5964 1633.4957 4.2472906 8.434633
6127.019 1683.0255 1628.9891 3.9944491 8.419753
6130.5947 1680.9968 1626.3306 3.4419441 8.412605
6134.1704 1676.2034 1621.9967 4.336106 8.403817
6137.746 1700.6847 1642.9343 3.4403732 8.461474
6141.322 1681.8623 1623.7384 3.6235151 8.415436
6144.8975 1668.7051 1614.6359 4.140059 8.385231
6148.4736 1682.9535 1626.7646 3.5581777 8.418021
6152.0493 1666.0779 1610.7953 3.3151877 8.375803
6155.625 1674.0247 1619.9286 2.904634 8.394164
6159.2007 1661.3492 1605.7308 4.3395166 8.3670635
6162.7764 1665.1047 1610.0054 3.7478569 8.374782
6166.352 1656.42 1602.8853 2.8323503 8.350139
6169.9277 1667.638 1611.1018 3.0537415 8.378961
6173.504 1652.201 1597.034 5.389382 8.347798
6177.0796 1646.1554 1592.045 4.308257 8.32916
6180.6553 1658.2218 1602.4514 3.013768 8.355248
6184.231 1642.786 1588.8071 4.70567 8.322423
6187.8066 1631.5018 1578.5807 4.134371 8.2921
6191.3823 1642.8435 1588.9717 3.284432 8.3182125
6194.958 1619.1466 1565.5543 4.06721 8.261093
6198.5337 1621.6841 1568.6572 5.039706 8.270345
6202.11 1608.5865 1555.6877 3.7318532 8.23299
6205.6855 1614.0361 1560.5101 2.417593 8.242539
6209.261 1612.1575 1561.3634 2.3816125 8.238081
6212.837 1618.2753 1566.679 3.9361706 8.258312
6216.4126 1605.678 1553.2847 3.0669825 8.223615
6219.9883 1586.8496 1534.302 2.6467843 8.174884
6223.564 1597.9514 1546.0315 3.7276602 8.206536
6227.14 1577.1901 1525.1525 3.3310468 8.152063
6230.716 1582.3677 1530.4832 4.0937037 8.167542
6234.2915 1588.8668 1536.4192 3.593798 8.182818
6237.867 1557.6034 1507.9421 4.2866654 8.105404
6241.443 1549.4559 1498.739 3.5279338 8.081617
6245.0186 1554.7272 1501.2633 2.8580253 8.092624
6248.594 1545.2964 1495.6484 3.5532365 8.070936
6252.17 1536.8278 1488.0957 3.4554753 8.0488205
6255.746 1532.4166 1481.7684 2.7798643 8.034925
6259.322 1540.7483 1492.4813 3.621533 8.059736
6262.8975 1535.245 1484.2261 2.7865498 8.04222
6266.473 1533.9495 1485.0642 5.136835 8.04696
6270.049 1526.979 1476.0603 3.0179858 8.021888
6273.6245 1515.0431 1466.6493 4.459131 7.995817
6277.2 1493.7354 1445.3176 2.7478824 7.934351
6280.7764 1466.1053 1416.4508 3.5484657 7.8639483
6284.352 1476.3154 1429.4462 3.408666 7.8909717
6287.9277 1479.783 1433.4404 2.150181 7.895672
6291.5034 1494.8722 1444.3479 3.5604446 7.9397035
6295.079 1494.1915 1444.9138 3.0461707 7.9365997
6298.655 1477.0499 1429.0515 3.2493355 7.8922615
6302.2305 1493.832 1445.856 4.782378 7.9416285
6305.806 1489.6605 1440.8136 5.1757483 7.932076
6309.3823 1478.915 1428.4908 2.605847 7.8944616
6312.958 1473.7101 1426.0522 5.145144 7.8900886
6316.5337 1480.8788 1432.8357 5.1292276 7.9083123
6320.1094 1488.4812 1440.609 4.121831 7.9256163
6323.685 1478.369 1430.5872 4.015661 7.898455
6327.2607 1471.8007 1422.9448 3.1853218 7.8784018
6330.8364 1458.3403 1412.0573 3.2584145 7.8433027
6334.4126 1446.3033 1398.9169 4.642112 7.8149214
6337.9883 1462.6859 1416.0537 4.549491 7.8593
6341.564 1467.4875 1420.9199 3.696346 7.8687468
6345.1396 1469.6387 1421.3955 3.5938613 7.8738756
6348.7153 1464.0895 1416.0168 2.7910461 7.8564906
6352.291 1452.519 1403.9127 4.110058 7.8301454
6355.8667 1438.8419 1394.6368 3.3619397 7.7916837
6359.4424 1443.5986 1396.6523 3.537866 7.8047934
6363.0186 1444.5282 1397.6494 4.07296 7.8092313
6366.594 1434.1145 1387.4067 3.7571518 7.7801886
6370.17 1438.874 1391.7621 4.068125 7.794119
6373.7456 1428.715 1382.7794 5.271586 7.7712445
6377.3213 1424.4069 1379.7291 4.4631357 7.7571163
6380.897 1426.087 1380.738 4.1384387 7.7605095
6384.4727 1430.7363 1386.49 4.9799523 7.7761908
6388.0483 1428.7682 1383.0337 3.181151 7.76459
6391.6245 1429.3728 1382.4661 3.6247938 7.76728
6395.2 1435.44 1388.7809 2.8905106 7.781237
6398.776 1422.8837 1376.0913 2.8755238 7.7475057
6402.3516 1422.148 1375.3732 3.9834335 7.7492123
6405.9272 1402.9211 1357.9106 3.909431 7.6971793
6409.503 1405.7167 1360.2804 4.0940742 7.7051406
6413.0786 1412.9033 1369.6389 3.170005 7.722027
6416.655 1425.2445 1378.4519 3.2840867 7.755227
6420.2305 1407.2676 1361.604 3.4050136 7.7075276
6423.806 1403.4258 1356.9319 3.3570704 7.696569
6427.382 1416.803 1369.3038 3.52063 7.7330394
6430.9575 1405.0183 1360.347 3.1229393 7.7006044
6434.533 1403.2207 1357.3297 2.5936973 7.6938233
6438.109 1402.6293 1357.5457 4.7548547 7.6995926
6441.6846 1407.6863 1361.5857 3.4487994 7.7087116
6445.2607 1399.6495 1354.1002 4.0030384 7.6890225
6448.8364 1395.4054 1351.65 3.7946284 7.6768064
6452.412 1390.0818 1343.2991 3.1991777 7.660247
6455.988 1380.268 1334.772 3.9370623 7.6360216
6459.5635 1399.227 1352.093 2.0474489 7.6809754
6463.139 1372.6278 1328.3276 3.727493 7.614853
6466.715 1381.0358 1334.7909 2.3123236 7.6323366
6470.291 1364.663 1319.4313 3.9536257 7.5935907
6473.8667 1362.6494 1319.8356 3.5356815 7.587236
6477.4424 1375.9377 1330.0817 2.333657 7.61886
6481.018 1358.4458 1312.1216 4.1595564 7.576829
6484.5938 1366.7571 1321.1241 3.6447177 7.5981565
6488.1694 1371.3838 1327.9226 3.1092823 7.6096807
6491.745 1349.0242 1303.7389 2.8034782 7.5466757
6495.321 1349.8704 1303.0994 4.195993 7.553983
6498.897 1349.7352 1302.4708 3.5760536 7.551277
6502.4727 1343.1162 1299.3988 4.7034016 7.537289
6506.0483 1342.3881 1295.3945 4.374663 7.533628
6509.624 1338.9943 1292.9448 3.4625096 7.5212855
6513.1997 1336.5864 1288.3403 2.3159933 7.510111
6516.7754 1333.0823 1287.9036 3.786174 7.506573
6520.351 1320.597 1275.1609 4.7842436 7.474595
6523.9272 1305.9017 1263.0132 4.3680706 7.4323926
6527.503 1320.6522 1274.6616 5.075528 7.4759994
6531.0786 1312.9445 1266.7559 2.8913746 7.4467654
6534.6543 1319.3595 1272.4852 3.046496 7.465149
6538.23 1309.0403 1263.4164 4.027594 7.4399157
6541.8057 1289.7281 1242.9121 3.640627 7.384422
6545.3813 1275.6565 1230.5947 2.5862823 7.3408527
6548.957 1270.6691 1225.127 2.719854 7.3272643
6552.533 1251.2152 1207.6217 5.142532 7.280816
6556.109 1194.1882 1149.3679 3.5106747 7.108592
6559.6846 1150.0708 1109.3749 3.3228927 6.9781704
6563.2603 1079.6061 1042.9021 3.5003266 6.76559
6566.836 1041.7477 1002.7169 4.034922 6.64846
6570.4116 1058.5796 1020.0649 2.8242276 6.6971045
6573.9873 1122.7252 1084.3796 2.9523685 6.8949695
6577.5635 1182.301 1138.8483 2.9981964 7.072535
6581.139 1230.1392 1186.8828 4.2098694 7.2168183
6584.715 1229.6715 1184.4065 3.1770375 7.211399
6588.2905 1256.8303 1214.1927 3.9374485 7.292719
6591.866 1251.19 1203.6166 2.7589452 7.271655
6595.442 1250.4396 1205.0172 3.4025264 7.2721744
6599.0176 1276.5566 1229.9818 2.7012496 7.344499
6602.5933 1269.8263 1223.3629 3.232659 7.3273916
6606.1694 1272.8254 1227.6879 2.8245378 7.334415
6609.745 1286.187 1238.3374 2.9107485 7.372254
6613.321 1269.7338 1220.9905 3.3337224 7.3268194
6616.8965 1266.4243 1220.4443 2.4665453 7.3148537
6620.472 1281.1665 1233.8528 2.2668505 7.355733
6624.048 1274.1798 1227.639 1.7702936 7.3341274
6627.6235 1257.2695 1212.5953 2.8704584 7.2904797
6631.1997 1248.0604 1203.064 5.350712 7.2728972
6634.7754 1260.831 1213.6744 2.7368867 7.2997155
6638.351 1264.7871 1219.0623 2.8110569 7.3112383
6641.927 1256.9833 1210.3434 3.766863 7.2928967
6645.5024 1261.2737 1212.1849 2.3120492 7.299255
6649.078 1249.2618 1200.5632 3.7303357 7.2699103
6652.654 1258.1423 1211.6555 3.620543 7.295838
6656.2295 1241.06 1195.2798 3.295957 7.245908
6659.8057 1249.3629 1201.8239 2.290261 7.2657204
6663.3813 1246.1581 1198.9375 1.777759 7.2545376
6666.957 1243.1956 1197.7418 3.3507116 7.252273
6670.5327 1226.9615 1178.3848 3.714671 7.20626
6674.1084 1231.3456 1183.7762 4.1080513 7.2205396
6677.684 1240.1814 1193.2131 2.800814 7.241104
6681.26 1229.8676 1181.9058 4.2716475 7.2163243
6684.836 1234.2301 1185.7572 2.6642227 7.223439
6688.4116 1239.7644 1192.5602 2.8608248 7.240225
6691.9873 1219.5743 1175.1188 3.1917655 7.1835947
6695.563 1213.2152 1165.1072 3.1890554 7.1648626
6699.1387 1219.2437 1170.9813 3.1399302 7.181739
6702.7144 1229.4119 1180.0271 3.529459 7.212366
6706.29 1215.1495 1171.2515 3.742888 7.1734614
6709.8657 1211.372 1164.2039 3.8239322 7.161943
6713.442 1211.053 1164.3624 2.9244034 7.1580043
6717.0176 1200.7513 1153.1144 3.3553536 7.12928
6720.5933 1203.3594 1155.4437 5.5478454 7.1453753
6724.169 1197.994 1150.4918 3.3322692 7.120846
6727.7446 1207.3438 1159.5404 3.7807705 7.150105
6731.3203 1213.9341 1169.268 5.0787225 7.1750197
6734.896 1204.0175 1158.8815 3.4091837 7.1399245
6738.472 1184.4657 1140.2805 3.8484566 7.083486
6742.048 1202.6637 1157.2124 2.9462733 7.1336255
6745.6235 1190.8402 1142.8344 2.0755184 7.095508
6749.199 1180.2245 1130.9127 3.6001432 7.069666
6752.775 1177.8179 1129.9623 4.8193545 7.067364
6756.3506 1191.7361 1144.9396 3.4239323 7.103528
6759.9263 1180.5265 1135.0874 3.6760576 7.0717797
6763.502 1193.9685 1148.2272 2.3346832 7.106064
6767.078 1185.791 1138.4436 2.7150838 7.083655
6770.654 1176.2646 1129.4562 3.4445798 7.057973
6774.2295 1174.9547 1126.9641 4.1501703 7.056673
6777.805 1171.081 1124.39 3.0060308 7.0411425
6781.381 1183.9614 1135.8822 3.501588 7.080865
6784.9565 1188.6741 1141.9484 2.4495666 7.0907545
6788.532 1177.21 1127.5297 1.9368844 7.0542808
6792.1084 1169.6848 1123.5198 2.8811538 7.036266
6795.684 1165.6735 1120.8875 3.5080576 7.0277176
6799.26 1155.7682 1112.422 2.0730076 6.9929166
6802.8354 1164.5507 1116.2397 2.84343 7.0210276
6806.411 1152.8063 1104.9867 3.8475506 6.9898205
6809.987 1157.1633 1108.8379 3.8538418 7.002899
6813.5625 1156.516 1109.6454 3.049942 6.9982877
6817.138 1159.6234 1110.8909 4.1430135 7.011577
6820.7144 1156.1395 1106.2217 3.222249 6.997326
6824.29 1150.0988 1101.8254 4.096071 6.9832416
6827.8657 1140.9237 1092.1099 3.4540966 6.9528728
6831.4414 1137.1377 1090.9381 4.539851 6.94617
6835.017 1135.1162 1088.1279 4.2700477 6.939088
6838.593 1139.7329 1093.6599 3.1691053 6.9490123
6842.1685 1117.0242 1073.095 4.0840745 6.883887
6845.744 1135.4885 1090.1252 3.0134745 6.9357886
6849.3203 1127.7386 1078.553 3.1416414 6.912025
6852.896 1125.5739 1079.379 3.770072 6.908542
6856.4717 1116.3176 1068.895 1.8459909 6.872424
6860.0474 1112.8746 1066.4148 3.1494987 6.8677053
6863.623 1046.0339 1005.8914 3.1578326 6.6615376
6867.1987 930.1543 892.1166 3.5824065 6.290852
6870.7744 853.89734 813.7251 3.4575052 6.030313
6874.3506 849.4603 810.9854 1.9589518 6.008359
6877.9263 912.4731 871.9523 2.619541 6.2267036
6881.502 981.7622 938.3838 3.0509741 6.4570065
6885.0776 988.65533 946.13763 3.2815003 6.4801207
6888.6533 978.04065 934.81903 2.8399758 6.4437037
6892.229 955.5238 915.78925 2.374672 6.3688426
6895.8047 946.5063 907.96814 4.056375 6.3466516
6899.3804 970.4708 931.3701 2.4499354 6.418016
6902.9565 996.67474 955.0697 4.123914 6.5098395
6906.532 1009.9071 964.6114 4.4668956 6.552719
6910.108 1014.5592 969.3369 4.5058637 6.567863
6913.6836 1020.5615 977.7906 3.8650787 6.58417
6917.2593 1044.5935 999.36414 2.7580566 6.6555963
6920.835 1047.6765 1001.60315 1.8996047 6.661466
6924.4106 1053.1289 1007.42993 2.9470532 6.6830997
6927.987 1040.7676 996.7543 3.6719897 6.647642
6931.5625 1047.1047 1001.48956 2.765649 6.6638374
6935.138 1045.4137 998.00256 3.573925 6.6615577
6938.714 1037.6189 994.10944 5.4577956 6.6455584
6942.2896 1045.3351 1001.0633 3.2385027 6.6602063
6945.865 1056.889 1012.9845 3.1601872 6.696447
6949.441 1056.6473 1010.93744 4.1600504 6.699346
6953.0166 1055.0997 1006.13574 4.2940054 6.6951685
6956.593 1060.4906 1014.2349 3.626705 6.709829
6960.1685 1046.352 1000.0189 3.7697737 6.665828
6963.744 1061.6238 1014.5434 2.9272554 6.7098064
6967.32 1060.4629 1012.66675 3.7337806 6.7097216
6970.8955 1065.6102 1019.98047 3.5940309 6.725611
6974.471 1072.3447 1023.65485 2.7999022 6.7426324
6978.047 1050.7002 1002.79083 2.8409827 6.675511
6981.623 1056.2251 1009.2396 3.7757142 6.6967444
6985.1987 1030.2003 982.8131 5.012513 6.620602
6988.7744 1036.0529 989.0368 3.5709836 6.6326733
6992.35 1042.2572 994.9867 4.142102 6.65454
6995.926 1049.023 1002.0691 4.561912 6.678068
6999.5015 1040.2865 993.4278 3.501976 6.6463604
7003.077 1041.4203 995.7766 3.5966818 6.650208
7006.653 1033.0742 987.0203 3.5842612 6.62382
7010.229 1024.869 979.05255 3.497248 6.597882
7013.8047 1046.0405 999.6923 3.9931765 6.6666284
7017.3804 1032.4742 987.3384 3.9475622 6.6234646
7020.956 1019.30225 973.47034 3.634211 6.5802994
7024.5317 1038.4729 990.2413 1.3790871 6.631166
7028.1074 1037.1886 989.553 2.3040802 6.631461
7031.683 1031.17 985.2762 3.3041759 6.617099
7035.2593 1023.9315 977.8499 2.1089752 6.5885196
7038.835 1019.5544 971.9336 3.081425 6.578969
7042.4106 1018.83594 971.4191 3.1592057 6.577359
7045.9863 1018.2039 973.44006 3.4269183 6.577088
7049.562 1020.47174 973.44763 3.7717013 6.5850453
7053.1377 1010.69495 963.4292 3.6425452 6.5537405
7056.7134 1004.3479 960.6192 4.3714046 6.537559
7060.289 1013.1636 967.0341 4.046067 6.5632544
7063.865 1008.5725 961.5409 3.780408 6.547691
7067.441 1008.0918 962.2296 3.4860015 6.545259
7071.0166 1006.68854 958.59735 2.5864801 6.536368
7074.5923 1014.0653 968.453 3.4240847 6.5638037
7078.168 1007.0227 960.8699 2.8932705 6.5391808
7081.7437 1011.4248 964.45056 3.1247046 6.5540376
7085.3193 1011.82495 964.0267 3.1424575 6.5546374
7088.8955 1007.20514 964.5448 4.1154284 6.5455737
7092.471 1002.3209 955.9133 3.322611 6.5254655
7096.047 994.4198 951.5025 4.2531366 6.505165
7099.6226 1000.65466 955.08954 3.1254628 6.5204325
7103.198 990.5909 941.28156 1.5539093 6.479532
7106.774 993.2484 946.96216 3.304659 6.4964724
7110.3496 991.2432 944.0416 3.9794009 6.4932995
7113.9253 988.239 942.73175 3.2340307 6.4807286
7117.5015 986.2021 944.7386 3.117877 6.474256
7121.077 987.3457 942.1913 3.6273055 6.479663
7124.653 981.5326 937.13934 3.074806 6.45859
7128.2285 980.61487 936.7532 2.85465 6.454523
7131.804 981.55316 935.7342 2.9955482 6.458353
7135.38 982.3161 937.61707 4.6368623 6.468648
7138.9556 972.7021 925.5024 4.06199 6.43379
7142.5317 972.2735 923.7279 2.9844315 6.4276366
7146.1074 988.1071 937.92163 4.216583 6.484038
7149.683 978.1312 930.6109 3.499887 6.4489684
7153.259 961.06067 915.95636 3.5461915 6.3943877
7156.8345 957.728 912.3319 3.5039036 6.3830557
7160.41 945.47174 901.6742 2.9136665 6.340637
7163.986 930.4503 886.00366 3.667446 6.2941437
7167.5615 925.4499 882.1918 3.4566643 6.277172
7171.1377 903.01825 862.2873 4.067305 6.205731
7174.7134 893.8168 852.30316 4.2564645 6.1746616
7178.289 894.66656 852.126 3.3873925 6.173348
7181.8647 894.89874 851.72974 1.9090247 6.167411
7185.4404 894.4103 850.7175 1.9731054 6.1658998
7189.016 892.6327 848.0047 2.8863723 6.1638546
7192.592 889.5452 846.6894 2.8043787 6.153523
7196.168 894.6052 852.79144 2.7472746 6.170776
7199.7437 905.51324 860.416 3.66786 6.2112494
7203.3193 911.0731 867.812 2.6946974 6.2258515
7206.895 931.58215 889.7591 2.7382174 6.2945642
7210.4707 934.8418 888.9427 2.9254923 6.305156
7214.0464 921.55115 876.1288 3.9795778 6.2661896
7217.622 923.17834 880.46643 3.3667915 6.2694554
7221.1978 915.85474 870.76733 2.3990338 6.2399387
7224.774 900.7185 857.30743 4.5266514 6.19939
7228.3496 901.8291 858.24194 4.6898603 6.2039223
7231.9253 893.3584 850.08887 4.160704 6.172856
7235.501 889.13544 845.37427 4.514277 6.1602798
7239.0767 888.88824 846.31305 4.098761 6.1585217
7242.6523 893.949 851.547 3.868719 6.1748595
7246.228 878.8427 836.76495 3.8718088 6.122916
7249.804 879.6178 835.9384 4.0859127 6.1264753
7253.38 883.1515 841.31696 3.0673974 6.1343217
7256.9556 877.95044 836.1002 3.8346272 6.120123
7260.5312 890.0457 845.7107 2.7889593 6.1552553
7264.107 883.0734 839.6768 2.4825728 6.1312585
7267.6826 868.1499 825.3084 4.635171 6.089773
7271.2583 881.38257 834.0833 5.356083 6.1373706
7274.834 877.1462 832.17523 4.8369684 6.121266
7278.41 882.19196 835.4895 3.25167 6.1308074
7281.986 884.87384 838.5151 4.304298 6.145089
7285.5615 866.7627 827.3906 4.5107536 6.0854745
7289.137 880.4488 838.36176 3.4555469 6.12679
7292.713 874.5449 833.0546 3.000618 6.104332
7296.2886 867.2145 825.5756 2.5278656 6.0768094
7299.8643 876.44525 832.7424 3.658735 6.1129603
7303.44 883.7323 838.0525 2.8876405 6.134649
7307.016 872.7498 827.9735 3.0978146 6.0984607
7310.592 881.7957 836.9051 3.9318566 6.1335034
7314.1675 889.947 845.59045 3.7503402 6.160947
7317.743 880.96735 836.93256 3.2844489 6.1280355
7321.319 876.7996 835.6606 4.0005884 6.117567
7324.8945 871.10657 828.61804 4.387049 6.0995674
7328.47 874.26404 828.6134 3.6542842 6.106247
7332.0464 878.97705 833.7991 4.0082235 6.124237
7335.622 883.2525 837.78107 3.284623 6.1351986
7339.1978 875.9586 828.3473 4.6498003 6.117179
7342.7734 868.6737 824.96655 4.201105 6.0901027
7346.349 873.2196 829.4489 3.8664742 6.1039324
7349.925 870.1962 826.05865 2.5180526 6.087619
7353.5005 856.4864 814.9753 2.7006934 6.042195
7357.076 858.4845 819.0953 4.262366 6.0568776
7360.6523 862.4942 819.6263 3.4620254 6.066662
7364.228 856.5635 816.2459 4.0204763 6.048882
7367.8037 859.32916 821.2455 2.6740263 6.0526314
7371.3794 849.88043 809.85724 2.9243972 6.021211
7374.955 849.0227 807.0861 1.5294068 6.0106955
7378.531 851.0671 802.12463 2.0018256 6.0183425
7382.1064 847.6271 805.2992 4.001867 6.01761
7385.6826 851.6625 813.0465 4.077364 6.033003
7389.2583 851.51636 808.7531 3.7304451 6.0293484
7392.834 847.43085 804.1859 3.7598684 6.015698
7396.4097 854.3558 812.55304 3.5885859 6.038481
7399.9854 846.51404 805.8775 2.5501482 6.00659
7403.561 844.74713 803.7156 2.8994803 6.0023603
7407.1367 843.0489 798.98914 3.1175563 5.9976716
7410.7124 850.5985 804.14 2.7018433 6.0214763
7414.2886 848.26636 801.83844 4.459408 6.0220337
7417.8643 849.2116 800.42584 2.7863233 6.0166693
7421.44 836.42395 796.16736 3.877621 5.97823
7425.0156 834.6409 793.67474 3.5654037 5.970287
7428.5913 833.0943 789.18555 3.0991786 5.9626822
7432.167 839.1003 797.076 3.3887777 5.984892
7435.7427 840.635 795.33496 3.6186123 5.9915547
7439.319 834.6937 788.1215 2.9579537 5.9675364
7442.8945 830.04584 784.2143 4.750487 5.9602933
7446.47 824.0303 783.675 4.3878703 5.938608
7450.046 827.78467 782.2886 3.263876 5.9455295
7453.6216 814.46564 775.08734 4.316957 5.904112
7457.1973 821.431 779.3901 5.0897603 5.934257
7460.773 829.74286 784.9858 2.6323216 5.9511776
7464.3486 808.3764 768.3814 3.0361698 5.8782806
7467.925 816.325 771.4014 3.3652806 5.9072695
7471.5005 826.6058 780.8859 4.4324846 5.948942
7475.076 810.5916 772.0814 3.1621828 5.8869286
7478.652 807.91486 769.74536 2.947947 5.8768997
7482.2275 814.9992 775.4811 4.0720315 5.9085445
7485.803 806.1425 766.85474 3.4965239 5.873748
7489.379 808.7312 766.4687 2.4920647 5.8771386
7492.955 806.4294 765.4737 3.2243223 5.873019
7496.531 788.4323 750.9928 1.7685902 5.8010674
7500.1064 803.8092 761.9936 1.4286789 5.8541284
7503.682 797.6615 758.5899 3.6802797 5.843622
7507.258 797.53723 759.9924 4.140554 5.846458
7510.8335 812.02795 770.8496 3.9936397 5.8977757
7514.409 795.9948 756.10614 3.4142883 5.837171
7517.985 791.3326 748.6921 3.139337 5.819487
7521.561 790.73517 751.8743 2.6815283 5.8159547
7525.1367 791.1806 755.86584 3.4451559 5.8208637
7528.7124 787.4178 750.6723 3.674371 5.8088856
7532.288 769.60815 733.49695 3.7980838 5.7439303
7535.864 768.8682 733.46533 4.2505646 5.742573
7539.4395 774.6251 738.1046 3.1661162 5.7590775
7543.015 779.1285 741.2621 3.4010484 5.7750473
7546.5913 770.3267 729.75824 3.0978932 5.740143
7550.167 767.8502 726.1944 2.4233441 5.7282605
7553.7427 775.48193 733.1243 2.3439636 5.755848
7557.3184 777.095 737.402 3.4970627 5.7675967
7560.894 774.6326 735.7747 3.109533 5.7566586
7564.4697 772.8605 732.45996 1.8324906 5.7444973
7568.0454 763.56885 723.3116 3.0632741 5.716583
7571.621 712.1115 675.5303 3.363169 5.5267816
7575.1973 612.07886 575.64813 2.6687622 5.132368
7578.773 456.68835 429.07718 3.5399706 4.4539995
7582.3486 307.4802 294.4585 3.7402477 3.6945722
7585.9243 229.4345 222.8425 1.9094483 3.2000344
7589.5 217.61761 211.82765 1.7980881 3.1233258
7593.0757 284.92123 269.76785 2.61969 3.546454
7596.6514 393.94055 373.78146 2.0518916 4.1428156
7600.2275 476.7165 451.55927 1.3034803 4.537896
7603.803 494.21494 464.16086 2.394768 4.6247
7607.379 448.87756 423.34213 3.6144996 4.4217334
7610.9546 405.72055 382.79703 3.58883 4.2132688
7614.5303 405.2667 382.44406 2.614566 4.203113
7618.106 418.48367 394.75394 2.6133587 4.26903
7621.6816 443.2393 419.68747 3.5122633 4.394536
7625.2573 480.2923 455.7319 2.080866 4.560579
7628.8335 509.33722 481.72806 2.448389 4.694095
7632.409 539.0281 509.22852 3.5245187 4.832872
7635.985 578.5474 546.6949 2.427696 4.9934645
7639.5605 615.44476 578.7463 2.3618171 5.145903
7643.136 623.1578 587.635 4.090831 5.187588
7646.712 642.2732 609.26434 3.3116024 5.2599754
7650.2876 659.2359 624.5683 1.4924724 5.316341
7653.864 664.99817 634.14685 1.1868104 5.337402
7657.4395 695.01086 655.66833 1.8233726 5.456687
7661.015 700.51263 659.2079 2.8616242 5.481518
7664.591 702.33136 663.21014 3.3269453 5.4926248
7668.1665 701.1951 661.6433 3.682673 5.488979
7671.742 706.68756 665.7462 3.04131 5.5059824
7675.318 709.82196 673.5495 1.7176793 5.5122814
7678.8936 716.61334 679.3962 2.1025174 5.53968
7682.4697 724.9541 685.39795 2.5193748 5.5732574
7686.0454 713.1532 679.3268 3.5417457 5.5352635
7689.621 716.80396 678.90796 4.074272 5.5535703
7693.197 709.6982 670.4857 4.4185195 5.5295715
7696.7725 712.8281 675.264 3.8845148 5.5374236
7700.348 706.3513 668.6394 4.19592 5.516312
7703.924 709.1239 667.9689 4.557924 5.5288587
7707.5 711.1734 669.21936 3.9442158 5.5321064
7711.0757 707.5625 669.3625 3.7019 5.518403
7714.6514 702.9134 661.5132 3.475404 5.497453
7718.227 700.8829 664.01135 2.7252283 5.486572
7721.8027 700.7979 661.6178 3.393073 5.4894943
7725.3784 712.2849 674.68036 4.286982 5.5389185
7728.954 702.2422 668.6434 6.2819915 5.513117
7732.53 704.9598 667.33185 4.9232917 5.515982
7736.106 703.6259 661.8862 3.912508 5.5035653
7739.6816 710.22675 671.79584 4.305932 5.5320177
7743.2573 689.22345 655.82367 3.5713778 5.447697
7746.833 697.61847 659.4661 4.516806 5.4841933
7750.4087 678.4712 646.80536 2.5775402 5.40051
7753.9844 681.3427 648.48804 2.8723752 5.413981
7757.56 693.7026 653.8069 3.3897655 5.4637365
7761.1357 684.37054 648.8559 4.245635 5.4306064
7764.712 690.59283 657.5475 2.8015707 5.4478765
7768.2876 685.5976 649.64233 3.9895177 5.4337473
7771.8633 690.07086 651.2381 2.7004352 5.4433
7775.439 667.73376 637.80817 4.4367576 5.3690886
7779.0146 676.36884 640.7748 4.5422783 5.40141
7782.5903 672.4301 641.46313 3.4017515 5.38066
7786.166 669.8616 630.3248 3.7444196 5.3699303
7789.742 679.22656 639.06134 1.7181039 5.3957233
7793.318 678.31506 635.99207 2.746989 5.397104
7796.8936 659.4711 625.9872 4.309877 5.3346534
7800.469 663.43335 625.47455 2.4367814 5.3380427
7804.045 666.3225 627.0215 4.2700663 5.361325
7807.6206 655.2734 621.66656 4.109627 5.3177934
7811.1963 659.36945 623.2854 2.5962532 5.3245487
7814.772 656.65094 624.873 3.6010487 5.320908
7818.348 651.93463 620.6269 3.8870158 5.3051634
7821.924 652.3243 617.36914 2.6866233 5.2983537
7825.4995 655.79144 616.2816 3.0502896 5.314127
7829.075 654.63806 618.1474 3.7969563 5.3149505
7832.651 649.9353 613.1943 3.0027256 5.2910156
7836.2266 650.782 611.65314 2.7869358 5.2923317
7839.8022 647.18396 611.31305 4.683633 5.2919188
7843.3784 650.5343 617.4148 4.8859024 5.305598
7846.954 652.89435 617.53784 3.2415402 5.303499
7850.53 654.1299 614.63947 3.7426307 5.31054
7854.1055 640.15356 603.17206 4.1822987 5.2578573
7857.681 628.67126 597.511 3.230088 5.208005
7861.257 639.5764 604.96045 3.5634315 5.2530513
7864.8325 645.22504 603.896 3.826735 5.277008
7868.408 638.98157 598.93616 4.4627357 5.2549577
7871.9844 628.1804 592.8336 4.781394 5.215305
7875.56 634.28143 596.9121 3.6853657 5.23394
7879.1357 635.6624 595.9253 3.3648508 5.2371173
7882.7114 638.51587 603.1701 2.6333761 5.245134
7886.287 635.11237 595.5859 4.7434134 5.2426724
7889.863 635.67377 598.16437 4.4978075 5.2455273
7893.4385 640.2092 603.3132 2.9534752 5.257395
7897.0146 629.10785 588.98096 4.2340446 5.2188764
7900.5903 638.4029 600.79425 3.3442214 5.248383
7904.166 629.1703 592.6729 2.1269066 5.2045016
7907.7417 634.04346 592.77716 2.6392229 5.2257996
7911.3174 623.0802 584.0075 2.9428601 5.1844153
7914.893 637.8687 597.51227 4.3764215 5.254367
7918.4688 630.82654 593.23364 2.960584 5.216511
7922.0444 624.4282 585.03033 3.3732095 5.194899
7925.6206 618.9526 584.66705 3.7777073 5.176861
7929.1963 627.95557 591.29803 2.3423874 5.2054834
7932.772 622.3807 586.58124 2.3529525 5.1837807
7936.3477 616.6604 579.15814 3.3909948 5.166181
7939.9233 618.23267 579.5166 3.292925 5.171446
7943.499 611.16583 574.36456 3.9284356 5.1453824
7947.0747 620.89655 582.05347 3.3444564 5.1799674
7950.651 617.88403 577.0132 3.5313978 5.1690316
7954.2266 617.5532 581.21436 2.5995064 5.1614804
7957.8022 612.5805 574.64154 3.1951935 5.1449885
7961.378 618.9043 579.5489 3.7347627 5.1752796
7964.9536 616.3401 578.92944 3.8770733 5.166308
7968.5293 611.12756 574.506 3.730966 5.143659
7972.105 608.81824 568.48 2.5940752 5.1248384
7975.6807 604.47046 564.255 4.0977154 5.116865
7979.257 609.9126 569.9498 4.2927356 5.140588
7982.8325 601.26825 561.52954 3.1272392 5.097951
7986.408 598.6772 559.2887 2.2981036 5.08243
7989.984 608.579 568.0517 2.764814 5.1264186
7993.5596 602.36005 562.8956 3.1838202 5.1037755
7997.1353 594.23553 556.2632 2.860129 5.068518
8000.711 596.45374 562.281 3.8732555 5.0870066
8004.287 594.478 561.40967 4.2649646 5.081471
8007.863 587.8575 551.29407 3.9870503 5.0508523
8011.4385 591.8225 554.9636 2.938534 5.060871
8015.014 586.7883 546.8563 2.7462802 5.037237
8018.59 591.92944 550.59906 1.8708669 5.0526223
8022.1655 597.5467 556.77075 3.1847477 5.0846133
8025.741 589.88513 552.7287 4.641772 5.06515
8029.317 586.6659 544.39294 2.7485259 5.0366035
8032.893 584.65106 544.8352 3.4459598 5.0330477
8036.4688 583.41595 548.33136 2.527168 5.023438
8040.0444 578.8416 538.78735 3.0300715 5.0058856
8043.62 580.6885 542.4666 3.4239838 5.0169
8047.196 589.1714 546.14545 2.3406413 5.0448174
8050.7715 571.4282 529.5681 3.1487944 4.9748693
8054.347 589.6487 547.4614 2.6708767 5.0487137
8057.9233 576.04193 539.85016 2.8894796 4.9928846
8061.499 567.2233 532.2839 3.3293521 4.9612412
8065.0747 573.39484 536.9842 3.198867 4.985602
8068.6504 570.7101 531.2532 1.8853337 4.966432
8072.226 575.29504 537.46826 2.5183108 4.9900913
8075.802 578.2567 540.02203 2.853803 5.0044923
8079.3774 572.6736 533.9622 2.0683453 4.9761724
8082.953 568.9079 527.7747 2.6425316 4.9624057
8086.5293 565.63385 524.69916 2.5262353 4.948459
8090.105 568.02167 527.6417 1.6522294 4.952446
8093.6807 573.8245 531.6258 2.6300697 4.982699
8097.2563 564.5974 526.7021 3.08318 4.9481225
8100.832 555.4811 520.3824 2.1868503 4.904403
8104.4077 554.2757 517.5793 2.061614 4.898322
8107.9834 548.3194 510.9929 3.0480697 4.879196
8111.5596 543.8203 507.57727 3.2660897 4.862853
8115.1353 537.11926 504.42166 1.4630706 4.82112
8118.711 541.2553 502.8602 2.758077 4.8474803
8122.2866 534.4568 499.0761 2.8209653 4.818415
8125.8623 536.99664 498.35205 2.403945 4.826838
8129.438 529.3728 489.15598 1.8091993 4.788777
8133.0137 530.58435 494.0762 0.7856985 4.7878265
8136.5894 521.49475 482.50198 2.8828669 4.762216
8140.1655 510.45883 475.17438 4.291086 4.724509
8143.741 521.3792 481.44855 3.7359276 4.7664633
8147.317 516.93195 481.45334 2.4950345 4.740388
8150.8926 519.827 484.97415 1.7619938 4.749362
8154.4683 513.3457 477.63715 1.9639643 4.7208214
8158.044 518.0836 482.00128 2.3830142 4.746838
8161.6196 521.8585 477.32568 1.8573626 4.757476
8165.196 517.527 478.866 3.2221105 4.7490525
8168.7715 521.0537 483.31323 2.4377568 4.758121
8172.347 518.907 475.852 2.6307538 4.7499847
8175.923 523.6025 485.0332 2.17665 4.7693624
8179.4985 528.17865 497.92743 1.5111371 4.787205
8183.074 518.16064 487.9324 3.3854196 4.757285
8186.65 514.23303 479.0845 2.6202483 4.733875
8190.2256 518.67346 483.5405 1.7015864 4.7487
8193.802 518.2707 481.41583 2.9188635 4.7547174
8197.377 506.04025 468.16687 2.3121665 4.695526
8200.953 492.0522 456.9921 1.3215628 4.6236567
8204.528 475.24106 441.63428 2.159483 4.5555196
8208.1045 487.0464 445.79388 2.7347298 4.6113777
8211.681 489.7675 455.99698 4.5658374 4.637587
8215.256 501.93085 463.30618 1.4235075 4.667199
8218.832 500.37607 464.61862 1.8951776 4.6637964
8222.407 500.74573 466.0994 1.7218198 4.667203
8225.983 507.5243 469.86948 3.068051 4.707988
8229.559 499.3054 466.99924 3.6745505 4.676506
8233.135 499.0808 465.83292 2.9628594 4.673107
8236.711 520.67456 475.93652 2.4920044 4.7606807
8240.286 504.3693 467.32935 1.5292495 4.679769
8243.862 501.1094 468.46747 2.1663291 4.67265
8247.4375 504.04935 464.4383 2.0780268 4.6831894
8251.014 500.33768 458.36203 1.3762212 4.6605616
8254.589 498.74445 456.13983 1.8953683 4.6584272
8258.165 497.01428 456.01 2.7154708 4.657189
8261.741 498.3368 458.94885 2.8713844 4.663193
8265.316 492.4528 452.9911 3.08464 4.637862
8268.893 490.37372 454.10135 4.5737224 4.64149
8272.468 490.91702 453.46164 4.5242963 4.642948
8276.044 503.2971 465.08847 3.6911616 4.6932936
8279.619 501.81592 460.6836 3.6125014 4.684611
8283.195 495.1194 455.07507 4.0815024 4.657225
8286.771 490.98413 452.00513 3.572189 4.6366425
8290.347 485.33908 441.7753 3.4887094 4.608435
8293.923 484.8009 447.7497 3.075797 4.6051154
8297.498 477.1062 439.11697 2.47091 4.5650992
8301.074 477.44244 442.86246 2.189141 4.564637
8304.649 478.14603 442.58557 2.6045077 4.5713596
8308.226 473.88318 438.44696 3.3309834 4.559779
8311.801 471.1445 436.0905 2.7739608 4.5420327
8315.377 476.79443 435.7321 2.8455923 4.566179
8318.953 470.8832 433.259 3.954484 4.5478606
8322.528 459.6113 430.31055 3.960877 4.4968886
8326.1045 455.38858 426.02185 4.4021854 4.4828625
8329.68 454.0503 423.34988 4.8228827 4.480834
8333.256 457.49466 426.76013 3.1229658 4.4824805
8336.831 461.4372 426.65445 2.243459 4.4944487
8340.407 469.28 429.9266 1.9161057 4.5265822
8343.983 464.04776 431.77573 1.5740187 4.501648
8347.559 475.99512 434.34338 2.591117 4.5632744
8351.135 464.92172 428.23306 2.4337 4.511387
8354.71 465.8702 424.4158 1.5381786 4.5090895
8358.286 475.33853 435.93317 1.6686047 4.553013
8361.861 472.38657 433.7923 2.8172977 4.5500126
8365.4375 475.47443 436.20065 2.58258 4.562779
8369.014 466.8588 430.44223 4.262413 4.536658
8372.589 469.6951 428.29337 4.330329 4.548619
8376.165 471.8369 432.21204 2.9288466 4.5479927
8379.74 469.10764 431.06927 3.2826176 4.537263
8383.316 458.91785 423.44916 3.8218927 4.495056
8386.892 457.36005 422.03934 3.5605037 4.488265
8390.468 470.12616 428.10696 2.8528144 4.541272
8394.044 466.77155 426.7526 2.2216926 4.5202103
8397.619 462.55716 424.96582 3.7922707 4.5129275
8401.195 464.68973 428.49066 4.9495387 4.534771
8404.7705 464.55222 425.65134 3.550027 4.5216827
8408.347 462.87732 424.4302 4.0853715 4.517586
8411.922 458.77374 421.09363 2.4662774 4.4851036
8415.498 453.39542 416.56903 3.5390296 4.4692287
8419.073 454.26355 420.77655 2.9401588 4.4700637
8422.649 451.417 420.5943 1.4262016 4.444718
8426.226 455.97345 415.0042 2.8099766 4.4749227
8429.801 452.6512 417.33063 2.988341 4.4611464
8433.377 464.7389 421.608 2.9541605 4.5151124
8436.952 460.06998 415.2641 3.714831 4.4988184
8440.528 445.9668 408.51764 3.8457904 4.4370713
8444.104 453.85416 413.59454 3.3050294 4.4704633
8447.68 454.25696 414.7037 2.9091372 4.468349
8451.256 445.4346 408.6113 3.187834 4.430144
8454.831 449.32483 413.0493 2.772108 4.4462237
8458.407 444.6482 410.12997 1.8147942 4.415708
8461.982 431.85162 396.56284 3.1463246 4.3651996
8465.559 443.7868 403.13907 3.2989266 4.4224176
8469.134 439.3222 404.238 2.110304 4.39398
8472.71 441.32642 403.78516 2.9891107 4.4115815
8476.286 443.62543 404.1004 1.6975034 4.409586
8479.861 438.867 401.1742 3.2584414 4.3998623
8483.4375 437.105 398.09106 3.2859018 4.393467
8487.013 435.10077 398.50864 3.3494558 4.3839445
8490.589 432.3197 395.9548 2.910123 4.365732
8494.164 433.48117 392.55908 3.1136618 4.374429
8497.74 444.0285 400.22025 2.4891253 4.4202404
8501.315 441.1939 401.32074 1.7418095 4.400075
8504.892 430.99173 391.5881 2.2762058 4.3556976
8508.468 440.43384 395.47833 0.75472456 4.386091
8512.043 432.10318 395.6002 1.2798269 4.3523073
8515.619 416.37515 385.32907 2.852132 4.294159
8519.194 424.12512 386.09723 2.3053844 4.3242006
8522.7705 440.3299 395.1252 1.7343029 4.394822
8526.346 423.98724 389.05447 2.5941944 4.3270087
8529.922 432.21875 392.83984 2.6584568 4.365745
8533.498 434.53894 386.63867 2.3816798 4.3734136
8537.073 426.26227 388.19006 2.3236756 4.3338943
8540.649 420.36496 382.6189 1.829032 4.301979
8544.225 419.8583 381.991 0.9656855 4.2929316
8547.801 418.2219 381.79016 1.9370993 4.2948575
8551.376 415.60138 378.37506 2.7757154 4.2890463
8554.952 423.22452 384.74142 1.6583858 4.3161635
8558.528 425.56293 385.35175 1.4895073 4.327471
8562.104 411.40268 375.9605 2.2351024 4.264041
8565.68 410.9794 373.55603 1.9537886 4.258724
8569.255 413.11996 377.57138 1.6590183 4.266097
8572.831 413.85678 372.49036 3.1076145 4.2826715
8576.406 406.48306 375.2769 2.4565868 4.2431364
8579.982 413.9087 370.74435 2.5670958 4.277716
8583.559 415.0696 380.1925 2.3341827 4.2822137
8587.134 411.42355 373.46228 2.944163 4.2699404
8590.71 406.09604 372.6656 2.1831472 4.238593
8594.285 406.05664 373.46796 2.4008553 4.241514
8597.861 408.89273 371.27148 3.301759 4.2616925
8601.437 401.47736 363.48328 3.4529042 4.2261853
8605.013 398.30286 359.34256 2.9375331 4.206422
8608.588 401.33325 364.91055 3.4526525 4.2252626
8612.164 397.2966 359.5616 5.344103 4.2218165
8615.74 403.11877 359.24628 3.7509181 4.235556
8619.315 396.74524 357.81433 3.1791315 4.202212
8622.892 403.1861 364.90726 2.9270601 4.2305045
8626.467 391.3424 357.52203 3.5582461 4.1827884
8630.043 397.01593 361.37283 3.3195071 4.2071958
8633.618 400.71414 360.67035 3.1788182 4.2229295
8637.194 392.72253 358.43497 2.7617273 4.180201
8640.7705 394.05258 358.19067 3.8353376 4.193417
8644.346 381.7675 349.0194 4.8199477 4.14235
8647.922 381.2773 347.2669 4.2649727 4.1357555
8651.497 394.34116 353.4421 4.480478 4.2004533
8655.073 389.37012 351.3923 3.491928 4.1688285
8658.648 387.17468 349.48425 2.2030046 4.147262
8662.225 387.0489 352.18167 4.050775 4.1628118
8665.801 385.27792 354.00903 2.3708532 4.1411433
8669.376 390.77765 347.28235 3.2010112 4.1735606
8672.952 390.35596 353.2612 0.70254123 4.151584
8676.527 384.1167 347.38147 1.8998291 4.1280966
8680.104 388.8152 351.17337 2.365736 4.1571746
8683.679 384.10825 346.04126 3.018305 4.1403937
8687.255 374.9769 337.94492 3.893062 4.101199
8690.831 384.459 346.49423 2.0474417 4.1326237
8694.406 384.3857 348.66754 1.8026291 4.133134
8697.982 378.13794 343.04782 3.0501523 4.112642
8701.558 380.91177 341.549 2.3513446 4.118114
8705.134 376.6547 337.55005 2.2038941 4.096763
8708.709 372.47742 337.58295 2.5192633 4.077215
8712.285 367.8259 336.74878 2.1221073 4.048111
8715.86 372.76074 336.48273 2.1412845 4.076634
8719.437 372.93704 336.32584 0.89358205 4.0669823
8723.013 371.0022 335.73184 1.3118402 4.059257
8726.588 375.69888 333.27356 1.0350858 4.0817122
8730.164 364.35217 329.0552 2.2639987 4.0358224
8733.739 351.25183 319.62344 2.5554452 3.969618
8737.315 359.71747 323.5549 2.1317885 4.0075965
8740.891 369.353 332.157 2.8339677 4.0661807
8744.467 363.32584 327.6424 2.8706806 4.035521
8748.043 361.0836 325.43942 3.0060952 4.023591
8751.618 369.13315 330.74475 3.8873687 4.074378
8755.194 371.79752 330.3661 3.2402751 4.0812154
8758.77 362.396 327.27277 4.611991 4.04845
8762.346 342.75955 316.09662 6.3516617 3.963261
8765.921 354.09534 320.9329 3.0623925 3.9903536
8769.497 354.55215 323.11343 2.8940465 3.9925122
8773.073 351.62585 318.15146 3.8446949 3.9843457
8776.648 351.81094 316.7536 2.7614162 3.9756253
8780.225 351.54993 316.6338 1.7314515 3.9640813
8783.8 352.95877 316.8653 1.7939494 3.9726765
8787.376 351.69504 314.50635 2.6706254 3.975129
8790.951 348.58145 314.0309 2.690997 3.959969
8794.527 350.78094 316.0333 1.4103384 3.9594724
8798.104 350.88217 313.38586 1.0105004 3.953962
8801.679 345.24478 311.1975 1.5184745 3.929844
8805.255 346.14185 311.7825 2.081357 3.9404633
8808.83 347.3413 316.48325 3.4529479 3.9627964
8812.406 352.20203 315.03644 3.6494546 3.9857376
8815.981 350.79926 309.11026 2.6118007 3.9656382
8819.558 341.06476 305.52347 4.85138 3.940912
8823.133 340.37582 305.44333 6.3166227 3.952453
8826.709 340.68478 303.22516 5.2807713 3.9415116
8830.285 337.52295 303.3565 3.1934652 3.9079916
8833.86 338.68152 307.43423 2.0172427 3.9031901
8837.437 337.656 305.81778 2.4128413 3.898624
8841.012 335.6933 301.78177 2.0276012 3.8851428
8844.588 338.19608 301.736 0.7189255 3.885164
8848.163 330.48508 296.79373 1.387677 3.852025
8851.739 323.02704 293.3121 2.1137767 3.8213353
8855.315 326.49152 295.0177 2.0397098 3.8396688
8858.891 335.00388 297.21567 2.0423803 3.884011
8862.467 331.21008 295.04132 0.66611964 3.8459542
8866.042 328.70425 297.18707 1.8990779 3.84895
8869.618 328.5113 295.21127 3.045348 3.8614364
8873.193 329.60635 288.87283 3.463612 3.8673444
8876.77 328.50668 289.66864 2.921791 3.856143
8880.346 324.9934 288.75107 3.013113 3.8394427
8883.921 322.8086 287.93222 3.9865055 3.8380485
8887.497 318.43005 286.7534 2.9426851 3.8039
8891.072 316.966 281.96347 1.4811848 3.7785294
8894.648 321.789 294.13855 2.847048 3.8258474
8898.224 312.02078 287.06693 4.3657537 3.7914174
8901.8 315.72632 284.26495 2.595855 3.7866364
8905.375 319.448 285.39307 3.8841138 3.8225658
8908.951 316.9017 280.00552 2.961938 3.793566
8912.527 315.43576 280.88028 3.0553625 3.7862582
8916.103 313.6503 281.13864 3.8657572 3.7887564
8919.679 311.56897 279.39798 4.336692 3.7845278
8923.254 310.18903 278.1647 2.8807583 3.7597709
8926.83 305.37982 272.07065 1.8141043 3.7190323
8930.405 301.72226 273.14856 1.8999286 3.7032185
8933.981 306.82352 279.17303 1.1539279 3.7256854
8937.558 306.18597 269.71973 1.7518663 3.721982
8941.133 293.03104 266.4942 2.4066603 3.657615
8944.709 295.82608 264.96042 2.7451289 3.6802564
8948.284 298.7884 262.3219 1.8127213 3.6825767
8951.86 282.80917 252.54071 3.720517 3.6132236
8955.436 290.43115 253.43164 2.1275826 3.6359386
8959.012 283.98087 249.96669 3.7347944 3.6191733
8962.588 273.7016 245.459 3.340197 3.5583012
8966.163 273.16507 247.191 2.248835 3.5431983
8969.739 280.8481 252.48592 3.023769 3.5968857
8973.314 286.23352 250.84727 1.7798033 3.610806
8976.891 275.79492 243.109 0.90910774 3.5407102
8980.466 265.55807 238.56602 2.547346 3.5051558
8984.042 268.44366 233.64984 2.5748706 3.518559
8987.618 268.5292 235.14073 3.0923567 3.524369
8991.193 272.70184 243.48857 2.8554184 3.5473528
8994.77 273.95087 240.45944 1.6295261 3.5383554
8998.345 274.49155 244.17975 3.0909507 3.564244
9001.921 264.7682 235.69653 2.6539683 3.4976103
9005.496 267.47342 236.33018 1.5398027 3.5008976
9009.072 258.69904 233.04391 3.074516 3.468552
9012.647 262.21646 233.55327 2.8270912 3.485073
9016.224 268.66098 236.23756 1.9912027 3.5138218
9019.8 264.45718 233.42722 2.6768363 3.4997845
9023.375 268.39935 235.18634 2.1278067 3.5160682
9026.951 269.90143 240.31247 1.3236078 3.5149827
9030.526 269.46365 242.26228 1.8331761 3.5210361
9034.103 273.87982 240.63255 2.3471968 3.5494664
9037.678 270.8331 242.85435 2.6903079 3.5418358
9041.254 273.16235 242.51204 2.7357419 3.5528755
9044.83 266.2842 237.51231 3.0386815 3.5151787
9048.405 268.5326 233.79454 2.379339 3.5181093
9051.981 260.2886 231.73859 3.0197573 3.480038
9055.557 253.87381 227.22318 3.058845 3.4418375
9059.133 262.21405 229.99101 1.9738533 3.4777606
9062.708 260.89142 231.96793 0.53169584 3.4535096
9066.284 252.92653 227.1485 0.631132 3.4047644
9069.86 253.1307 223.48657 1.8011899 3.419897
9073.436 248.3697 219.23895 1.3506147 3.385931
9077.012 240.696 213.83827 0.9631528 3.3317823
9080.587 242.31836 214.40718 1.5573299 3.3515275
9084.163 243.7401 218.19667 1.0994045 3.354691
9087.738 241.36559 217.66716 2.2760487 3.3596632
9091.314 246.77292 217.091 1.5630667 3.3810701
9094.891 250.13585 217.9104 2.1766376 3.4056354
9098.466 241.77621 214.3414 2.2400367 3.3598454
9102.042 250.32822 221.27309 1.9123034 3.4084
9105.617 251.4231 218.87553 3.3084736 3.4322076
9109.193 251.07663 220.45001 2.3414862 3.418711
9112.769 250.52116 218.08435 1.2819022 3.3988173
9116.345 247.58394 214.06378 1.1798282 3.3800366
9119.92 250.54317 220.01988 0.55713624 3.3949544
9123.496 242.5048 216.5328 1.6117548 3.3598275
9127.072 230.43518 210.82819 2.5618186 3.2982652
9130.647 238.67015 213.50249 1.8918133 3.3383827
9134.224 238.40231 209.99493 1.3832788 3.3272722
9137.799 230.84076 204.47157 2.3439891 3.2942584
9141.375 232.72913 207.5347 2.1380937 3.3030226
9144.95 242.89575 211.86612 1.6148821 3.359647
9148.526 229.9702 203.69911 1.6520212 3.281762
9152.103 228.89783 201.92316 1.9597307 3.2795782
9155.678 235.31702 203.84502 1.0349071 3.3055348
9159.254 237.47665 205.40639 1.2331821 3.3198397
9162.829 234.15526 203.8274 1.6594179 3.3076363
9166.405 230.39058 204.04356 1.4177775 3.2838914
9169.98 228.71178 201.46075 1.3218013 3.2678015
9173.557 229.89801 196.7162 1.0426004 3.268621
9177.133 232.93452 201.6895 0.7591813 3.2883105
9180.708 229.83392 203.50592 0.9617814 3.2711856
9184.284 225.68156 199.36652 1.5887463 3.251825
9187.859 225.68036 200.22343 1.0974592 3.2504494
9191.436 226.97165 196.84846 -0.319525 3.2333207
9195.011 228.62766 201.37062 1.7257028 3.277414
9198.587 221.62892 193.5203 0.30988714 3.2109733
9202.163 221.64368 195.09608 2.3840337 3.2401974
9205.738 219.20018 193.73723 2.407109 3.2203684
9209.314 213.44458 190.81816 1.2764721 3.1711214
9212.89 212.72159 190.12553 1.9199846 3.1784697
9216.466 213.8591 190.8209 1.8188459 3.1837645
9220.041 214.64565 187.56917 3.016424 3.2042017
9223.617 212.39162 185.19772 2.4590032 3.1799893
9227.192 208.47278 184.39978 1.3136247 3.1403286
9230.769 207.69226 183.43153 2.9312696 3.1600914
9234.345 205.96394 182.52571 2.6134913 3.142187
9237.92 202.79532 181.56232 1.9901493 3.11616
9241.496 203.97528 185.96297 2.0996325 3.1300569
9245.071 207.33328 184.83606 0.9158794 3.1275125
9248.647 210.40807 187.45007 2.304594 3.1695082
9252.223 208.39528 184.51125 1.326368 3.1379786
9255.799 207.49512 180.31627 1.1484734 3.1306734
9259.375 215.0389 183.43971 1.0034344 3.1781533
9262.95 206.1535 181.90062 1.0866864 3.122813
9266.526 211.17726 182.85172 0.5694482 3.1476197
9270.102 204.65594 178.43408 1.1082997 3.1097376
9273.678 197.62845 176.7412 1.2854192 3.069462
9277.253 190.233 170.14796 2.1786804 3.0312974
9280.829 192.18175 167.29893 1.9625382 3.0399523
9284.405 185.8161 165.82379 1.6368889 2.9942174
9287.98 185.26984 164.98181 2.1574743 2.997778
9291.557 188.41997 163.54388 1.1530942 3.0017025
9295.132 179.22118 157.78053 1.4431959 2.9430058
9298.708 172.63362 156.32983 3.5248778 2.9314208
9302.283 173.19745 155.87946 3.1120894 2.9302807
9305.859 176.0873 149.9143 3.1049747 2.9436834
9309.436 168.95094 146.22768 4.2249455 2.9048624
9313.011 166.51884 144.16885 3.8122535 2.8816571
9316.587 155.47963 134.43648 4.8149877 2.8134704
9320.162 155.81573 131.04126 3.4723487 2.7915993
9323.738 153.13405 129.73102 1.3883257 2.7406144
9327.313 150.00412 130.77248 2.5972927 2.7404096
9330.89 146.29478 129.1084 3.009112 2.7195995
9334.465 145.46117 124.76313 1.3574412 2.6841908
9338.041 144.37419 124.5495 1.830264 2.6776247
9341.617 145.15808 121.09756 1.4842079 2.67751
9345.192 144.11891 122.62151 1.1437137 2.6675282
9348.769 140.92514 120.86877 1.6184427 2.6533678
9352.344 144.91177 125.445694 1.7186395 2.6919005
9355.92 141.9412 124.52576 2.639077 2.679592
9359.495 147.89644 123.87137 0.13206123 2.6838334
9363.071 139.95209 122.48028 2.172077 2.6595418
9366.647 145.56651 126.73671 4.383137 2.7371428
9370.223 147.56946 124.55745 3.6392593 2.7361627
9373.799 144.31569 123.010376 3.2044747 2.7022328
9377.374 145.52928 125.2801 4.0491343 2.7270432
9380.95 145.65306 126.85804 3.532795 2.724433
9384.525 149.99265 130.49695 2.1972218 2.7422135
9388.102 154.84602 133.81537 1.457718 2.7664208
9391.678 155.85072 136.82697 0.6355193 2.7623088
9395.253 148.9763 135.79472 2.4340966 2.7436504
9398.829 154.99329 136.62459 2.2916067 2.7831051
9402.404 156.03215 132.65793 1.6598384 2.7796047
9405.98 149.98523 130.30055 2.4100049 2.7445111
9409.556 144.71141 126.6095 2.2133958 2.6995168
9413.132 144.65318 124.26772 2.6405616 2.700635
9416.707 144.30281 125.56446 3.1521344 2.7156575
9420.283 135.63858 117.41915 2.8263278 2.6383007
9423.859 129.22668 115.00561 2.649538 2.5892396
9427.435 126.35306 108.358345 2.830738 2.55784
9431.011 130.52376 110.88434 3.225305 2.600578
9434.586 120.19465 104.86827 2.3915439 2.499544
9438.162 120.741066 104.41762 2.098167 2.498569
9441.737 120.50609 104.49121 2.6755035 2.507882
9445.313 123.3339 107.248634 1.7676648 2.518626
9448.89 120.529465 105.60166 3.261023 2.5242465
9452.465 119.481445 104.11186 2.5486915 2.5019832
9456.041 125.761116 104.71886 1.971599 2.5383828
9459.616 127.83096 109.7206 1.9861854 2.560658
9463.192 132.3959 112.08009 1.7122636 2.594055
9466.768 126.469315 112.66261 3.518105 2.58688
9470.344 120.5287 106.804535 4.70972 2.5558484
9473.92 128.79576 113.872284 2.3881228 2.574663
