7789.6562 1.433751e-18 9.278439e-19
7787.6104 -5.9222927e-18 1.2920835e-18
7785.564 2.979967e-17 1.3859696e-18
7783.518 1.4055393e-18 1.1637964e-18
7781.4717 -2.4527566e-17 9.150082e-19
7779.426 -6.002536e-18 8.659739e-19
7777.3794 1.1804163e-18 9.043189e-19
7775.3335 -6.3098388e-18 9.140235e-19
7773.2876 -1.5560258e-18 9.876263e-19
7771.241 1.5425884e-17 1.0574319e-18
7769.1953 8.1553143e-19 9.81605e-19
7767.149 -8.629365e-18 9.054425e-19
7765.103 5.8934443e-18 8.972317e-19
7763.0566 -9.979019e-19 8.2972275e-19
7761.0107 -2.0493866e-17 7.7633915e-19
7758.965 9.42143e-18 9.482401e-19
7756.9185 4.9741133e-18 1.0120134e-18
7754.8726 -4.1999498e-20 1.0163927e-18
7752.826 -2.916822e-17 1.0825673e-18
7750.7803 6.0832206e-19 1.3455564e-18
7748.734 4.6152235e-17 1.5737877e-18
7746.688 -5.1861325e-18 1.5174667e-18
7744.642 -9.555844e-19 1.5149106e-18
7742.5957 3.2233948e-17 1.5254525e-18
7740.55 8.250832e-18 1.2787649e-18
7738.5034 -3.031285e-17 8.585829e-19
7736.4575 -2.1502183e-17 6.6775665e-19
7734.411 2.3305148e-18 7.0797975e-19
7732.365 1.0453111e-18 7.1695647e-19
7730.3193 6.879785e-19 7.2432225e-19
7728.273 -5.869651e-18 7.2881426e-19
7726.227 2.3014355e-18 8.2123613e-19
7724.1807 5.34915e-18 8.92041e-19
7722.135 1.5291308e-18 9.069396e-19
7720.0884 -1.6859493e-17 9.401992e-19
7718.0425 -1.435449e-17 1.1143572e-18
7715.9966 2.1247082e-17 1.384853e-18
7713.95 -1.15179085e-17 1.4937613e-18
7711.9043 1.7150417e-17 1.6630123e-18
7709.858 3.1927137e-17 1.7300275e-18
7707.812 1.1717866e-17 1.6102873e-18
7705.7656 -1.0102933e-20 1.4075292e-18
7703.7197 -4.719531e-18 1.1529271e-18
7701.674 -1.775869e-17 8.565908e-19
7699.6274 -1.3047747e-17 6.902037e-19
7697.5815 -2.1395777e-18 6.80886e-19
7695.535 -4.6616337e-19 6.974095e-19
7693.4893 -4.7455357e-19 7.120373e-19
7691.443 6.505291e-19 7.1899935e-19
7689.397 -9.125211e-19 7.0741205e-19
7687.351 -1.7436128e-18 7.0015043e-19
7685.3047 1.1626347e-18 7.1006306e-19
7683.259 -2.803854e-19 7.009513e-19
7681.2124 -7.3839363e-19 6.9090974e-19
7679.1665 5.6984297e-19 6.787313e-19
7677.12 -3.3708052e-19 6.5351683e-19
7675.074 -8.610383e-19 6.288324e-19
7673.0283 -1.6202641e-20 6.116379e-19
7670.982 -1.4277797e-18 5.9360895e-19
7668.936 -5.9856004e-19 5.890637e-19
7666.8896 -9.078765e-19 5.8461026e-19
7664.8438 -3.3771867e-18 5.9841e-19
7662.7974 1.0218653e-18 6.5569723e-19
7660.7515 2.6154917e-18 6.855683e-19
7658.705 -2.4429501e-18 6.677242e-19
7656.659 -6.6075084e-19 6.7693835e-19
7654.6133 3.48697e-18 6.935923e-19
7652.567 -2.7296958e-19 6.53106e-19
7650.521 -1.5438855e-18 6.176662e-19
7648.4746 -7.975573e-19 6.035743e-19
7646.4287 4.7238336e-19 6.008032e-19
7644.3823 2.9647154e-19 5.838635e-19
7642.3364 -1.7735426e-18 5.511434e-19
7640.2905 -1.0218581e-18 5.4060234e-19
7638.244 2.7143167e-19 5.382783e-19
7636.198 -6.377286e-19 5.274464e-19
7634.152 -2.7118804e-19 5.2153986e-19
7632.106 -2.3515055e-18 5.222793e-19
7630.0596 -1.6252449e-18 5.576878e-19
7628.0137 2.048843e-18 6.0662386e-19
7625.968 -6.189823e-19 6.1220857e-19
7623.9214 -1.0051469e-18 6.24346e-19
7621.8755 6.636539e-19 6.5346907e-19
7619.829 1.3787077e-18 6.6933537e-19
7617.783 3.700363e-19 6.6757896e-19
7615.737 1.1032406e-18 6.6634486e-19
7613.691 1.7242833e-18 6.543391e-19
7611.645 7.781583e-19 6.180078e-19
7609.5986 1.9546979e-18 5.651682e-19
7607.5527 -3.2665896e-18 4.6973865e-19
7605.5063 -1.8028743e-18 4.3019989e-19
7603.4604 -1.8352234e-18 4.0750143e-19
7601.414 -1.4665167e-18 4.306811e-19
7599.368 9.83017e-19 4.8861864e-19
7597.3223 2.9670152e-19 5.158539e-19
7595.276 -1.1392495e-18 5.3385425e-19
7593.23 -1.6266494e-19 5.6680127e-19
7591.1836 1.8837297e-18 5.9464355e-19
7589.1377 -2.3861735e-18 6.093643e-19
7587.0913 -2.3045965e-19 6.5965617e-19
7585.0454 3.4629947e-18 7.071869e-19
7582.9995 1.8457605e-19 7.092552e-19
7580.953 9.09524e-19 7.11367e-19
7578.907 3.3041016e-18 7.0569947e-19
7576.861 -8.20449e-18 6.4608994e-19
7574.815 -6.8934043e-18 7.243586e-19
7572.7686 4.914941e-18 8.709187e-19
7570.7227 6.333425e-18 9.431319e-19
7568.677 -2.5412278e-19 9.451021e-19
7566.6304 4.540073e-18 9.49312e-19
7564.5845 1.039583e-17 9.101479e-19
7562.538 -1.0790579e-17 7.3525417e-19
7560.492 -6.534556e-18 6.822695e-19
7558.446 9.337974e-19 7.0044527e-19
7556.4 3.242409e-19 7.059533e-19
7554.354 -5.4215123e-19 7.051463e-19
7552.3076 1.5559137e-18 7.112404e-19
7550.2617 3.0286573e-18 6.95182e-19
7548.2153 -3.128452e-18 6.364257e-19
7546.1694 -1.46842e-18 6.2004104e-19
7544.123 -9.04739e-19 6.2082056e-19
7542.077 -4.2926688e-19 6.3211157e-19
7540.0312 6.916948e-19 6.472253e-19
7537.985 9.9431556e-20 6.48303e-19
7535.939 -2.2170355e-18 6.4554147e-19
7533.8926 -2.4720758e-18 6.779927e-19
7531.8467 4.686701e-18 7.40289e-19
7529.8003 -4.993748e-18 7.314819e-19
7527.7544 -8.855777e-18 8.249512e-19
7525.7085 8.736743e-18 1.0100123e-18
7523.662 1.3312072e-17 1.0884374e-18
7521.616 -4.411214e-18 1.0435439e-18
7519.57 9.825862e-19 1.0408605e-18
7517.524 1.9454989e-17 1.0348147e-18
7515.4775 -7.8931295e-18 8.2000963e-19
7513.4316 -1.2576243e-17 6.603212e-19
7511.3857 -1.1646236e-18 6.287957e-19
7509.3394 -5.3962795e-20 6.130945e-19
7507.2935 -1.7311698e-18 5.880772e-19
7505.247 -2.5776943e-19 5.907244e-19
7503.201 3.51724e-20 5.9697103e-19
7501.155 5.4165265e-19 6.0161683e-19
7499.109 -1.7122287e-18 5.993223e-19
7497.063 -8.2297626e-19 6.1976083e-19
7495.0166 2.6025049e-19 6.418514e-19
7492.9707 3.8682166e-19 6.526582e-19
7490.9243 -4.1663679e-19 6.541124e-19
7488.8784 -2.609494e-18 6.60536e-19
7486.832 1.5167905e-18 7.231172e-19
7484.786 -2.9930195e-18 7.5413576e-19
7482.74 1.9582817e-18 8.3087496e-19
7480.694 3.160855e-18 8.817022e-19
7478.648 1.8814242e-18 8.965936e-19
7476.6016 1.7839095e-18 9.050182e-19
7474.5557 -5.6946076e-19 8.932854e-19
7472.5093 4.255585e-18 8.823644e-19
7470.4634 -4.678415e-18 8.2985266e-19
7468.4175 1.2732747e-18 8.34759e-19
7466.371 3.4241865e-18 8.184162e-19
7464.325 -1.49811e-18 7.605821e-19
7462.279 -1.8839808e-18 7.1345796e-19
7460.233 -4.0882606e-19 6.835365e-19
7458.1865 -1.3557665e-18 6.51572e-19
7456.1406 -5.7096866e-19 6.2506854e-19
7454.0947 -8.0332374e-19 6.0602917e-19
7452.0483 -1.2593533e-18 5.871799e-19
7450.0024 -1.0193164e-18 5.8199404e-19
7447.956 7.039096e-19 5.90252e-19
7445.91 -1.1321405e-18 5.830699e-19
7443.864 -5.1636535e-18 5.9668115e-19
7441.818 6.9271294e-19 7.0160327e-19
7439.772 4.8626793e-18 7.7926483e-19
7437.7256 2.5996477e-18 7.987496e-19
7435.6797 -4.22895e-18 7.9373496e-19
7433.6333 5.071415e-18 8.3178573e-19
7431.5874 6.3453025e-18 8.1071734e-19
7429.541 -8.700744e-18 7.088625e-19
7427.495 -1.7373562e-18 6.941697e-19
7425.449 1.6571825e-18 6.978848e-19
7423.403 2.8289585e-18 6.748476e-19
7421.357 -2.3819452e-18 6.119825e-19
7419.3105 -2.6134902e-18 5.889639e-19
7417.2646 -1.4896292e-20 5.990161e-19
7415.2183 -2.0262341e-19 6.0474084e-19
7413.1724 5.086947e-19 6.150986e-19
7411.1265 5.55497e-19 6.112524e-19
7409.08 -1.5931673e-18 5.9542844e-19
7407.034 -1.4222505e-17 6.343421e-19
7404.988 4.1664533e-18 8.245481e-19
7402.942 1.1294925e-17 9.432529e-19
7400.8955 -6.195343e-19 9.382315e-19
7398.8496 5.388202e-19 9.48856e-19
7396.8037 3.1967966e-18 9.552064e-19
7394.7573 4.7168775e-18 9.115519e-19
7392.7114 -6.95618e-18 8.014851e-19
7390.665 -4.8478897e-18 7.726254e-19
7388.619 3.616546e-18 7.922485e-19
7386.5728 4.2742742e-18 7.6151824e-19
7384.527 -1.6725945e-18 6.727029e-19
7382.4805 -5.394123e-18 6.00509e-19
7380.4346 -1.1377826e-18 6.0066764e-19
7378.3887 6.271604e-19 6.1754285e-19
7376.3423 -8.8019255e-18 6.073883e-19
7374.2964 -8.625488e-18 7.5634996e-19
7372.25 8.533288e-18 9.792524e-19
7370.204 1.2806432e-17 1.0838409e-18
7368.1577 -1.0521827e-18 1.0748325e-18
7366.112 1.0325767e-18 1.0714513e-18
7364.066 1.1530128e-17 1.0650308e-18
7362.0195 -5.9915256e-18 9.443372e-19
7359.9736 -7.106499e-18 8.6687717e-19
7357.9272 -2.2473596e-18 8.5223064e-19
7355.8813 3.9014074e-19 8.6345093e-19
7353.835 4.7195328e-18 8.547567e-19
7351.789 1.9926727e-18 7.7325976e-19
7349.743 -9.770658e-18 6.5171813e-19
7347.697 -1.5924916e-17 6.4486127e-19
7345.651 -1.03310665e-17 8.79853e-19
7343.6045 1.6521086e-17 1.1471657e-18
7341.5586 1.5168934e-17 1.2378426e-18
7339.512 -5.2243756e-18 1.2167838e-18
7337.4663 1.0507137e-17 1.229628e-18
7335.4204 2.0830358e-17 1.1578177e-18
7333.374 -2.8089055e-17 8.984277e-19
7331.328 -4.8550258e-18 8.6559436e-19
7329.2817 2.1971309e-18 8.663779e-19
7327.236 -3.1137911e-18 8.603741e-19
7325.1895 1.11653145e-17 8.740923e-19
7323.1436 -1.2205709e-17 7.801e-19
7321.0977 -2.967011e-17 7.9657824e-19
7319.0513 2.6825514e-17 1.1062696e-18
7317.0054 4.3134024e-18 1.1348709e-18
7314.959 -2.0108711e-18 1.1355333e-18
7312.913 1.3286587e-17 1.161638e-18
7310.8667 6.1121724e-18 1.0460758e-18
7308.821 -1.1770613e-17 8.415388e-19
7306.775 -8.398272e-18 7.587653e-19
7304.7285 2.2463349e-18 7.865452e-19
7302.6826 -3.4188694e-18 7.741734e-19
7300.636 1.0537953e-18 8.1542974e-19
7298.5903 8.718585e-18 8.290295e-19
7296.544 -3.6360225e-18 7.404504e-19
7294.498 -4.7982394e-18 6.99563e-19
7292.452 -2.400774e-18 6.988668e-19
7290.406 -6.2658e-18 7.237834e-19
7288.36 1.4969956e-18 8.346285e-19
7286.3135 4.6505107e-18 9.071295e-19
7284.2676 -2.4326356e-18 9.204103e-19
7282.221 -2.6423643e-17 9.934348e-19
7280.1753 2.3955915e-17 1.2497014e-18
7278.1294 2.5204034e-17 1.319963e-18
7276.083 -1.623584e-17 1.2171491e-18
7274.037 4.5498867e-18 1.229443e-18
7271.9907 2.1743084e-17 1.2064962e-18
7269.945 -4.4154314e-18 9.641812e-19
7267.8984 -2.0739918e-17 6.947782e-19
7265.8525 -6.065446e-18 6.394064e-19
7263.8066 1.1945834e-18 6.374971e-19
7261.7603 -2.7646258e-18 6.1896224e-19
7259.7144 -2.5392724e-18 6.347285e-19
7257.668 3.5754187e-19 6.7916047e-19
7255.622 2.763251e-18 7.2037293e-19
7253.5757 -1.6495052e-18 7.2816053e-19
7251.53 -1.747288e-17 7.7209933e-19
7249.484 8.710867e-18 9.7897e-19
7247.4375 2.4720553e-18 1.1009235e-18
7245.3916 -6.538212e-18 1.1974911e-18
7243.345 1.5451567e-17 1.3447472e-18
7241.2993 1.772134e-17 1.369674e-18
7239.253 6.603308e-18 1.2673024e-18
7237.207 -8.496154e-18 1.1030533e-18
7235.161 4.297325e-18 9.828206e-19
7233.1147 -8.782207e-18 7.558461e-19
7231.069 -1.2809155e-17 6.0264766e-19
7229.0225 -1.3614237e-18 5.8686086e-19
7226.9766 -7.6354994e-20 5.936678e-19
7224.93 1.5449678e-18 6.0388135e-19
7222.8843 4.1013592e-19 5.9778813e-19
7220.8384 4.9781466e-19 5.8881684e-19
7218.792 5.2993884e-19 5.84706e-19
7216.746 -2.7872207e-19 5.69622e-19
7214.6997 -6.0824085e-19 5.5792877e-19
7212.654 -6.159687e-20 5.5696423e-19
7210.6074 3.1044815e-19 5.5274504e-19
7208.5615 1.5401857e-19 5.4525683e-19
7206.5156 1.2438811e-19 5.4378605e-19
7204.469 4.48388e-21 5.3979475e-19
7202.4233 -2.5027877e-19 5.3420373e-19
7200.377 3.733703e-20 5.346026e-19
7198.331 1.9022798e-19 5.3681297e-19
7196.2847 6.608643e-21 5.3815693e-19
7194.239 3.7114883e-19 5.3975634e-19
7192.193 7.7260706e-19 5.378713e-19
7190.1465 -1.2273844e-19 5.331641e-19
7188.1006 -5.5317176e-19 5.3182983e-19
7186.054 1.6577591e-19 5.498821e-19
7184.0083 5.8945366e-19 5.6406273e-19
7181.962 1.0613305e-19 5.7166716e-19
7179.916 3.260707e-20 5.8293873e-19
7177.87 7.233849e-19 5.9354257e-19
7175.8237 6.7570833e-19 5.9791587e-19
7173.778 1.5189096e-19 5.948559e-19
7171.7314 -3.173825e-20 5.92787e-19
7169.6855 -1.3487394e-18 5.856714e-19
7167.639 -5.554984e-19 5.9874254e-19
7165.5933 5.618135e-19 6.130883e-19
7163.5474 -1.936549e-20 6.0966494e-19
7161.501 -3.8902097e-19 6.0676314e-19
7159.455 -4.0127108e-19 6.064081e-19
7157.4087 2.0329308e-19 6.0247436e-19
7155.363 -8.474664e-19 5.92063e-19
7153.3164 -1.6606956e-18 5.9156824e-19
7151.2705 -1.0934187e-18 6.0704857e-19
7149.2246 7.576853e-20 6.317273e-19
7147.178 8.1134884e-19 6.536425e-19
7145.1323 8.641268e-19 6.6132676e-19
7143.086 4.925819e-19 6.519288e-19
7141.04 -2.7601246e-19 6.33635e-19
7138.9937 -3.6001178e-19 6.1551176e-19
7136.9478 -4.622782e-19 5.9909393e-19
7134.9014 -1.1169179e-18 5.894648e-19
7132.8555 -1.6297516e-19 5.9993187e-19
7130.8096 1.148632e-18 6.121646e-19
7128.763 -6.6444355e-20 6.0228173e-19
7126.7173 -7.4303996e-19 5.9246625e-19
7124.671 -1.2843398e-19 5.8473506e-19
7122.625 2.612173e-19 5.824478e-19
7120.5786 -6.792824e-19 5.7123516e-19
7118.5327 -4.605939e-19 5.697448e-19
7116.487 -1.00408017e-19 5.7292897e-19
7114.4404 5.4429686e-20 5.764531e-19
7112.3945 1.0622634e-18 5.862154e-19
7110.348 1.4746213e-21 5.7879053e-19
7108.3022 3.7646127e-19 5.830529e-19
7106.256 6.668434e-19 5.8596317e-19
7104.21 -1.644912e-19 5.808103e-19
7102.164 -5.754456e-19 5.7934634e-19
7100.1177 8.8603115e-20 5.8546696e-19
7098.072 2.73827e-19 5.908862e-19
7096.0254 -5.626946e-19 5.9635447e-19
7093.9795 -4.050629e-19 6.1212435e-19
7091.933 5.8934044e-19 6.285411e-19
7089.887 -6.40077e-19 6.3163207e-19
7087.8413 5.5615654e-19 6.4322764e-19
7085.795 6.162179e-19 6.444394e-19
7083.749 -6.7310835e-19 6.339114e-19
7081.7026 -3.8306155e-19 6.3104963e-19
7079.6567 -7.0517e-20 6.3227825e-19
7077.6104 4.986663e-19 6.323436e-19
7075.5645 5.187956e-20 6.2586026e-19
7073.5186 1.4665871e-19 6.303563e-19
7071.472 6.643303e-19 6.3478667e-19
7069.4263 3.4157697e-19 6.342332e-19
7067.38 -1.6990194e-19 6.3181146e-19
7065.334 -2.6999436e-19 6.2630843e-19
7063.2876 -4.4018385e-19 6.182797e-19
7061.2417 5.1942545e-20 6.1303927e-19
7059.196 4.9270284e-19 6.1100875e-19
7057.1494 -9.186369e-19 6.0976017e-19
7055.1035 -2.2160586e-18 6.2350905e-19
7053.057 5.257676e-19 6.652515e-19
7051.011 2.379996e-18 6.9528946e-19
7048.965 1.6332673e-19 6.913065e-19
7046.919 -1.0802596e-19 6.859381e-19
7044.873 1.389809e-18 6.748335e-19
7042.8267 -1.0573341e-18 6.3035676e-19
7040.781 -1.9097534e-18 5.938902e-19
7038.7344 -1.0910988e-19 5.8168643e-19
7036.6885 1.3558803e-19 5.734716e-19
7034.642 -7.016656e-19 5.635959e-19
7032.596 -1.022889e-19 5.627645e-19
7030.5503 2.0506156e-19 5.647396e-19
7028.504 -7.4624725e-19 5.608684e-19
7026.458 -3.5371235e-20 5.6858276e-19
7024.4116 -6.270723e-19 5.6232627e-19
7022.3657 -2.989957e-19 5.5742254e-19
7020.3193 -1.5375162e-18 5.555296e-19
7018.2734 -9.074077e-19 5.814722e-19
7016.2275 1.8855547e-18 6.2480074e-19
7014.181 1.3347778e-18 6.4091236e-19
7012.1353 3.2248675e-19 6.4791336e-19
7010.089 1.1525079e-19 6.6081045e-19
7008.043 3.671561e-18 6.784167e-19
7005.9966 -8.869437e-19 6.417235e-19
7003.9507 -3.253007e-18 6.1554227e-19
7001.905 5.082039e-19 6.2729035e-19
6999.8584 7.3557294e-19 6.2006937e-19
6997.8125 -1.4601707e-18 5.945417e-19
6995.766 4.779621e-19 5.944565e-19
6993.72 -2.9431047e-19 5.8452253e-19
6991.674 -6.519538e-19 5.818885e-19
6989.628 3.7229538e-19 5.875027e-19
6987.582 -2.4761445e-18 5.8205494e-19
6985.5356 -2.1268197e-18 6.231504e-19
6983.4897 2.7273793e-18 7.039525e-19
6981.4434 3.476551e-18 7.430406e-19
6979.3975 1.7562124e-19 7.4193924e-19
6977.351 -2.1676491e-18 7.416577e-19
6975.305 7.6362105e-18 7.762382e-19
6973.2593 -4.4450473e-19 7.1787536e-19
6971.213 -4.309998e-18 6.6385483e-19
6969.167 -2.8885227e-19 6.5857644e-19
6967.1206 1.1328935e-18 6.566611e-19
6965.0747 6.438337e-19 6.3432635e-19
6963.0283 -2.3762384e-18 5.9913054e-19
6960.9824 -2.191068e-19 6.007536e-19
6958.9365 3.9172552e-19 5.9889634e-19
6956.89 -9.233957e-18 5.9984377e-19
6954.844 1.8970004e-18 7.204434e-19
6952.798 7.477841e-18 8.083826e-19
6950.752 2.0085491e-19 8.0400146e-19
6948.7056 -2.8280602e-19 8.053381e-19
6946.6597 1.4331343e-18 8.089883e-19
6944.614 6.762483e-18 7.9075597e-19
6942.5674 -5.549091e-18 6.955832e-19
6940.5215 -2.9901874e-18 6.686546e-19
6938.475 3.6439917e-19 6.7251686e-19
6936.429 2.0344931e-18 6.6462173e-19
6934.383 1.0244355e-18 6.1820403e-19
6932.337 -6.713845e-18 5.625705e-19
6930.291 -6.173874e-18 6.0637597e-19
6928.2446 6.4583375e-18 7.3414053e-19
6926.1987 2.7565808e-18 7.6812085e-19
6924.1523 -7.264749e-20 7.7084506e-19
6922.1064 6.102684e-19 7.757675e-19
6920.06 3.3233596e-18 7.7187547e-19
6918.014 -1.2087767e-19 7.2913924e-19
6915.9683 -3.4333329e-18 6.9029933e-19
6913.922 3.799041e-19 6.951433e-19
6911.876 2.1607257e-19 6.907818e-19
6909.8296 2.2068887e-18 6.7552036e-19
6907.7837 -3.0351223e-18 6.3062425e-19
6905.7373 -1.6292948e-18 6.1967124e-19
6903.6914 7.7634783e-19 6.271648e-19
6901.6455 -3.9900786e-19 6.231805e-19
6899.599 -9.257731e-20 6.2209364e-19
6897.553 -1.6287954e-19 6.197004e-19
6895.507 -2.5108857e-18 6.118674e-19
6893.461 9.482343e-19 6.4064513e-19
6891.4146 6.1997456e-19 6.4759644e-19
6889.3687 -2.490164e-18 6.447476e-19
6887.3228 2.328131e-18 6.759676e-19
6885.2764 1.8683768e-18 6.691838e-19
6883.2305 -1.8989798e-18 6.3459725e-19
6881.184 -5.9188175e-19 6.195294e-19
6879.138 -1.8802684e-19 6.038765e-19
6877.092 1.0135686e-18 5.9724234e-19
6875.046 -1.7180995e-19 5.771557e-19
6873.0 -7.134517e-18 5.545361e-19
6870.9536 -8.209141e-18 6.7390585e-19
6868.9077 7.762492e-18 8.749975e-19
6866.8613 9.953692e-18 9.635964e-19
6864.8154 -2.8637363e-18 9.499384e-19
6862.769 4.777102e-18 9.674998e-19
6860.723 1.3422531e-17 9.319419e-19
6858.677 -1.0939026e-17 7.2103716e-19
6856.631 -9.132271e-18 6.028127e-19
6854.585 -9.139192e-19 5.987911e-19
6852.5386 4.205561e-19 5.980775e-19
6850.4927 -1.8316097e-18 5.919892e-19
6848.4463 -9.967388e-19 6.159052e-19
6846.4004 2.4448808e-18 6.4785323e-19
6844.354 -7.9697115e-19 6.5052477e-19
6842.308 -6.106731e-18 6.6825404e-19
6840.262 2.9844327e-18 7.7391277e-19
6838.216 7.225781e-19 8.3147394e-19
6836.17 -2.9881558e-18 8.84555e-19
6834.1235 2.9721654e-18 9.67585e-19
6832.0776 1.0501559e-17 1.0134381e-18
6830.0312 2.4139062e-18 9.543704e-19
6827.9854 -5.51823e-18 8.676488e-19
6825.9395 5.496054e-18 8.2251966e-19
6823.893 -4.839944e-18 6.879334e-19
6821.847 -5.044177e-18 6.0711666e-19
6819.801 -1.0501563e-18 5.863233e-19
6817.755 8.7316875e-20 5.8182514e-19
6815.7085 6.966833e-20 5.8203075e-19
6813.6626 2.2647797e-19 5.8546003e-19
6811.6167 4.8300746e-20 5.8122864e-19
6809.5703 -2.0946631e-19 5.7282826e-19
6807.5244 1.612369e-19 5.766832e-19
6805.478 8.608664e-20 5.7732306e-19
6803.432 2.2923095e-19 5.7782717e-19
6801.3857 -3.4810755e-20 5.7624555e-19
6799.34 5.844985e-20 5.770758e-19
6797.294 -4.435725e-19 5.736238e-19
6795.2476 -6.6085765e-19 5.730924e-19
6793.2017 -1.2327376e-19 5.790133e-19
6791.1553 -6.112247e-19 5.7875315e-19
6789.1094 9.01863e-20 5.8740065e-19
6787.063 -5.7338564e-20 5.904322e-19
6785.017 3.417859e-19 5.925657e-19
6782.971 -3.1431217e-19 5.847395e-19
6780.925 -3.0310392e-19 5.807579e-19
6778.879 -5.7418044e-20 5.8075813e-19
6776.8325 -1.562324e-19 5.8135417e-19
6774.7866 4.91696e-19 5.8663747e-19
6772.74 1.782029e-19 5.836174e-19
6770.6943 -2.8723105e-19 5.7866526e-19
6768.6484 3.4730003e-19 5.8474344e-19
6766.602 2.6956927e-19 5.858622e-19
6764.556 4.4873776e-20 5.8497737e-19
6762.51 -1.6505788e-20 5.848627e-19
6760.464 7.5618215e-20 5.8787385e-19
6758.4175 1.4131109e-19 5.893668e-19
6756.3716 -6.483099e-20 5.850463e-19
6754.3257 -8.605064e-20 5.872542e-19
6752.2793 -7.061318e-19 5.870253e-19
6750.2334 2.9021567e-19 5.982998e-19
6748.187 5.737947e-19 6.013943e-19
6746.141 2.2790116e-19 6.0143005e-19
6744.0947 -5.1168708e-20 6.0410835e-19
6742.049 -4.79022e-19 6.011822e-19
6740.003 -5.034482e-19 5.978334e-19
6737.9565 -1.4112548e-19 5.990714e-19
6735.9106 -6.581282e-19 5.907547e-19
6733.8643 -4.779235e-19 5.9175457e-19
6731.8184 -2.6929684e-19 5.9070405e-19
6729.772 3.188609e-19 5.9875805e-19
6727.726 2.860831e-19 5.998681e-19
6725.68 2.0064412e-19 5.9680823e-19
6723.634 2.7033059e-19 5.986283e-19
6721.588 1.5078311e-19 5.986636e-19
6719.5415 5.4760887e-19 5.9987045e-19
6717.4956 1.2596371e-19 6.006786e-19
6715.449 4.4433444e-19 6.047627e-19
6713.4033 1.3463868e-19 6.0506597e-19
6711.3574 3.5908862e-19 6.0866824e-19
6709.311 -3.7567762e-19 6.0493254e-19
6707.265 -5.0786346e-19 6.0931137e-19
6705.2188 2.4751162e-19 6.1899585e-19
6703.173 4.638606e-19 6.205139e-19
6701.1265 1.4278268e-18 6.297866e-19
6699.0806 -2.5355156e-19 6.145268e-19
6697.0347 7.6152305e-19 6.1846387e-19
6694.9883 -1.05843724e-19 6.037022e-19
6692.9424 -6.4871764e-19 5.973127e-19
6690.896 -1.8152069e-19 6.0292916e-19
6688.85 -3.817479e-19 6.033573e-19
6686.8037 -2.0615371e-19 6.058121e-19
6684.758 7.049781e-19 6.1336177e-19
6682.712 3.50771e-19 6.1204536e-19
6680.6655 5.270911e-20 6.050597e-19
6678.6196 2.5037463e-20 6.046812e-19
6676.573 1.9346702e-19 6.091103e-19
6674.5273 3.205782e-19 6.1425796e-19
6672.481 1.5235369e-19 6.1744716e-19
6670.435 -4.771619e-19 6.19068e-19
6668.389 -9.000111e-19 6.1916304e-19
6666.343 -1.1915529e-19 6.2311557e-19
6664.297 6.586349e-19 6.3144326e-19
6662.2505 -5.3968686e-19 6.221548e-19
6660.2046 -2.342606e-19 6.2329357e-19
6658.158 5.138659e-19 6.2437867e-19
6656.1123 1.2366236e-19 6.1818495e-19
6654.0664 -3.274855e-19 6.1517055e-19
6652.02 -3.0148353e-19 6.173568e-19
6649.974 1.1915126e-19 6.1882023e-19
6647.9277 6.776487e-19 6.181885e-19
6645.882 4.530421e-19 6.1620225e-19
6643.8354 2.9240948e-19 6.1540573e-19
6641.7896 -1.1445664e-18 6.133442e-19
6639.7437 8.372738e-19 6.3070423e-19
6637.6973 8.457158e-19 6.366771e-19
6635.6514 -3.0939455e-19 6.3704963e-19
6633.605 5.869982e-19 6.473542e-19
6631.559 9.214267e-19 6.450562e-19
6629.5127 -4.8581874e-19 6.2528733e-19
6627.467 -5.3716975e-19 6.198804e-19
6625.421 3.8081115e-19 6.220572e-19
6623.3745 1.5540501e-19 6.1371875e-19
6621.3286 -2.7654258e-19 6.054084e-19
6619.282 -7.782435e-19 6.004321e-19
6617.2363 2.1983767e-19 6.091289e-19
6615.19 1.0724521e-18 6.1464353e-19
6613.144 -9.989082e-19 6.0625117e-19
6611.0977 -1.7037215e-18 6.2003505e-19
6609.052 1.8120016e-18 6.610852e-19
6607.006 8.1179056e-19 6.7266974e-19
6604.9595 -5.0106093e-19 6.7728277e-19
6602.9136 8.294556e-19 6.8953735e-19
6600.867 1.0344077e-18 6.8068315e-19
6598.8213 -1.9455065e-18 6.4646114e-19
6596.775 -2.0991036e-18 6.351109e-19
6594.729 1.6339193e-18 6.51876e-19
6592.683 1.696465e-18 6.460308e-19
6590.6367 -1.2330028e-18 6.2079243e-19
6588.591 -3.0438047e-19 6.173273e-19
6586.5444 -2.6523952e-18 6.130907e-19
6584.4985 -2.9075198e-18 6.474068e-19
6582.452 2.8564755e-18 7.178463e-19
6580.4062 1.7460013e-18 7.359872e-19
6578.3604 -2.4995872e-18 7.2759975e-19
6576.314 6.5083894e-19 7.493288e-19
6574.268 3.4512883e-18 7.511888e-19
6572.2217 -3.4478379e-18 6.9788065e-19
6570.176 -7.4492304e-18 6.8384634e-19
6568.1294 5.088156e-18 7.785592e-19
6566.0835 4.6018783e-18 8.017804e-19
6564.0376 -8.878516e-19 7.7496003e-19
6561.991 -5.0365406e-18 7.6484935e-19
6559.9453 3.8382984e-18 8.1631e-19
6557.899 5.0773607e-18 8.207292e-19
6555.853 -4.2837053e-18 7.665299e-19
6553.8066 3.3975606e-19 7.7426127e-19
6551.7607 1.0599842e-18 7.7818826e-19
6549.715 4.1992916e-18 7.6886164e-19
6547.6685 -3.972691e-18 6.9682217e-19
6545.6226 -2.2323866e-18 6.793429e-19
6543.576 6.0147285e-19 6.875949e-19
6541.5303 -2.4570097e-18 6.8776506e-19
6539.484 -3.3848846e-19 7.2067537e-19
6537.438 3.1711367e-18 7.605678e-19
6535.392 -4.1660458e-19 7.5631636e-19
6533.3457 -7.99056e-19 7.5204e-19
6531.3 1.8709343e-18 7.62323e-19
6529.2534 2.1081325e-18 7.38859e-19
6527.2075 -2.8469758e-18 6.831329e-19
6525.161 -2.0698784e-18 6.60786e-19
6523.115 -8.1631404e-19 6.595388e-19
6521.0693 1.4669835e-19 6.666041e-19
6519.023 6.595434e-19 6.637151e-19
6516.977 -9.357243e-19 6.412581e-19
6514.9307 -1.2028102e-18 6.333964e-19
6512.885 -9.919524e-19 6.4993954e-19
6510.8384 1.499897e-18 6.768031e-19
6508.7925 5.401995e-19 6.872915e-19
6506.7466 -5.9360218e-18 6.9424685e-19
6504.7 1.7571756e-18 7.8462295e-19
6502.6543 6.850468e-18 8.464775e-19
6500.608 6.03515e-19 8.219067e-19
6498.562 -1.3270144e-18 7.980918e-19
6496.5156 3.2001476e-18 7.890004e-19
6494.4697 1.4988646e-18 7.2320877e-19
6492.424 -6.3719886e-18 6.2427957e-19
6490.3774 -8.111523e-19 6.1855434e-19
6488.3315 -3.7609638e-19 6.149714e-19
6486.285 -1.3643798e-18 6.154374e-19
6484.2393 2.8367585e-19 6.378438e-19
6482.193 7.9409913e-19 6.486011e-19
6480.147 -1.6364416e-18 6.452585e-19
6478.101 -1.5615743e-18 6.6840743e-19
6476.0547 1.4161957e-18 7.1142346e-19
6474.009 -4.452019e-19 7.3261996e-19
6471.9624 -9.345006e-19 7.573158e-19
6469.9165 2.103128e-18 7.9778013e-19
6467.87 3.7902053e-18 8.0966165e-19
6465.824 -2.074745e-18 7.6444904e-19
6463.7783 -6.543891e-19 7.448956e-19
6461.732 1.1773271e-18 7.2652995e-19
6459.686 -2.3492324e-18 6.807812e-19
6457.6396 -1.577656e-18 6.6290823e-19
6455.5938 5.4687893e-19 6.676363e-19
6453.5474 3.1835112e-20 6.6038776e-19
6451.5015 -6.8105534e-20 6.593436e-19
6449.4556 2.4730744e-19 6.5077525e-19
6447.409 -9.553943e-19 6.3411397e-19
6445.3633 -4.3328312e-19 6.3342436e-19
6443.317 2.3860506e-19 6.348362e-19
6441.271 4.7256136e-19 6.3448605e-19
6439.2246 7.961435e-19 6.3693036e-19
6437.1787 3.4220426e-19 6.3431053e-19
6435.133 8.6985596e-20 6.319545e-19
6433.0864 2.9518349e-19 6.336222e-19
6431.0405 -3.8194762e-19 6.271702e-19
6428.994 -1.1528303e-18 6.2681364e-19
6426.948 -1.9497901e-19 6.443551e-19
6424.902 3.325896e-19 6.5520795e-19
6422.856 2.0094381e-19 6.582856e-19
6420.81 2.8829697e-19 6.620442e-19
6418.7637 7.580673e-19 6.649718e-19
6416.718 6.9683427e-19 6.6164156e-19
6414.6714 -6.101736e-19 6.4931197e-19
6412.6255 -8.054118e-19 6.4263646e-19
6410.579 4.1567142e-19 6.483182e-19
6408.533 -3.7075644e-20 6.3773893e-19
6406.4873 -2.4205342e-19 6.3426896e-19
6404.441 -4.2832976e-19 6.3316023e-19
6402.395 5.267033e-19 6.421705e-19
6400.3486 3.2397007e-19 6.4183756e-19
6398.3027 -9.458507e-19 6.313071e-19
6396.2563 -1.3978512e-18 6.3312285e-19
6394.2104 -1.9312874e-18 6.4333367e-19
6392.1646 4.8396926e-19 6.756759e-19
6390.118 1.7723662e-18 7.0151414e-19
6388.0723 1.3431125e-19 7.0018497e-19
6386.026 -9.348625e-19 6.981236e-19
6383.98 1.3698264e-18 7.105788e-19
6381.9336 8.543032e-19 7.0096955e-19
6379.8877 -1.0302701e-18 6.774495e-19
6377.842 -4.398146e-19 6.705601e-19
6375.7954 1.5222037e-18 6.6769735e-19
6373.7495 -3.4545273e-18 6.4273485e-19
6371.703 -1.3444666e-17 6.743493e-19
6369.657 7.079462e-18 9.045945e-19
6367.611 9.775505e-18 1.021238e-18
6365.565 1.8309637e-18 1.035639e-18
6363.519 -1.1078662e-18 1.0505267e-18
6361.4727 1.5697522e-17 1.0822345e-18
6359.427 3.299718e-18 9.38947e-19
6357.3804 -1.5995266e-17 7.541461e-19
6355.3345 -4.7085974e-19 7.4980345e-19
6353.288 2.7562882e-18 7.5601635e-19
6351.242 -1.7655279e-18 7.139501e-19
6349.1963 -1.5113194e-18 6.9397217e-19
6347.15 4.3871163e-19 6.9829057e-19
6345.104 7.7653203e-19 6.842562e-19
6343.0576 -9.855912e-19 6.638653e-19
6341.0117 -3.1687276e-19 6.5244564e-19
6338.9653 -3.723974e-18 6.3683586e-19
6336.9194 -2.4700724e-18 6.811835e-19
6334.873 3.9418804e-18 7.660376e-19
6332.827 1.6088705e-18 7.8690483e-19
6330.7812 -1.1663154e-18 7.830333e-19
6328.735 -1.3881721e-18 7.937865e-19
6326.689 7.190434e-18 8.2203824e-19
6324.6426 -2.7001595e-18 7.405482e-19
6322.5967 -2.5193088e-18 7.0444965e-19
6320.5503 3.88566e-20 6.9941683e-19
6318.5044 1.5107855e-18 6.927331e-19
6316.4585 -1.847842e-18 6.6159487e-19
6314.412 -5.919884e-18 6.6985334e-19
6312.366 5.0598564e-18 7.717659e-19
6310.32 -3.4182774e-18 8.0176533e-19
6308.274 -3.7884654e-17 8.54963e-19
6306.2275 1.4663323e-17 1.345689e-18
6304.1816 3.5130423e-17 1.5892672e-18
6302.1357 7.26661e-18 1.5880317e-18
6300.0894 -9.189889e-18 1.5486819e-18
6298.0435 3.8906956e-17 1.5693995e-18
6295.997 6.136577e-19 1.2270298e-18
6293.951 -4.1816865e-17 8.2448437e-19
6291.905 3.9917296e-19 7.847736e-19
6289.859 -1.180524e-18 7.906079e-19
6287.813 6.825057e-19 7.9681957e-19
6285.7666 1.8502144e-18 7.938034e-19
6283.7207 1.4953784e-18 7.5101925e-19
6281.6743 -4.7278178e-18 6.8212467e-19
6279.6284 -2.1389455e-18 6.7059615e-19
6277.582 3.8189035e-20 6.7899477e-19
6275.536 6.160226e-19 6.8926107e-19
6273.49 3.6856625e-19 6.969765e-19
6271.444 6.009209e-19 7.1549417e-19
6269.398 2.1769495e-18 7.3773737e-19
6267.3516 -1.5752014e-18 7.3030825e-19
6265.3057 -4.549267e-18 7.55115e-19
6263.2593 3.985811e-18 8.42631e-19
6261.2134 2.8313747e-18 8.5837835e-19
6259.1675 -1.6418784e-18 8.361706e-19
6257.121 -1.3713772e-18 8.2750606e-19
6255.075 4.895209e-18 8.2391676e-19
6253.029 -1.2516409e-18 7.3861997e-19
6250.983 -5.8764623e-18 6.7039096e-19
6248.9365 -3.9199037e-19 6.9156745e-19
6246.8906 7.77133e-19 7.1747775e-19
6244.8447 -1.0260847e-18 7.372281e-19
6242.7983 -2.7091627e-18 7.877498e-19
6240.7524 4.358758e-18 8.734335e-19
6238.706 3.7356035e-18 9.017555e-19
6236.66 -5.4395485e-19 8.805261e-19
6234.614 -2.8958427e-19 8.6041714e-19
6232.568 3.4919566e-18 8.3470987e-19
6230.522 -2.5759542e-18 7.374978e-19
6228.4756 -4.7722895e-18 6.7818615e-19
6226.4297 2.4730025e-19 6.9268296e-19
6224.3833 -2.791816e-19 6.926154e-19
6222.3374 5.2813915e-20 6.9832485e-19
6220.291 8.2581545e-19 7.06395e-19
6218.245 2.3127749e-18 7.080198e-19
6216.199 -1.2180928e-18 6.740183e-19
6214.153 -6.3345693e-19 6.720539e-19
6212.107 7.3299943e-19 6.7922866e-19
6210.0605 1.06661567e-19 6.837544e-19
6208.0146 2.3053485e-20 6.877927e-19
6205.9683 -6.548851e-20 6.9156807e-19
6203.9224 -1.9225726e-19 6.963654e-19
6201.8765 2.2823317e-19 6.973465e-19
6199.83 1.7185179e-19 6.9127437e-19
6197.784 1.3709743e-19 6.8087826e-19
6195.738 -1.2232262e-18 6.6663173e-19
6193.692 -6.1144994e-19 6.6380365e-19
6191.6455 -2.0019542e-19 6.663072e-19
6189.5996 9.817747e-20 6.73294e-19
6187.5537 -2.7061118e-19 6.7358144e-19
6185.5073 6.318298e-21 6.7225734e-19
6183.4614 -2.4487126e-19 6.716596e-19
6181.415 -3.8901133e-19 6.7180797e-19
6179.369 -8.105883e-19 6.733679e-19
6177.3228 -1.2558029e-18 6.848598e-19
6175.277 9.721061e-19 7.0876376e-19
6173.231 8.6003926e-20 7.121518e-19
6171.1846 -2.5577156e-19 7.0610396e-19
6169.1387 -1.7711083e-19 7.042256e-19
6167.0923 1.4275565e-18 7.055919e-19
6165.0464 -8.1798883e-19 6.7784416e-19
6163.0 -8.532398e-19 6.702633e-19
6160.954 -1.3080254e-19 6.7495255e-19
6158.908 -9.498259e-19 6.7350855e-19
6156.862 1.2096661e-20 6.8507755e-19
6154.816 1.1021282e-18 6.959345e-19
6152.7695 -3.4511107e-19 6.870647e-19
6150.7236 -1.2312029e-18 6.825767e-19
6148.6772 -7.313755e-19 6.9115877e-19
6146.6313 -6.3766743e-19 6.9942934e-19
6144.5854 -1.2104248e-19 7.1326306e-19
6142.539 5.189069e-19 7.2192565e-19
6140.493 4.4160107e-19 7.185152e-19
6138.447 -1.0587175e-18 7.0425635e-19
6136.401 -8.3548437e-19 6.928237e-19
6134.3545 3.7758647e-19 6.9041136e-19
6132.3086 -2.6014414e-19 6.7946746e-19
6130.2627 -9.705745e-19 6.6517874e-19
6128.2163 -5.101528e-19 6.680497e-19
6126.1704 -3.0278432e-19 6.6414605e-19
6124.124 -8.1923017e-19 6.60151e-19
6122.078 -2.9946975e-19 6.625062e-19
6120.0317 -1.1725019e-18 6.5659695e-19
6117.986 -1.3982967e-21 6.6857814e-19
6115.94 3.9553948e-20 6.7295563e-19
6113.8936 -6.730833e-19 6.67511e-19
6111.8477 -1.3704155e-18 6.620742e-19
6109.8013 -1.2734087e-18 6.6232533e-19
6107.7554 -6.4000567e-19 6.6748145e-19
6105.709 -5.032792e-19 6.7243306e-19
6103.663 4.4455643e-19 6.8131026e-19
6101.617 -1.30585315e-20 6.8080004e-19
6099.571 -1.2407988e-18 6.6799865e-19
6097.525 -5.25741e-19 6.726022e-19
6095.4785 1.6089825e-19 6.7571893e-19
6093.4326 -5.182375e-19 6.6900745e-19
6091.386 -1.0057892e-20 6.689402e-19
6089.3403 8.6487523e-20 6.7122083e-19
6087.294 -2.4973369e-19 6.7171874e-19
6085.248 -8.344367e-19 6.644498e-19
6083.202 -6.8877417e-19 6.66197e-19
6081.156 -1.9456635e-19 6.719576e-19
6079.11 -7.52763e-19 6.6519135e-19
6077.0635 1.0638495e-18 6.8702163e-19
6075.0176 -1.7406871e-19 6.800449e-19
6072.971 9.816712e-19 6.91595e-19
6070.9253 -3.3907927e-19 6.7969876e-19
6068.8794 -7.634428e-19 6.8055173e-19
6066.833 -5.856415e-19 6.8625344e-19
6064.787 4.3221896e-19 6.943076e-19
6062.7407 -9.148713e-20 6.894964e-19
6060.695 -3.1236907e-19 6.8473634e-19
6058.6484 6.6606134e-19 6.891113e-19
6056.6025 -3.481449e-19 6.800658e-19
6054.5566 -9.734448e-19 6.729996e-19
6052.5103 8.743803e-20 6.815652e-19
6050.4644 -2.2163278e-19 6.7928294e-19
6048.418 1.0179308e-19 6.8020287e-19
6046.372 -9.755634e-21 6.803874e-19
6044.3257 2.2448627e-19 6.81543e-19
6042.28 1.6072764e-20 6.838281e-19
6040.234 -2.3219777e-19 6.8753024e-19
6038.1875 1.845753e-19 6.9374113e-19
6036.1416 -1.9622645e-19 6.9499415e-19
6034.095 2.2159003e-19 7.022816e-19
6032.0493 1.2536295e-18 7.1065273e-19
6030.003 3.8122932e-20 6.993142e-19
6027.957 -5.9567416e-19 6.8959044e-19
6025.911 1.8982133e-19 6.890198e-19
6023.8647 -3.1947628e-19 6.794477e-19
6021.819 -4.58724e-19 6.7752523e-19
6019.7725 -1.1876043e-20 6.777175e-19
6017.7266 -4.5157263e-19 6.729753e-19
6015.68 5.328205e-19 6.8460476e-19
6013.6343 4.509402e-19 6.859439e-19
6011.5884 -1.4187907e-18 6.742568e-19
6009.542 -2.7247616e-19 6.9298033e-19
6007.496 7.62427e-19 7.1020383e-19
6005.4497 -1.002649e-18 7.0248944e-19
6003.404 -5.7133034e-19 7.1253736e-19
6001.3574 7.4571997e-19 7.213888e-19
5999.3115 4.729026e-19 7.1162286e-19
5997.2656 -9.024401e-19 6.977962e-19
5995.219 -2.009649e-20 6.9733425e-19
5993.1733 -4.889147e-20 6.938969e-19
5991.127 -8.235488e-19 6.8210833e-19
5989.081 -1.4493691e-19 6.859904e-19
5987.0347 2.1611812e-19 6.8907774e-19
5984.989 -1.2263561e-18 6.862196e-19
5982.943 7.377989e-19 7.155602e-19
5980.8965 2.0176308e-18 7.394284e-19
5978.8506 -4.1272776e-19 7.331871e-19
5976.804 -2.2278324e-19 7.4173885e-19
5974.7583 1.3641517e-18 7.5609183e-19
5972.712 1.6381167e-18 7.5428455e-19
5970.666 -1.5862305e-18 7.190798e-19
5968.62 1.1193294e-19 7.2097295e-19
5966.5737 1.3995998e-19 7.1158217e-19
5964.528 -7.5990384e-19 6.987298e-19
5962.4814 -2.6563223e-19 7.037635e-19
5960.4355 -1.7454648e-18 7.0871103e-19
5958.389 3.6115902e-19 7.414374e-19
5956.3433 1.5135531e-18 7.6606903e-19
5954.2974 -9.993786e-19 7.665677e-19
5952.251 -7.4797574e-19 7.732243e-19
5950.205 1.3004514e-18 7.770154e-19
5948.1587 -1.1213215e-19 7.548361e-19
5946.113 -2.6655657e-18 7.170617e-19
5944.0664 -3.560053e-19 7.1243324e-19
5942.0205 3.9975726e-19 7.1051723e-19
5939.9746 -3.4778552e-18 7.104019e-19
5937.928 1.1497054e-18 7.554521e-19
5935.8823 1.4876983e-18 7.804534e-19
5933.836 4.673802e-19 7.900306e-19
5931.79 3.4370637e-19 7.9611786e-19
5929.7437 3.7619393e-18 8.07475e-19
5927.6978 1.1169739e-18 7.7617485e-19
5925.652 -2.316376e-18 7.3228594e-19
5923.6055 -1.9383005e-18 7.2286285e-19
5921.5596 -1.3240073e-18 7.4453255e-19
5919.513 2.3147522e-18 7.8050855e-19
5917.4673 -4.4100436e-19 7.723309e-19
5915.421 -1.1779916e-20 7.784936e-19
5913.375 -5.41854e-19 7.7548736e-19
5911.329 3.0801673e-18 7.8662896e-19
5909.2827 -1.566924e-18 7.462393e-19
5907.237 -1.4544889e-19 7.4132583e-19
5905.1904 7.7641324e-20 7.3335036e-19
5903.1445 -1.0594942e-17 7.3615306e-19
5901.098 2.4318657e-18 8.9165e-19
5899.0522 5.9534894e-18 9.995686e-19
5897.0063 -9.334559e-18 1.0439945e-18
5894.96 7.1484483e-19 1.192337e-18
5892.914 1.9652696e-17 1.3166837e-18
5890.8677 6.517284e-18 1.2644795e-18
5888.822 -1.06630405e-17 1.141929e-18
5886.7754 7.605469e-18 1.1148297e-18
5884.7295 1.351139e-18 9.658077e-19
5882.6836 -1.211625e-17 7.6773006e-19
5880.637 -4.1181596e-18 7.1109714e-19
5878.5913 -1.6792258e-19 7.173341e-19
5876.545 7.209529e-19 7.325184e-19
5874.499 -7.4265516e-19 7.4389635e-19
5872.4526 -5.208151e-19 7.747228e-19
5870.4067 1.82982e-18 8.1333775e-19
5868.361 7.795392e-19 8.179366e-19
5866.3145 -4.5395005e-19 8.0934076e-19
5864.2686 1.7788937e-18 8.072641e-19
5862.222 1.4579213e-18 7.740471e-19
5860.1763 -1.7274665e-18 7.19058e-19
5858.13 -1.3802815e-18 6.9639674e-19
5856.084 -2.9701585e-19 6.984302e-19
5854.038 -6.0332346e-19 6.9192717e-19
5851.9917 3.848893e-20 7.0163383e-19
5849.946 4.28445e-19 7.0837664e-19
5847.8994 2.8041736e-19 7.048877e-19
5845.8535 5.257408e-19 7.0674725e-19
5843.807 -1.5749104e-19 7.0371786e-19
5841.761 -7.8735373e-19 6.9623384e-19
5839.7153 -5.9569246e-19 6.9785335e-19
5837.669 1.2043297e-19 7.063403e-19
5835.623 -3.3558025e-19 7.004409e-19
5833.5767 -3.2686125e-19 7.0059437e-19
5831.531 4.171951e-19 7.089959e-19
5829.4844 -3.025039e-19 7.0234293e-19
5827.4385 1.3793822e-19 7.0684744e-19
5825.3926 -2.9850314e-19 6.995447e-19
5823.346 -5.996902e-20 7.047575e-19
5821.3003 -3.0056117e-19 7.007682e-19
5819.254 -6.822558e-19 7.005594e-19
5817.208 -4.46543e-19 7.0009207e-19
5815.1616 -1.8877586e-19 6.9919644e-19
5813.1157 -7.1651584e-19 6.981002e-19
5811.0693 -6.9955336e-20 7.0187164e-19
5809.0234 -7.081334e-19 6.936857e-19
5806.9775 -3.6410978e-19 6.999734e-19
5804.931 5.5753597e-19 7.084979e-19
5802.8853 2.7571755e-19 7.0613824e-19
5800.839 6.230769e-19 7.104662e-19
5798.793 5.528489e-19 7.088706e-19
5796.7466 -3.4051515e-19 7.025835e-19
5794.7007 -4.580497e-19 7.01581e-19
5792.655 -5.3559707e-19 7.03244e-19
5790.6084 -3.921793e-19 7.037883e-19
5788.5625 -7.207404e-19 6.962386e-19
5786.516 1.4197339e-19 7.0083705e-19
5784.47 -2.825133e-19 6.9775254e-19
5782.424 8.13089e-19 7.065506e-19
5780.378 6.9482587e-19 7.068607e-19
5778.332 -7.6996675e-19 6.9453667e-19
5776.2856 -1.3907006e-20 7.042829e-19
5774.2397 1.4310677e-20 7.06024e-19
5772.1934 -2.934281e-19 7.0788757e-19
5770.1475 7.86593e-19 7.2076264e-19
5768.101 2.0288958e-19 7.12873e-19
5766.055 -3.05452e-19 7.0798115e-19
5764.0093 4.4355224e-19 7.129138e-19
5761.963 -5.464087e-19 7.0130983e-19
5759.917 -1.0153454e-19 7.054839e-19
5757.8706 -3.0706423e-19 7.014104e-19
5755.8247 3.1824021e-19 7.0565925e-19
5753.7783 -5.4444894e-19 6.99883e-19
5751.7324 -2.7346862e-19 7.043731e-19
5749.6865 1.1243478e-18 7.143141e-19
5747.64 -4.0746294e-19 7.044989e-19
5745.594 -3.3398343e-19 7.0460573e-19
5743.548 -2.8795835e-19 7.069739e-19
5741.502 -3.627853e-19 7.1123807e-19
5739.4556 1.3380842e-19 7.1697306e-19
5737.4097 4.849107e-19 7.188329e-19
5735.364 1.3000453e-19 7.169209e-19
5733.3174 -7.229761e-19 7.0975214e-19
5731.2715 -8.065013e-19 7.1050456e-19
5729.225 -1.1378323e-19 7.209303e-19
5727.179 -8.318961e-20 7.2112706e-19
5725.133 -5.2045594e-19 7.2159597e-19
5723.087 -3.7751251e-19 7.239445e-19
5721.041 -3.7946724e-19 7.2303775e-19
5718.9946 -2.2615331e-20 7.2610147e-19
5716.9487 -1.3794227e-19 7.222583e-19
5714.9023 -9.8439676e-20 7.249232e-19
5712.8564 -6.828989e-19 7.174019e-19
5710.81 1.2570908e-19 7.2133474e-19
5708.764 1.6009349e-19 7.22075e-19
5706.7183 5.98181e-20 7.2416437e-19
5704.672 -2.1265133e-19 7.2877683e-19
5702.626 1.169597e-19 7.348102e-19
5700.5796 3.1632353e-19 7.366345e-19
5698.5337 -1.9542722e-19 7.336313e-19
5696.4873 -1.9477683e-19 7.347909e-19
5694.4414 2.035642e-19 7.4003595e-19
5692.3955 1.7570101e-19 7.3954403e-19
5690.349 -1.633861e-19 7.3483107e-19
5688.303 4.798752e-20 7.384431e-19
5686.257 -1.0729355e-19 7.3455934e-19
5684.211 -3.5700495e-19 7.2795714e-19
5682.1646 7.04371e-19 7.374024e-19
5680.1187 -2.4312118e-19 7.291994e-19
5678.0728 -6.3856746e-19 7.2606833e-19
5676.0264 -5.5172337e-19 7.252098e-19
5673.9805 1.0630369e-19 7.3107303e-19
5671.934 4.4772685e-20 7.305454e-19
5669.888 -3.7896765e-19 7.233505e-19
5667.842 1.3162739e-19 7.2899557e-19
5665.796 6.2655566e-19 7.2758047e-19
5663.75 2.06627e-19 7.2003425e-19
5661.7036 6.1938767e-19 7.203564e-19
5659.6577 5.6825866e-19 7.1581837e-19
5657.6113 -1.4033821e-19 7.136213e-19
5655.5654 -5.3639245e-19 7.0896585e-19
5653.519 -8.791613e-19 7.056328e-19
5651.473 1.5731631e-20 7.2514514e-19
5649.4272 -3.4081728e-19 7.267075e-19
5647.381 -6.6900755e-19 7.290733e-19
5645.335 1.811344e-19 7.4001485e-19
5643.2886 2.1815387e-19 7.4020035e-19
5641.2427 3.9202514e-19 7.408618e-19
5639.1963 6.226233e-19 7.4101476e-19
5637.1504 -3.6811657e-19 7.3021426e-19
5635.1045 3.6474573e-19 7.2934433e-19
5633.058 -2.3981452e-20 7.293019e-19
5631.012 -5.659946e-19 7.3035e-19
5628.966 4.3728577e-19 7.4269083e-19
5626.92 9.834282e-19 7.5379635e-19
5624.8735 6.557337e-19 7.599335e-19
5622.8276 2.2375556e-19 7.5951776e-19
5620.7817 1.2969162e-18 7.6474145e-19
5618.7354 8.932865e-19 7.5771455e-19
5616.6895 -5.67797e-19 7.466344e-19
5614.643 7.489661e-19 7.5448116e-19
5612.597 9.371879e-19 7.6069964e-19
5610.551 7.07726e-19 7.732386e-19
5608.505 2.543091e-18 7.9108255e-19
5606.459 8.0758083e-19 7.9008627e-19
5604.4126 1.3835055e-19 7.8587804e-19
5602.3667 8.063557e-19 7.9018093e-19
5600.3203 2.1060039e-19 7.7646043e-19
5598.2744 -1.3378455e-18 7.6192314e-19
5596.228 -1.7004253e-18 7.506041e-19
5594.182 1.8987538e-19 7.6931426e-19
5592.136 9.903144e-19 7.8047887e-19
5590.09 4.502238e-19 7.8872736e-19
5588.044 1.8006442e-18 7.8124826e-19
5585.9976 -4.4211373e-18 8.35097e-19
5583.9517 1.8996059e-17 6.309547e-19
5581.9053 -1.02675944e-16 1.9716084e-18
5579.8594 1.636369e-16 3.6820617e-18
5577.8135 9.6377844e-17 3.9588723e-18
5575.767 9.477722e-17 4.165191e-18
5573.721 -1.1824314e-16 2.8937474e-18
5571.675 -4.4877415e-16 1.0573512e-18
5569.629 -1.2749457e-16 8.392261e-19
5567.5825 1.5649165e-17 7.613706e-19
5565.5366 -3.081146e-18 8.0786196e-19
5563.49 2.0579158e-18 8.021872e-19
5561.4443 1.7925319e-19 7.983634e-19
5559.3984 1.6810482e-18 7.9836934e-19
5557.352 -1.217649e-18 7.7126305e-19
5555.306 -1.5946774e-18 7.578362e-19
5553.26 1.716157e-19 7.7062136e-19
5551.214 -1.5193749e-19 7.7320956e-19
5549.1675 -8.382705e-19 7.722524e-19
5547.1216 -1.9776818e-19 7.808847e-19
5545.0757 5.5686455e-19 7.935687e-19
5543.0293 -5.666132e-21 7.903231e-19
5540.9834 -7.0050866e-19 7.7598594e-19
5538.937 -4.7919974e-19 7.677061e-19
5536.891 5.0189248e-20 7.677354e-19
5534.8447 9.887381e-19 7.630695e-19
5532.799 -3.571436e-19 7.4725506e-19
5530.753 -4.5632416e-19 7.4021674e-19
5528.7065 -2.9646603e-19 7.4256164e-19
5526.6606 -4.0922636e-19 7.469302e-19
5524.6143 3.967759e-19 7.570757e-19
5522.5684 -1.5537748e-20 7.5406136e-19
5520.522 -2.2885182e-19 7.515718e-19
5518.476 4.8090973e-19 7.5824354e-19
5516.43 -3.851037e-19 7.4960136e-19
5514.384 -7.2577034e-19 7.497124e-19
5512.338 2.417254e-20 7.556835e-19
5510.2915 -6.451875e-19 7.5309253e-19
5508.2456 -1.401912e-19 7.58156e-19
5506.199 -9.603621e-20 7.565792e-19
5504.1533 -3.061316e-19 7.553247e-19
5502.1074 5.849234e-20 7.574494e-19
5500.061 -1.4261946e-19 7.567434e-19
5498.015 -3.3557877e-19 7.5464266e-19
5495.9688 -6.4999315e-19 7.465957e-19
5493.923 4.0819135e-19 7.5053204e-19
5491.8765 -1.2032139e-18 7.337358e-19
5489.8306 -6.3529286e-19 7.405603e-19
5487.7847 -1.5286486e-19 7.4167857e-19
5485.7383 -5.491122e-19 7.399509e-19
5483.6924 -4.830326e-19 7.348206e-19
5481.646 2.7394847e-19 7.421702e-19
5479.6 -5.7583816e-19 7.311955e-19
5477.5537 -3.0653972e-19 7.341696e-19
5475.508 -4.4313467e-21 7.4034707e-19
5473.462 2.7826154e-19 7.428164e-19
5471.4155 2.1048322e-19 7.400456e-19
5469.3696 -3.3229792e-19 7.355142e-19
5467.323 6.808183e-19 7.516562e-19
5465.2773 1.1581255e-18 7.598475e-19
5463.231 7.7052887e-19 7.578297e-19
5461.185 5.9408613e-19 7.5664103e-19
5459.139 -3.1875493e-19 7.4438655e-19
5457.093 -7.869145e-19 7.4039453e-19
5455.047 -6.909081e-20 7.462695e-19
5453.0005 7.01469e-19 7.524184e-19
5450.9546 -4.4207665e-19 7.406979e-19
5448.908 -1.4224695e-20 7.4205447e-19
5446.8623 -2.5060478e-19 7.4273995e-19
5444.8164 -5.183732e-20 7.450877e-19
5442.77 -2.0476006e-20 7.424166e-19
5440.724 9.800618e-20 7.4654286e-19
5438.6777 -4.8671493e-19 7.446074e-19
5436.632 9.718342e-20 7.4764963e-19
5434.5854 -4.986082e-19 7.4210157e-19
5432.5396 3.2945914e-19 7.479651e-19
5430.4937 -9.727343e-19 7.332186e-19
5428.4473 -5.2186556e-19 7.3437875e-19
5426.4014 3.4591197e-19 7.451625e-19
5424.355 5.2969193e-19 7.4678543e-19
5422.309 2.9759562e-19 7.4683263e-19
5420.2627 3.0669275e-20 7.4773684e-19
5418.217 4.7245333e-21 7.479724e-19
5416.171 1.3719212e-19 7.468878e-19
5414.1245 6.456154e-19 7.5647363e-19
5412.0786 2.8733483e-19 7.4848554e-19
5410.032 1.15664e-19 7.4349615e-19
5407.9863 -3.658865e-19 7.3986637e-19
5405.94 -8.4179886e-19 7.305504e-19
5403.894 -2.7411305e-19 7.364016e-19
5401.848 3.2744542e-19 7.454356e-19
5399.802 6.6065763e-19 7.484574e-19
5397.756 1.08693e-20 7.4150316e-19
5395.7095 -4.1452838e-19 7.410864e-19
5393.6636 1.9487423e-19 7.484336e-19
5391.617 5.058595e-19 7.5286386e-19
5389.5713 5.488766e-19 7.6064024e-19
5387.5254 7.4821866e-20 7.5664366e-19
5385.479 1.2498036e-19 7.594609e-19
5383.433 4.7540086e-19 7.6640305e-19
5381.3867 1.0409469e-19 7.6584326e-19
5379.341 2.3700844e-19 7.719099e-19
5377.2944 4.2215165e-19 7.750685e-19
5375.2485 -3.537307e-19 7.686201e-19
5373.2026 2.021593e-18 7.899763e-19
5371.1562 5.801069e-19 7.739371e-19
5369.1104 -7.264943e-19 7.6484304e-19
5367.064 -1.223467e-19 7.666286e-19
5365.018 -2.4847161e-19 7.672282e-19
5362.9717 1.0430822e-18 7.836541e-19
5360.926 3.9851052e-19 7.748897e-19
5358.88 4.0983416e-19 7.741567e-19
5356.8335 4.451979e-19 7.838392e-19
5354.7876 7.5096486e-19 7.8503514e-19
5352.741 3.7446606e-19 7.8548926e-19
5350.6953 -4.733562e-19 7.7815393e-19
5348.649 -4.8588103e-19 7.799553e-19
5346.603 4.778146e-20 7.8271785e-19
5344.557 5.0329386e-19 7.85246e-19
5342.5107 -3.2878025e-19 7.8158745e-19
5340.465 6.449563e-19 7.906269e-19
5338.4185 7.0456205e-19 7.9015575e-19
5336.3726 -1.3503509e-18 7.806723e-19
5334.326 8.973477e-19 8.0306395e-19
5332.2803 5.767132e-19 8.0189975e-19
5330.2344 -7.0378067e-19 7.934447e-19
5328.188 2.1515932e-19 7.9961606e-19
5326.142 6.1806594e-19 7.933773e-19
5324.0957 -2.0527773e-19 7.888337e-19
5322.05 5.714059e-19 7.9715173e-19
5320.0034 -5.253689e-19 7.886689e-19
5317.9575 -4.666257e-19 7.900316e-19
5315.9116 6.33725e-19 8.028252e-19
5313.865 3.5944673e-19 7.979625e-19
5311.8193 9.2059244e-20 7.967883e-19
5309.773 2.2357118e-19 8.0172144e-19
5307.727 4.6622973e-21 7.949653e-19
5305.6807 -9.554894e-19 7.849816e-19
5303.635 -4.3997597e-19 7.8526256e-19
5301.589 2.84718e-19 7.892383e-19
5299.5425 5.237626e-19 7.9385997e-19
5297.4966 5.376011e-19 7.941319e-19
5295.45 7.131176e-20 7.857764e-19
5293.4043 -5.359171e-19 7.7853314e-19
5291.358 -3.7660546e-19 7.8125984e-19
5289.312 7.7068397e-19 7.8444593e-19
5287.2656 -5.0167925e-19 7.706549e-19
5285.2197 -9.42921e-19 7.6244354e-19
5283.174 -4.836388e-19 7.674317e-19
5281.1274 -4.425346e-19 7.753193e-19
5279.0815 -3.8834863e-19 7.785446e-19
5277.035 5.8155295e-19 7.8692644e-19
5274.9893 6.4555507e-19 7.87843e-19
5272.943 7.623169e-19 7.8211643e-19
5270.897 2.7996763e-19 7.6987964e-19
5268.851 -6.17421e-19 7.526878e-19
5266.8047 -6.66199e-19 7.443375e-19
5264.759 -1.230894e-18 7.4183253e-19
5262.7124 -2.0957236e-20 7.6363696e-19
5260.6665 -1.1184797e-18 7.701386e-19
5258.62 9.808129e-19 7.9714486e-19
5256.574 1.4304992e-18 8.148672e-19
5254.5283 -7.9054985e-19 7.9573705e-19
5252.482 1.6000074e-18 8.168299e-19
5250.436 -9.7025126e-20 8.010016e-19
5248.3896 -8.3244877e-19 7.86981e-19
5246.3438 -7.1151e-19 7.8216994e-19
5244.2974 2.2322697e-19 8.058889e-19
5242.2515 8.3109235e-19 8.132767e-19
5240.2056 1.3203748e-20 8.1033203e-19
5238.159 8.0320225e-19 8.248312e-19
5236.1133 -3.4770558e-19 8.097436e-19
5234.067 -6.464989e-20 8.099306e-19
5232.021 -1.0496128e-18 7.96317e-19
5229.9746 -2.0507776e-18 7.8608804e-19
5227.9287 2.7571726e-19 8.0874643e-19
5225.883 1.2037799e-18 8.2843715e-19
5223.8364 -9.965997e-19 8.1499355e-19
5221.7905 8.2885963e-19 8.2743414e-19
5219.744 -7.44399e-21 8.2096626e-19
5217.698 -7.3612716e-19 8.136586e-19
5215.652 3.2295887e-19 8.1317655e-19
5213.606 -4.9136876e-19 8.0377176e-19
5211.56 -8.5462233e-19 7.9681776e-19
5209.5137 -1.05849275e-19 8.032519e-19
5207.468 -3.4514675e-19 8.12756e-19
5205.4214 -1.917729e-18 8.2308514e-19
5203.3755 -5.0308913e-19 8.747847e-19
5201.329 2.3117583e-18 9.205328e-19
5199.283 7.004098e-19 9.286353e-19
5197.2373 6.979972e-19 9.287719e-19
5195.191 3.8742002e-19 9.065218e-19
5193.145 3.6042296e-19 8.713477e-19
5191.0986 -2.379502e-18 8.1866934e-19
5189.0527 6.2396736e-19 8.180304e-19
5187.0063 -5.6122886e-19 7.972217e-19
5184.9604 2.4497466e-19 8.014147e-19
5182.9146 4.5925383e-19 7.969051e-19
5180.868 -6.206541e-19 7.8446097e-19
5178.8223 9.504355e-19 7.9983624e-19
5176.776 1.113012e-18 8.034028e-19
5174.73 -1.2588747e-19 7.902076e-19
5172.6836 -6.524079e-20 7.8549226e-19
5170.6377 -4.805796e-19 7.786546e-19
5168.592 -9.788706e-19 7.806867e-19
5166.5454 2.8898447e-19 7.9464936e-19
5164.4995 5.155763e-19 8.129991e-19
5162.453 1.4227786e-19 8.206874e-19
5160.407 1.1117894e-18 8.3718883e-19
5158.361 -1.9521178e-19 8.336392e-19
5156.315 1.1497263e-18 8.486512e-19
5154.269 1.093773e-18 8.5052727e-19
5152.2227 5.795551e-19 8.4385264e-19
5150.177 -2.2321107e-19 8.3371787e-19
5148.1304 7.9568126e-19 8.491025e-19
5146.0845 3.9439757e-19 8.4376414e-19
5144.038 -8.9681274e-20 8.446585e-19
5141.992 -5.984451e-19 8.4219094e-19
5139.9463 -1.772949e-19 8.466456e-19
5137.9 7.2567376e-19 8.557814e-19
5135.854 -6.9936146e-19 8.360903e-19
5133.8076 -5.0083946e-19 8.4164133e-19
5131.7617 2.503931e-19 8.4373244e-19
5129.7153 7.773484e-19 8.387971e-19
5127.6694 -4.745124e-20 8.205754e-19
5125.6235 -1.2603974e-18 8.009059e-19
5123.577 -1.5175587e-18 7.973271e-19
5121.5312 -6.6438875e-20 8.1604133e-19
5119.485 -4.7939935e-19 8.123729e-19
5117.439 -3.0279344e-19 8.1710504e-19
5115.3926 -1.6532474e-19 8.224039e-19
5113.3467 5.454569e-19 8.2925213e-19
5111.301 5.2286433e-19 8.245207e-19
5109.2544 7.372381e-19 8.2492665e-19
5107.2085 4.2663396e-19 8.246594e-19
5105.162 7.424005e-19 8.302094e-19
5103.116 -6.486956e-19 8.145106e-19
5101.07 1.1660478e-18 8.367499e-19
5099.024 9.235538e-19 8.36696e-19
5096.978 9.996492e-19 8.3712963e-19
5094.9316 -4.6420983e-19 8.271283e-19
5092.8857 4.8582685e-19 8.404778e-19
5090.8394 -6.5580575e-19 8.32112e-19
5088.7935 -1.2907284e-18 8.2917257e-19
5086.747 -2.7975318e-19 8.3262796e-19
5084.701 -6.9515994e-20 8.334794e-19
5082.6553 -8.5235844e-19 8.22426e-19
5080.609 -7.0257904e-19 8.1550294e-19
5078.563 7.0649636e-19 8.3805897e-19
5076.5166 8.3800737e-19 8.376752e-19
5074.4707 1.5862198e-18 8.489977e-19
5072.4243 7.848012e-19 8.415844e-19
5070.3784 -4.26724e-19 8.3367414e-19
5068.3325 9.678048e-19 8.5241024e-19
5066.286 -1.699051e-19 8.403341e-19
5064.24 -8.365915e-19 8.350916e-19
5062.194 -7.8524876e-19 8.362733e-19
5060.148 6.338104e-19 8.562155e-19
5058.1016 4.4592107e-19 8.56636e-19
5056.0557 1.8172911e-19 8.5032394e-19
5054.01 -2.7161532e-20 8.492088e-19
5051.9634 1.6755186e-19 8.501631e-19
5049.9175 4.3561425e-19 8.545237e-19
5047.871 1.265599e-18 8.593555e-19
5045.825 1.2262715e-19 8.5094003e-19
5043.779 -2.6132122e-19 8.46679e-19
5041.733 4.2449936e-20 8.462203e-19
5039.6865 7.119799e-20 8.4766533e-19
5037.6406 3.2394448e-19 8.5347064e-19
5035.5947 1.6094844e-18 8.686929e-19
5033.5483 1.3414488e-18 8.700351e-19
5031.5024 2.64485e-19 8.679396e-19
5029.456 2.5510498e-19 8.698162e-19
5027.41 4.9910385e-20 8.690438e-19
5025.364 2.9792083e-19 8.689562e-19
5023.318 8.369362e-19 8.742592e-19
5021.272 8.986015e-19 8.798626e-19
5019.2256 7.5496464e-19 8.792983e-19
5017.1797 1.716633e-19 8.75744e-19
5015.1333 7.6192935e-19 8.834488e-19
5013.0874 -1.11456674e-20 8.787855e-19
5011.041 -3.2142925e-19 8.785063e-19
5008.995 6.55509e-19 8.922882e-19
5006.949 8.536831e-20 8.923341e-19
5004.903 1.9137171e-19 8.972345e-19
5002.857 -3.4307424e-19 8.945702e-19
5000.8105 4.7100737e-20 8.951622e-19
4998.7646 1.7946239e-19 8.992327e-19
4996.7183 8.188601e-19 9.105406e-19
4994.6724 2.857533e-19 9.14227e-19
4992.6265 2.0791927e-19 9.093119e-19
4990.58 1.4175196e-19 9.075994e-19
4988.534 9.667512e-19 9.063124e-19
4986.488 -6.598037e-20 8.954466e-19
4984.442 2.4163148e-19 8.970899e-19
4982.3955 -2.3338082e-19 8.858616e-19
4980.3496 -1.0069859e-18 8.858319e-19
4978.3037 4.848541e-19 9.074776e-19
4976.2573 8.6580865e-19 9.247398e-19
4974.2114 7.6655505e-19 9.251175e-19
4972.165 -8.920877e-19 9.13439e-19
4970.119 3.569058e-19 9.250824e-19
4968.0728 4.2350058e-19 9.349614e-19
4966.027 1.2191769e-18 9.365047e-19
4963.981 5.652414e-19 9.237469e-19
4961.9346 -9.019713e-19 8.988865e-19
4959.8887 2.4294264e-19 9.0907e-19
4957.8423 -3.5145252e-19 9.001017e-19
4955.7964 4.9768955e-19 9.071513e-19
4953.75 -1.0951414e-19 9.065587e-19
4951.704 8.921113e-19 9.19787e-19
4949.658 8.437503e-19 9.243903e-19
4947.612 -1.2737164e-21 9.198461e-19
4945.566 2.5378927e-19 9.162007e-19
4943.5195 2.9078123e-19 9.1353e-19
4941.4736 -3.7678382e-19 9.060681e-19
4939.4272 -8.0855307e-19 9.042241e-19
4937.3813 -3.766099e-19 9.109928e-19
4935.3354 4.711327e-19 9.184994e-19
4933.289 4.795501e-19 9.252814e-19
4931.243 8.4952674e-19 9.342148e-19
4929.197 2.7428425e-19 9.247876e-19
4927.151 4.2482513e-19 9.24873e-19
4925.1045 5.562814e-20 9.179146e-19
4923.0586 -8.929242e-19 9.058299e-19
4921.0127 -7.8542185e-19 8.997319e-19
4918.9663 1.255796e-18 9.221416e-19
4916.9204 1.084765e-18 9.224325e-19
4914.874 -8.500185e-20 9.210385e-19
4912.828 8.042425e-19 9.303907e-19
4910.7817 -2.0335707e-19 9.266571e-19
4908.736 -6.305058e-19 9.285047e-19
4906.69 8.5844954e-19 9.448239e-19
4904.6436 2.7618821e-19 9.49745e-19
4902.5977 -9.779764e-19 9.397533e-19
4900.5513 -1.980741e-18 9.331919e-19
4898.5054 -1.30805e-19 9.571798e-19
4896.459 7.105234e-19 9.623686e-19
4894.413 -4.991435e-19 9.581075e-19
4892.367 -3.799456e-19 9.591537e-19
4890.321 -5.824979e-19 9.587831e-19
4888.275 -7.65829e-20 9.652475e-19
4886.2285 1.0323138e-18 9.8615e-19
4884.1826 8.906287e-19 9.86289e-19
4882.136 4.7040934e-19 9.839759e-19
4880.0903 -2.4502744e-19 9.743622e-19
4878.0444 1.1088547e-19 9.665715e-19
4875.998 -8.1457764e-19 9.496338e-19
4873.952 -5.6665046e-19 9.483103e-19
4871.906 2.5970563e-19 9.496593e-19
4869.86 8.94085e-19 9.493176e-19
4867.8135 -1.0227999e-18 9.410294e-19
4865.7676 7.1027755e-19 9.588197e-19
4863.7217 5.3040398e-20 9.564073e-19
4861.6753 2.7587278e-20 9.477091e-19
4859.6294 -4.4888926e-19 9.506216e-19
4857.583 1.1379005e-18 9.65918e-19
4855.537 2.3263777e-19 9.618745e-19
4853.4907 3.5385368e-20 9.731191e-19
4851.445 2.1441394e-19 9.836099e-19
4849.399 1.5606905e-18 1.0086525e-18
4847.3525 -1.5093876e-18 9.862473e-19
4845.3066 1.1415047e-19 1.0113407e-18
4843.2603 2.473849e-19 1.0263135e-18
4841.2144 7.2144987e-19 1.0354904e-18
4839.168 1.2252754e-19 1.0443379e-18
4837.122 -1.474156e-19 1.0438647e-18
4835.076 4.1173848e-19 1.0596257e-18
4833.03 9.678422e-19 1.0659898e-18
4830.984 5.949469e-19 1.0609148e-18
4828.9375 -4.547205e-19 1.0450409e-18
4826.8916 -5.202056e-19 1.0446824e-18
4824.845 4.726257e-19 1.0530846e-18
4822.7993 -6.5520346e-19 1.0487096e-18
4820.7534 7.9603866e-19 1.0612121e-18
4818.707 1.1582911e-18 1.0607828e-18
4816.661 -1.5274381e-18 1.0262965e-18
4814.6147 2.799732e-20 1.0287814e-18
4812.569 7.094856e-19 1.0153466e-18
4810.5225 3.0531748e-19 1.0031811e-18
4808.4766 2.0655174e-19 9.975855e-19
4806.4307 -9.751849e-21 9.955218e-19
4804.3843 -3.0956875e-19 9.91537e-19
4802.3384 1.268487e-19 1.0049975e-18
4800.292 1.1520692e-19 1.0019902e-18
4798.246 7.11492e-19 1.0048464e-18
4796.1997 5.6381375e-19 1.0017278e-18
4794.154 8.102282e-19 1.0015831e-18
4792.108 1.624677e-19 9.945464e-19
4790.0615 -5.230367e-19 9.867237e-19
4788.0156 1.1438328e-19 9.935061e-19
4785.969 -7.612528e-19 9.874546e-19
4783.9233 7.001826e-19 1.0037375e-18
4781.877 1.5379985e-18 1.0115968e-18
4779.831 8.787572e-19 1.0078381e-18
4777.785 6.135235e-19 1.0038166e-18
4775.739 -9.261337e-19 9.87376e-19
4773.693 3.261696e-19 1.0050865e-18
4771.6465 1.6510322e-18 1.0173808e-18
4769.6006 2.7116774e-19 9.987249e-19
4767.554 5.370568e-19 9.956159e-19
4765.5083 -1.3686534e-19 9.939518e-19
4763.462 -1.5366946e-18 9.79482e-19
4761.416 -6.126384e-19 9.882026e-19
4759.37 -5.6827406e-19 9.979313e-19
4757.3237 1.0169281e-18 1.0088262e-18
4755.278 6.5281063e-19 1.009645e-18
4753.2314 -8.909909e-19 9.993828e-19
4751.1855 -7.0133045e-20 1.0089272e-18
4749.139 2.849586e-19 1.0182645e-18
4747.0933 2.0339881e-19 1.0151602e-18
4745.0474 -9.394717e-20 1.0153723e-18
4743.001 -4.165671e-19 1.0184362e-18
4740.955 -2.7498604e-19 1.020674e-18
4738.9087 -2.691009e-19 1.0141864e-18
4736.863 -8.085875e-19 1.0157586e-18
4734.8164 1.1400128e-18 1.0236631e-18
4732.7705 -1.1531691e-18 1.0106952e-18
4730.7246 -1.2731527e-19 1.0266856e-18
4728.678 9.198937e-19 1.0455192e-18
4726.6323 -4.7565e-20 1.0424089e-18
4724.586 4.098842e-19 1.0501943e-18
4722.54 1.2331105e-18 1.0676688e-18
4720.4937 5.1478825e-19 1.0637001e-18
4718.4478 1.3830334e-18 1.0781523e-18
4716.402 1.1375867e-18 1.0739997e-18
4714.3555 3.7124654e-20 1.0679973e-18
4712.3096 1.2783601e-18 1.0780429e-18
4710.263 1.4801632e-18 1.0777987e-18
4708.2173 1.1990227e-18 1.0821111e-18
4706.171 -5.7315086e-19 1.0598472e-18
4704.125 -1.9393516e-19 1.0555423e-18
4702.079 7.937218e-19 1.0713009e-18
4700.0327 7.8633433e-19 1.0771711e-18
4697.987 1.3682712e-18 1.0866446e-18
4695.9404 5.5493474e-19 1.0816398e-18
4693.8945 1.1285653e-19 1.0866403e-18
4691.848 -4.4812365e-19 1.0895076e-18
4689.8022 1.5580799e-19 1.1004674e-18
4687.7563 9.310916e-19 1.1076741e-18
4685.71 1.6112499e-19 1.1064713e-18
4683.664 -1.8971708e-19 1.1094957e-18
4681.6177 -1.4097501e-18 1.1058109e-18
4679.572 -3.1324616e-19 1.1196965e-18
4677.5254 1.0662365e-18 1.1314086e-18
4675.4795 5.7491524e-19 1.1292612e-18
4673.4336 3.5592475e-19 1.1292281e-18
4671.387 -4.6965186e-20 1.1191119e-18
4669.3413 4.6734955e-19 1.1161007e-18
4667.295 -4.1263308e-19 1.1190383e-18
4665.249 8.8961086e-21 1.1278328e-18
4663.2026 1.2014627e-18 1.1473817e-18
4661.1567 7.87998e-19 1.1561441e-18
4659.111 5.4090783e-19 1.1518811e-18
4657.0645 4.9176446e-19 1.1433386e-18
4655.0186 2.1171967e-18 1.1389982e-18
4652.972 5.750711e-19 1.1114381e-18
4650.9263 -1.0195762e-18 1.0809233e-18
4648.88 1.6279502e-18 1.1054086e-18
4646.834 9.761645e-19 1.1010839e-18
4644.788 8.1295915e-19 1.1051381e-18
4642.7417 4.167885e-20 1.0985654e-18
4640.696 5.817425e-19 1.1126228e-18
4638.6494 -9.040786e-19 1.0994927e-18
4636.6035 6.195507e-19 1.117128e-18
4634.557 4.599186e-20 1.1174906e-18
4632.511 2.512397e-19 1.1198353e-18
4630.4653 -5.4959586e-19 1.1246858e-18
4628.419 -2.1766855e-19 1.1357291e-18
4626.373 -6.993481e-19 1.1291587e-18
4624.3267 2.498465e-18 1.1566354e-18
4622.281 -8.597484e-19 1.1338869e-18
4620.2344 -1.2489131e-18 1.1284001e-18
4618.1885 -2.9611567e-19 1.1464906e-18
4616.1426 3.4299884e-19 1.1547838e-18
4614.096 1.1059298e-18 1.1640585e-18
4612.0503 8.338866e-19 1.1672788e-18
4610.004 1.1083674e-18 1.1710399e-18
4607.958 7.9050105e-19 1.1650103e-18
4605.9116 -5.2142693e-20 1.1508312e-18
4603.8657 -3.340975e-19 1.1506217e-18
4601.82 -4.0287405e-19 1.1462439e-18
4599.7734 -1.2904659e-18 1.1475346e-18
4597.7275 2.3217846e-19 1.1681016e-18
4595.681 -1.9685734e-18 1.1550262e-18
4593.6353 1.7454621e-19 1.1854113e-18
4591.589 1.4521465e-18 1.2045456e-18
4589.543 -5.6539646e-19 1.2019239e-18
4587.497 -4.6069235e-19 1.2064986e-18
4585.4507 -2.9962772e-19 1.2163194e-18
4583.405 1.1428395e-18 1.2458857e-18
4581.3584 1.3904368e-18 1.247046e-18
4579.3125 1.1710802e-18 1.2389484e-18
4577.266 1.5986674e-18 1.2292579e-18
4575.22 -1.1993297e-18 1.2011053e-18
4573.1743 -7.92282e-19 1.1902246e-18
4571.128 1.5358225e-19 1.1990576e-18
4569.082 -1.296281e-19 1.2021446e-18
4567.0356 -9.685799e-20 1.2078758e-18
4564.9897 1.0266508e-18 1.2246366e-18
4562.9434 1.6631019e-18 1.234074e-18
4560.8975 8.133144e-19 1.2357578e-18
4558.8516 -8.169266e-19 1.2300647e-18
4556.805 3.881296e-19 1.2527615e-18
4554.7593 -4.1836598e-19 1.251331e-18
4552.713 -5.460231e-19 1.2583438e-18
4550.667 1.4820651e-18 1.2848546e-18
4548.6206 2.4049778e-18 1.303075e-18
4546.5747 1.5088671e-18 1.3077613e-18
4544.529 1.2197289e-19 1.3005082e-18
4542.4824 2.1885975e-18 1.3228541e-18
4540.4365 1.0109336e-18 1.3237784e-18
4538.39 2.1395707e-18 1.3347794e-18
4536.344 -6.550985e-19 1.306147e-18
4534.298 -1.5870951e-18 1.2955535e-18
4532.252 1.5767236e-19 1.3077819e-18
4530.206 6.535648e-19 1.3084703e-18
4528.1597 6.996461e-19 1.3132295e-18
4526.114 1.2174007e-18 1.2922152e-18
4524.0674 -1.4829513e-18 1.2666548e-18
4522.0215 7.02812e-19 1.2847815e-18
4519.975 6.1515173e-19 1.2752639e-18
4517.929 1.3546557e-18 1.2761226e-18
4515.8833 -1.3033785e-19 1.2632884e-18
4513.837 -1.4208404e-18 1.2472017e-18
4511.791 -1.13269606e-20 1.272569e-18
4509.7446 7.536288e-20 1.2738896e-18
4507.6987 5.7529724e-19 1.2836994e-18
4505.6523 -1.9941534e-18 1.2604538e-18
4503.6064 1.3472784e-19 1.2764611e-18
4501.56 -1.0075875e-18 1.2621444e-18
4499.514 1.8943654e-18 1.2923665e-18
4497.4683 2.0893379e-18 1.2977735e-18
4495.422 1.997249e-18 1.2902986e-18
4493.376 1.5016107e-18 1.2879815e-18
4491.3296 1.1798103e-18 1.2870094e-18
4489.2837 1.3407624e-19 1.2839892e-18
4487.2373 4.763778e-19 1.2853286e-18
4485.1914 -3.4890034e-19 1.2778886e-18
4483.1455 8.0644056e-19 1.2867572e-18
4481.099 1.9662005e-18 1.296013e-18
4479.053 3.097786e-19 1.2826628e-18
4477.007 1.533448e-18 1.2865789e-18
4474.961 5.950942e-19 1.2801136e-18
4472.9146 -1.0829371e-18 1.2693126e-18
4470.8687 -4.399261e-19 1.2762559e-18
4468.8228 -7.7882617e-19 1.2629547e-18
4466.7764 6.038177e-19 1.295929e-18
4464.7305 -2.3242565e-19 1.2779391e-18
4462.684 1.5967548e-18 1.2922127e-18
4460.638 1.0194455e-18 1.2820094e-18
4458.592 9.870435e-19 1.2878039e-18
4456.546 -1.570922e-18 1.2633829e-18
4454.5 6.810011e-19 1.308969e-18
4452.4536 -2.8430275e-20 1.3214141e-18
4450.4077 1.9594875e-18 1.3487677e-18
4448.3613 1.7350233e-18 1.3675676e-18
4446.3154 -1.1703182e-18 1.3496812e-18
4444.269 1.6854264e-18 1.3869197e-18
4442.223 1.7159243e-18 1.3876256e-18
4440.1772 4.1135175e-19 1.3854979e-18
4438.131 -8.947147e-19 1.3805734e-18
4436.085 1.6878436e-19 1.3803408e-18
4434.0386 -1.9644537e-18 1.3780511e-18
4431.9927 -1.188533e-18 1.4017778e-18
4429.9463 2.946553e-18 1.4435563e-18
4427.9004 -4.9418773e-19 1.4320387e-18
4425.8545 -2.556296e-20 1.4534893e-18
4423.808 -1.2640429e-18 1.4544155e-18
4421.762 1.3648177e-18 1.4845009e-18
4419.716 1.2064813e-18 1.4912456e-18
4417.67 1.6929237e-18 1.5014677e-18
4415.6235 -1.0044013e-18 1.492479e-18
4413.5776 2.1584714e-18 1.5170621e-18
4411.5317 2.2821018e-20 1.5082023e-18
4409.4854 1.8274932e-18 1.5248937e-18
4407.4395 1.753566e-18 1.5142779e-18
4405.393 1.2102461e-18 1.4799878e-18
4403.347 1.1165907e-18 1.4493937e-18
4401.301 -8.709783e-19 1.3906404e-18
4399.255 2.0991275e-19 1.3741507e-18
4397.209 -8.3675233e-19 1.3544372e-18
4395.1626 1.7127906e-18 1.3614055e-18
4393.1167 7.0434786e-19 1.3556256e-18
4391.0703 -3.5440754e-20 1.343793e-18
4389.0244 -1.7455541e-19 1.3297464e-18
4386.978 2.9125477e-19 1.3394699e-18
4384.932 -6.2116735e-19 1.3475623e-18
4382.886 8.6171985e-19 1.3668869e-18
4380.84 1.1319454e-18 1.3868941e-18
4378.794 2.0100981e-18 1.4063832e-18
4376.7476 2.0229374e-18 1.4051827e-18
4374.7017 2.6870613e-19 1.3761752e-18
4372.6553 2.2706863e-18 1.3911497e-18
4370.6094 1.2193167e-18 1.3789073e-18
4368.5635 -1.5557526e-18 1.3655773e-18
4366.517 1.557006e-18 1.4058811e-18
4364.471 2.652339e-18 1.4276667e-18
4362.425 1.1566936e-18 1.4197616e-18
4360.379 5.710699e-19 1.4093848e-18
4358.3325 -3.2524887e-20 1.4120768e-18
4356.2866 -1.3406241e-18 1.3813808e-18
4354.2407 1.0459337e-18 1.4088186e-18
4352.1943 2.994255e-19 1.4010928e-18
4350.1484 -5.920233e-19 1.4040821e-18
4348.102 1.7289697e-18 1.4245464e-18
4346.056 1.1122416e-18 1.4065562e-18
4344.01 -1.7668625e-18 1.3719844e-18
4341.964 1.011174e-20 1.3819024e-18
4339.918 -7.779252e-19 1.3701671e-18
4337.8716 -9.559073e-19 1.3875769e-18
4335.8257 -1.035064e-19 1.4023459e-18
4333.7793 2.3479226e-18 1.4408551e-18
4331.7334 1.8997237e-18 1.4415733e-18
4329.687 1.8328614e-18 1.4338006e-18
4327.641 -4.5706247e-19 1.4196062e-18
4325.595 1.4462741e-18 1.4514427e-18
4323.549 4.426102e-19 1.4723884e-18
4321.503 3.9569326e-18 1.5351809e-18
4319.4565 1.0489718e-18 1.5281871e-18
4317.4106 8.3158364e-19 1.5447816e-18
4315.3643 -1.2210711e-18 1.5237518e-18
4313.3184 1.5755588e-18 1.5158183e-18
4311.2725 1.3259998e-18 1.4919056e-18
4309.226 8.146274e-19 1.4620997e-18
4307.18 -7.708415e-19 1.4166435e-18
4305.134 1.5868132e-20 1.4120386e-18
4303.088 -6.1499054e-19 1.4084954e-18
4301.0415 -8.4066666e-19 1.4120781e-18
4298.9956 2.3639492e-18 1.4809298e-18
4296.9497 3.4810147e-18 1.4939759e-18
4294.9033 1.3004078e-18 1.4836082e-18
4292.8574 2.139197e-18 1.4991778e-18
4290.811 1.8997392e-18 1.4862139e-18
4288.765 -3.356439e-19 1.4774472e-18
4286.7188 -7.3434856e-19 1.4697358e-18
4284.673 1.549523e-18 1.5244164e-18
4282.627 7.287748e-19 1.5120576e-18
4280.5806 -2.947299e-19 1.512996e-18
4278.5347 1.699753e-18 1.5470114e-18
4276.4883 1.2866056e-18 1.5370677e-18
4274.4424 6.9524804e-19 1.5423981e-18
4272.396 7.025427e-19 1.5478009e-18
4270.35 1.6436908e-18 1.5572403e-18
4268.304 1.1169727e-18 1.5708063e-18
4266.258 2.5414427e-18 1.588741e-18
4264.212 1.1938597e-19 1.5628749e-18
4262.1655 -1.9525273e-19 1.5630896e-18
4260.1196 1.100487e-19 1.5749289e-18
4258.073 1.0859905e-18 1.5888651e-18
4256.0273 1.1978813e-18 1.6139516e-18
4253.9814 -1.3776927e-19 1.616966e-18
4251.935 -3.5344766e-19 1.5996902e-18
4249.889 3.3945594e-18 1.6413739e-18
4247.843 5.78142e-19 1.5987741e-18
4245.797 4.7418935e-19 1.5804466e-18
4243.7505 1.7667236e-18 1.5720013e-18
4241.7046 7.3888746e-19 1.5497319e-18
4239.658 -1.9948964e-19 1.5293181e-18
4237.6123 -1.0166338e-18 1.522283e-18
4235.5664 9.433198e-19 1.5477487e-18
4233.52 1.5216954e-18 1.5517094e-18
4231.474 1.160772e-18 1.5490205e-18
4229.4277 -7.1514443e-19 1.5166777e-18
4227.382 1.4402626e-19 1.5409967e-18
4225.3354 8.684482e-19 1.5671952e-18
4223.2896 1.204427e-19 1.5654603e-18
4221.2437 2.8710231e-18 1.6160395e-18
4219.1973 1.9714282e-18 1.6248405e-18
4217.1514 -1.4426769e-18 1.5924872e-18
4215.105 -6.3616336e-19 1.6150953e-18
4213.059 2.067515e-18 1.6548788e-18
4211.0127 -5.8116934e-19 1.6491619e-18
4208.967 2.1154398e-18 1.6907104e-18
4206.921 5.698617e-19 1.6616784e-18
4204.8745 -7.9499403e-19 1.6303423e-18
4202.8286 9.441857e-19 1.6626164e-18
4200.782 -6.5124767e-19 1.6480809e-18
4198.7363 1.5588784e-18 1.6827545e-18
4196.69 3.2734728e-18 1.7366775e-18
4194.644 -8.132007e-19 1.7114939e-18
4192.598 1.5627871e-18 1.7646457e-18
4190.552 8.2863547e-19 1.7812104e-18
4188.506 1.9139789e-18 1.7845336e-18
4186.4595 -6.623091e-20 1.7860016e-18
4184.4136 1.6150456e-18 1.818755e-18
4182.367 6.154554e-19 1.8466588e-18
4180.3213 5.5806764e-19 1.8950236e-18
4178.2754 1.2044147e-19 1.9198471e-18
4176.229 4.7305415e-19 1.9550922e-18
4174.183 3.1643534e-18 2.02115e-18
4172.1367 2.3459026e-18 2.059787e-18
4170.091 9.371902e-19 2.0695805e-18
4168.0444 2.3379042e-18 2.0867236e-18
4165.9985 1.9900946e-18 2.0630414e-18
4163.9526 1.4233191e-18 2.0382419e-18
4161.9062 8.59304e-19 1.9946003e-18
4159.8604 -3.9177373e-19 1.9675364e-18
4157.814 -2.6170325e-19 1.930401e-18
4155.768 2.2088653e-18 1.9321485e-18
4153.7217 5.047907e-19 1.8695095e-18
4151.676 -6.814081e-19 1.833229e-18
4149.63 3.9310813e-19 1.826445e-18
4147.5835 -5.8501434e-19 1.8278402e-18
4145.5376 -8.311961e-19 1.8484935e-18
4143.491 3.0254286e-20 1.8789424e-18
4141.4453 1.8319083e-18 1.9453476e-18
4139.399 1.80204e-18 1.9455203e-18
4137.353 2.81048e-18 1.9924901e-18
4135.307 -3.684732e-19 1.964087e-18
4133.2607 3.474538e-18 2.0099234e-18
4131.215 1.1092388e-18 2.0118662e-18
4129.1685 1.3934762e-18 2.0062182e-18
4127.1226 1.980476e-18 2.0226036e-18
4125.076 1.5113205e-18 2.0100902e-18
4123.0303 5.489998e-19 1.977127e-18
4120.9844 -4.33862e-19 1.9471083e-18
4118.938 1.4061984e-18 1.9505796e-18
4116.892 2.6345845e-18 1.9660561e-18
4114.8457 1.366556e-18 1.9518532e-18
4112.8 4.5521077e-18 1.9993572e-18
4110.7534 1.4550883e-18 1.9595576e-18
4108.7075 1.843025e-18 1.959699e-18
4106.6616 2.5431943e-18 1.9674776e-18
4104.615 2.5000645e-18 1.9760877e-18
4102.5693 3.033707e-18 2.0011344e-18
4100.523 4.837291e-19 1.9853807e-18
4098.477 3.021131e-19 2.0319557e-18
4096.4307 2.3732277e-18 2.0737656e-18
4094.3848 6.831012e-19 2.1123995e-18
4092.3386 5.360161e-19 2.130722e-18
4090.2925 1.3415512e-18 2.1593287e-18
4088.2463 -1.7019394e-18 2.157413e-18
4086.2004 4.4011065e-19 2.202248e-18
4084.1543 3.569639e-19 2.2421386e-18
4082.1082 6.196929e-19 2.2669619e-18
4080.062 3.0735939e-18 2.3107594e-18
4078.0159 9.070657e-19 2.3177076e-18
4075.9697 -2.1467254e-18 2.2948273e-18
4073.9236 2.3551377e-18 2.344928e-18
4071.8777 6.0622387e-19 2.3862742e-18
4069.8315 -3.278418e-19 2.4169076e-18
4067.7854 1.705534e-18 2.4541347e-18
4065.7393 2.6004691e-18 2.4652567e-18
4063.693 2.6398789e-18 2.4287613e-18
4061.647 -6.5824526e-19 2.351642e-18
4059.6008 -6.746468e-19 2.305873e-18
4057.555 -4.0711683e-18 2.2282238e-18
4055.5088 3.0809328e-18 2.3283788e-18
4053.4626 2.9333783e-18 2.359841e-18
4051.4165 2.894273e-18 2.4033656e-18
4049.3704 4.496487e-18 2.4881146e-18
4047.3242 4.8373295e-18 2.4981682e-18
4045.278 7.365835e-19 2.4864675e-18
4043.232 1.4682044e-18 2.4801669e-18
4041.186 5.081497e-18 2.5033583e-18
4039.14 -2.5517533e-18 2.365863e-18
4037.0938 -2.8457056e-18 2.3140305e-18
4035.0476 3.7304212e-19 2.3297509e-18
4033.0015 9.585746e-19 2.3390554e-18
4030.9553 3.3687729e-18 2.3774885e-18
4028.9092 6.6266064e-19 2.3649956e-18
4026.8633 1.1850906e-18 2.4137438e-18
4024.8171 1.0586526e-18 2.432237e-18
4022.771 2.8266e-19 2.4522599e-18
4020.7249 -6.9349225e-19 2.468714e-18
4018.6787 2.6599836e-19 2.5127512e-18
4016.6326 5.204082e-19 2.5874607e-18
4014.5864 -4.289631e-19 2.5850108e-18
4012.5405 3.8942038e-18 2.6825924e-18
4010.4944 1.6812587e-18 2.652542e-18
4008.4482 4.095531e-19 2.6133332e-18
4006.402 5.5779777e-19 2.565735e-18
4004.356 8.965028e-19 2.5224465e-18
4002.3098 -1.3915184e-18 2.4784651e-18
4000.2637 -7.0783117e-19 2.4736627e-18
3998.2178 -1.2343752e-18 2.4614287e-18
3996.1716 -9.776281e-19 2.4668978e-18
3994.1255 5.453611e-18 2.5640436e-18
3992.0793 6.750396e-19 2.5271842e-18
3990.0332 1.8002678e-18 2.5722761e-18
3987.987 2.2019269e-18 2.613177e-18
3985.941 1.2793713e-18 2.6111708e-18
3983.895 1.0415395e-18 2.6402673e-18
3981.8489 3.6018997e-18 2.7116773e-18
3979.8027 4.8203785e-19 2.6676945e-18
3977.7566 1.5232206e-20 2.637633e-18
3975.7104 3.1277552e-18 2.6075305e-18
3973.6643 -8.09679e-20 2.4893699e-18
3971.6182 1.530955e-18 2.4274227e-18
3969.5723 -6.1872836e-19 2.3466324e-18
3967.5261 1.05534174e-20 2.392116e-18
3965.48 2.5771554e-18 2.4914399e-18
3963.4338 4.373662e-18 2.5949063e-18
3961.3877 3.0987189e-18 2.6228998e-18
3959.3416 3.3450311e-18 2.7051869e-18
3957.2954 5.6990507e-18 2.8161771e-18
3955.2495 2.5740066e-18 2.8517595e-18
3953.2034 4.87218e-19 2.8493851e-18
3951.1572 4.818146e-18 2.9876527e-18
3949.111 2.3279367e-18 3.018567e-18
3947.065 4.4631e-18 3.0979992e-18
3945.0188 6.721473e-18 3.1636559e-18
3942.9727 8.81151e-18 3.170652e-18
3940.9268 1.1026057e-17 3.1503602e-18
3938.8806 1.5246484e-17 3.1042209e-18
3936.8345 1.8494225e-17 3.068845e-18
3934.7883 1.8479918e-17 3.0248667e-18
3932.7422 1.1721779e-17 2.932859e-18
3930.696 9.9603556e-18 2.9180012e-18
3928.65 4.2841173e-18 2.8883648e-18
3926.604 5.0454634e-18 2.9325935e-18
3924.5579 1.9754794e-18 2.989748e-18
3922.5117 4.259693e-18 3.072834e-18
3920.4656 2.3162598e-18 3.1771887e-18
3918.4194 4.9212416e-18 3.3108392e-18
3916.3733 6.168456e-18 3.4941528e-18
3914.3271 5.6522835e-18 3.57435e-18
3912.281 2.9577683e-18 3.60989e-18
3910.235 7.6047e-18 3.722737e-18
3908.189 5.1613506e-18 3.702291e-18
3906.1428 1.2070548e-18 3.5803586e-18
3904.0967 3.1722908e-18 3.5025714e-18
3902.0505 -3.757814e-18 3.3313694e-18
3900.0044 -2.3151722e-18 3.29548e-18
3897.9583 -6.685234e-18 3.1844818e-18
3895.9124 1.1128617e-18 3.283743e-18
3893.8662 1.474257e-18 3.2400131e-18
3891.82 1.143644e-18 3.23462e-18
3889.774 3.1321215e-18 3.236976e-18
3887.7278 5.4864156e-18 3.2924783e-18
3885.6816 -2.9490175e-20 3.2429308e-18
3883.6355 -1.5747975e-18 3.2411867e-18
3881.5896 3.272943e-18 3.379719e-18
3879.5435 1.5218116e-18 3.4110821e-18
3877.4973 8.1153315e-19 3.4047137e-18
3875.4512 9.983608e-19 3.5090205e-18
3873.405 2.1051106e-18 3.5247655e-18
3871.359 2.564125e-18 3.5401535e-18
3869.3127 -1.1971507e-19 3.566085e-18
3867.2668 5.4933193e-18 3.715151e-18
3865.2207 3.687652e-18 3.7615463e-18
3863.1746 2.3506575e-18 3.7967143e-18
3861.1284 -2.5728433e-18 3.7562818e-18
3859.0823 4.8375445e-18 3.9357965e-18
3857.0361 2.9038649e-18 3.9597525e-18
3854.99 1.5787435e-18 3.961737e-18
3852.944 1.840589e-18 4.1232708e-18
3850.898 3.600684e-18 4.2600612e-18
3848.8518 5.851726e-18 4.350961e-18
3846.8057 -1.6721229e-18 4.357071e-18
3844.7595 -6.31056e-19 4.4171474e-18
3842.7134 1.0163501e-18 4.5134796e-18
3840.6672 9.230506e-19 4.563247e-18
3838.6213 3.7098e-18 4.7282905e-18
3836.5752 -5.557987e-18 4.7399083e-18
3834.529 1.1222525e-17 5.1470424e-18
3832.483 5.7709335e-18 5.1241788e-18
3830.4368 4.2952677e-18 5.116608e-18
3828.3906 7.749818e-18 5.075946e-18
3826.3445 2.7937219e-18 4.8308543e-18
3824.2986 -5.6800007e-18 4.6547347e-18
3822.2524 -1.2699023e-18 4.7170355e-18
3820.2063 4.9870343e-18 4.861634e-18
3818.1602 2.9626896e-18 4.8983134e-18
3816.114 4.5122843e-18 5.0151915e-18
3814.0679 4.2513833e-18 5.0071546e-18
3812.0217 1.2172023e-18 4.927486e-18
3809.9758 3.927335e-18 4.9490187e-18
3807.9297 -4.610358e-18 4.8172302e-18
3805.8835 -3.587145e-18 4.8416494e-18
3803.8374 2.134884e-18 4.953147e-18
3801.7913 4.2024444e-18 5.076121e-18
3799.745 1.1459342e-18 5.1051404e-18
3797.699 2.5623547e-18 5.2839102e-18
3795.653 -5.981046e-18 5.208417e-18
3793.607 4.869448e-18 5.4377853e-18
3791.5608 3.344074e-19 5.4886974e-18
3789.5146 -4.0423473e-18 5.3640963e-18
3787.4685 7.872152e-18 5.56082e-18
3785.4224 -5.735987e-18 5.4420287e-18
3783.3762 1.6266081e-18 5.6237545e-18
3781.33 6.1356396e-19 5.6641896e-18
3779.2842 -4.1821375e-18 5.7407046e-18
3777.238 -6.21675e-18 5.8212252e-18
3775.192 1.2754323e-17 6.1599826e-18
3773.1458 6.41168e-18 6.0465253e-18
3771.0996 -1.9156463e-18 5.9314297e-18
3769.0535 2.1192603e-18 5.9071387e-18
3767.0073 6.5556814e-18 6.075431e-18
3764.9614 5.351648e-18 6.188077e-18
3762.9153 9.714517e-18 6.2306168e-18
3760.8691 -2.8779659e-18 6.2454175e-18
3758.823 1.4415232e-18 6.4205825e-18
3756.7769 -3.2164887e-18 6.6105495e-18
3754.7307 -1.7510206e-18 6.776357e-18
3752.6846 3.4513205e-18 7.00544e-18
3750.6387 2.5471255e-20 7.03855e-18
3748.5925 -1.1154384e-18 7.252968e-18
3746.5464 3.358699e-18 7.456829e-18
3744.5002 -3.3502924e-18 7.652314e-18
3742.454 8.112938e-18 8.039827e-18
3740.408 -1.4925175e-19 8.123004e-18
3738.3618 -5.787863e-19 8.297466e-18
3736.316 -1.0245186e-19 8.389708e-18
3734.2698 5.0648017e-18 8.343554e-18
3732.2236 -4.2270844e-18 8.11851e-18
3730.1775 4.2293927e-18 8.102141e-18
3728.1313 -4.128901e-18 7.931575e-18
3726.0852 -3.8630544e-19 7.811885e-18
3724.039 -1.3810544e-17 7.5836076e-18
3721.9932 -9.835686e-19 7.706994e-18
3719.947 -6.864393e-18 7.779028e-18
3717.901 -2.0091253e-18 8.00866e-18
3715.8547 8.409931e-18 8.374354e-18
3713.8086 8.3474027e-19 8.575015e-18
3711.7625 1.3657802e-17 8.92943e-18
3709.7163 -2.9154738e-18 8.88951e-18
3707.6704 -1.51413e-18 9.132295e-18
3705.6243 8.147996e-18 9.481323e-18
3703.5781 -1.162757e-17 9.462243e-18
3701.532 9.8815575e-18 9.904885e-18
3699.4858 5.078013e-18 9.905183e-18
3697.4397 -1.275398e-18 9.7842835e-18
3695.3936 -7.376192e-19 9.688407e-18
3693.3477 -1.895966e-17 9.279441e-18
3691.3015 8.545e-18 9.697675e-18
3689.2554 1.097013e-19 9.630852e-18
3687.2092 -1.6535215e-17 9.397326e-18
3685.163 -8.494731e-18 9.707629e-18
3683.117 -1.4366602e-17 9.8121695e-18
3681.0708 2.0768017e-18 1.0255616e-17
3679.025 9.94755e-18 1.04414785e-17
3676.9788 4.379413e-18 1.0522197e-17
3674.9326 9.47897e-18 1.09915834e-17
3672.8865 9.962085e-18 1.1240729e-17
3670.8403 9.001734e-18 1.1445509e-17
3668.7942 2.048489e-18 1.151728e-17
3666.748 1.0152028e-17 1.1965988e-17
3664.7021 -4.3641044e-18 1.2249843e-17
3662.656 1.1395084e-17 1.2669539e-17
3660.6099 1.4921213e-18 1.27532655e-17
3658.5637 2.9819656e-18 1.2924534e-17
3656.5176 1.1341164e-17 1.32593065e-17
3654.4714 -3.5522943e-19 1.3056748e-17
3652.4253 -5.435962e-18 1.3151687e-17
3650.3792 -2.6496355e-17 1.3107535e-17
3648.3333 5.1541004e-18 1.3962819e-17
3646.287 -1.3420799e-17 1.4004343e-17
3644.241 -1.8279376e-17 1.4268834e-17
3642.1948 -3.9895727e-19 1.5029485e-17
3640.1487 5.965523e-18 1.550915e-17
3638.1025 1.01731775e-17 1.595194e-17
3636.0564 -6.3522636e-18 1.6054239e-17
3634.0105 9.19225e-18 1.6722958e-17
3631.9644 7.127252e-18 1.6950658e-17
3629.9182 -1.0886659e-17 1.6900312e-17
3627.872 1.6474197e-17 1.7264785e-17
3625.826 3.990011e-19 1.7354532e-17
3623.7798 9.85649e-18 1.7590259e-17
3621.7336 3.794791e-18 1.7772258e-17
3619.6877 -1.2564883e-17 1.7861192e-17
3617.6416 1.7973985e-17 1.8586963e-17
3615.5955 -3.897305e-18 1.8560254e-17
3613.5493 -1.3551843e-17 1.8629069e-17
3611.5032 -2.0798925e-17 1.8206207e-17
3609.457 -2.477131e-17 1.8521666e-17
3607.411 -2.3903758e-17 1.8240759e-17
3605.365 -1.13738525e-17 1.9160703e-17
3603.3188 -1.3555183e-18 1.973095e-17
