305	257.16777767079844	4.832869075785291
306	257.1511672868646	4.828028738760018
307	257.1345774674332	4.823198752707201
308	257.1180082007188	4.8183791118331865
309	257.1014594749364	4.813569810344324
310	257.08493127830076	4.808770842446963
311	257.0684235990266	4.8039822023474485
312	257.0519364253288	4.799203884252131
313	257.0354697454221	4.794435882367361
314	257.01902354752133	4.789678190899483
315	257.00259781984124	4.784930804054849
316	256.9861925505967	4.780193716039805
317	256.9698077280025	4.7754669210606995
318	256.9534433402733	4.770750413323883
319	256.93709937562403	4.7660441870357015
320	256.9207758222695	4.7613482364025055
321	256.90447266842443	4.756662555630641
322	256.8881899023036	4.751987138926459
323	256.8719275121219	4.747321980496308
324	256.8556854860941	4.742667074546533
325	256.83946381243493	4.738022415283487
326	256.8232624793592	4.733387996913516
327	256.8070814750818	4.728763813642968
328	256.7909207878174	4.724149859678192
329	256.7747804057809	4.719546129225537
330	256.758660317187	4.714952616491351
331	256.7425605102506	4.710369315681982
332	256.7264809731864	4.70579622100378
333	256.7104216942093	4.7012333266630915
334	256.694382661534	4.696680626866266
335	256.6783638633753	4.692138115819652
336	256.66236528794803	4.687605787729598
337	256.64638692346705	4.683083636802451
338	256.630428758147	4.678571657244562
339	256.61449078020274	4.674069843262277
340	256.59857297784913	4.669578189061946
341	256.582675339301	4.665096688849917
342	256.566797852773	4.660625336832538
343	256.55094050647995	4.656164127216159
344	256.5351032886368	4.651713054207126
345	256.51928618745814	4.64727211201179
346	256.5034891911589	4.642841294836497
347	256.4877122879538	4.638420596887597
348	256.47195546605775	4.634010012371439
349	256.4562187136854	4.629609535494369
350	256.4405020190517	4.625219160462738
351	256.42480537037136	4.620838881482893
352	256.4091287558591	4.616468692761183
353	256.39347216372977	4.612108588503956
354	256.37783558219826	4.607758562917561
355	256.3622189994793	4.603418610208347
356	256.34662240378765	4.599088724582661
357	256.33104578333814	4.5947689002468515
358	256.3154891263456	4.590459131407268
359	256.2999524210247	4.586159412270259
360	256.2844356555904	4.581869737042172
361	256.2689388182575	4.577590099929356
362	256.2534618972406	4.573320495138159
363	256.2380048807546	4.56906091687493
364	256.2225677570143	4.564811359346017
365	256.20715051423457	4.56057181675777
366	256.1917531406301	4.556342283316535
367	256.1763756244157	4.5521227532286614
368	256.16101795380627	4.547913220700499
369	256.14568011701647	4.543713679938394
370	256.1303621022612	4.539524125148695
371	256.11506389775514	4.535344550537753
372	256.0997854917132	4.5311749503119145
373	256.0845268723501	4.5270153186775275
374	256.0692880278807	4.522865649840943
375	256.05406894651975	4.518725938008506
376	256.03886961648203	4.514596177386567
377	256.0236900259824	4.510476362181475
378	256.00853016323555	4.506366486599575
379	255.99339001645646	4.502266544847219
380	255.97826957385973	4.498176531130754
381	255.96316882366023	4.494096439656531
382	255.94808775407284	4.490026264630895
383	255.9330263533122	4.485966000260195
384	255.9179846095932	4.481915640750781
385	255.90296251113065	4.477875180309001
386	255.88796004613928	4.4738446131412015
387	255.8729772028339	4.469823933453734
388	255.85801396942935	4.465813135452945
389	255.84307033414046	4.461812213345183
390	255.8281462851819	4.457821161336797
391	255.81324181076855	4.453839973634135
392	255.79835689911525	4.449868644443547
393	255.78349153843666	4.44590716797138
394	255.76864571694765	4.441955538423981
395	255.75381942286302	4.438013750007701
396	255.73901264439763	4.434081796928887
397	255.72422536976615	4.43015967339389
398	255.7094575871834	4.426247373609054
399	255.69470928486433	4.422344891780731
400	255.6799804510235	4.418452222115269
401	255.66527107387586	4.414569358819014
402	255.65058114163617	4.410696296098317
403	255.63591064251926	4.406833028159527
404	255.62125956473986	4.402979549208989
405	255.60662789651278	4.399135853453053
406	255.59201562605287	4.395301935098071
407	255.57742274157485	4.391477788350386
408	255.56284923129354	4.387663407416349
409	255.54829508342382	4.38385878650231
410	255.53376028618035	4.380063919814615
411	255.519244827778	4.376278801559613
412	255.50474869643156	4.372503425943652
413	255.49027188035586	4.368737787173083
414	255.47581436776562	4.36498187945425
415	255.46137614687564	4.361235696993505
416	255.44695720590084	4.357499233997197
417	255.43255753305584	4.353772484671671
418	255.41817711655557	4.350055443223278
419	255.40381594461473	4.346348103858366
420	255.38947400544822	4.342650460783283
421	255.37515128727074	4.338962508204378
422	255.36084777829714	4.335284240327999
423	255.34656346674223	4.331615651360495
424	255.33229834082073	4.327956735508213
425	255.31805238874747	4.324307486977504
426	255.30382559873732	4.320667899974714
427	255.28961795900497	4.317037968706191
428	255.27542945776523	4.313417687378286
429	255.26126008323294	4.309807050197347
430	255.24710982362296	4.3062060513697205
431	255.23297866714992	4.302614685101757
432	255.21886660202873	4.299032945599804
433	255.20477361647417	4.29546082707021
434	255.190699698701	4.291898323719323
435	255.17664483692403	4.288345429753493
436	255.1626090193581	4.284802139379066
437	255.14859223421797	4.281268446802391
438	255.13459446971842	4.27774434622982
439	255.12061571407423	4.2742298318676974
440	255.10665595550032	4.270724897922372
441	255.09271518221132	4.267229538600196
442	255.0787933824221	4.2637437481075136
443	255.06489054434746	4.2602675206506735
444	255.05100665620225	4.256800850436027
445	255.03714170620117	4.25334373166992
446	255.02329568255902	4.249896158558702
447	255.0094685734907	4.24645812530872
448	254.99566036721086	4.243029626126327
449	254.9818710519344	4.239610655217866
450	254.96810061587612	4.236201206789687
451	254.95434904725076	4.232801275048141
452	254.9406163342731	4.229410854199573
453	254.926902465158	4.226029938450333
454	254.91320742812027	4.222658522006771
455	254.89953121137464	4.219296599075232
456	254.8858738031359	4.215944163862067
457	254.87223519161893	4.2126012105736255
458	254.85861536503845	4.209267733416252
459	254.84501431160925	4.205943726596297
460	254.83143201954616	4.20262918432011
461	254.81786847706402	4.199324100794039
462	254.80432367237754	4.196028470224432
463	254.79079759370154	4.192742286817635
464	254.7772902292509	4.189465544780003
465	254.76380156724025	4.186198238317877
466	254.75033159588452	4.182940361637609
467	254.73688030339844	4.179691908945549
468	254.72344767799692	4.176452874448042
469	254.71003370789458	4.173223252351439
470	254.6966383813063	4.170003036862088
471	254.68326168644694	4.166792222186336
472	254.6699036115312	4.163590802530534
473	254.65656414477388	4.160398772101027
474	254.64324327438987	4.157216125104167
475	254.62994098859386	4.154042855746299
476	254.6166572756007	4.150878958233774
477	254.60339212362513	4.147724426772941
478	254.5901455208821	4.144579255570145
479	254.57691745558617	4.141443438831738
480	254.5637079159523	4.138316970764068
481	254.55051689019533	4.13519984557348
482	254.53734436652988	4.132092057466327
483	254.52419033317085	4.128993600648954
484	254.511054778333	4.125904469327711
485	254.49793769023123	4.1228246577089465
486	254.4848390570802	4.11975415999901
487	254.47175886709476	4.116692970404246
488	254.45869710848976	4.113641083131007
489	254.4456537694799	4.11059849238564
490	254.43262883828	4.107565192374494
491	254.4196223031049	4.104541177303917
492	254.4066341521694	4.101526441380257
493	254.3936643736882	4.098520978809863
494	254.3807129558762	4.095524783799083
495	254.3677798869482	4.092537850554265
496	254.3548651551189	4.089560173281759
497	254.34196874860314	4.0865917461879135
498	254.32909065561577	4.083632563479075
499	254.3162308643715	4.080682619361593
500	254.30338936308516	4.0777419080418165
501	254.29056613997156	4.074810423726093
502	254.27776118324556	4.071888160620771
503	254.2649744811218	4.0689751129322005
504	254.25220602181517	4.066071274866728
505	254.23945579354051	4.063176640630702
506	254.22672378451253	4.060291204430472
507	254.21400998294604	4.057414960472386
508	254.20131437705584	4.054547902962794
509	254.1886369550568	4.051690026108043
510	254.17597770516363	4.048841324114479
511	254.1633366155911	4.046001791188454
512	254.15071367455417	4.043171421536316
513	254.13810887026742	4.040350209364412
514	254.1255221909458	4.037538148879092
515	254.11295362480405	4.034735234286703
516	254.10040316005694	4.031941459793595
517	254.0878707849193	4.029156819606114
518	254.07535648760592	4.026381307930611
519	254.06286025633165	4.0236149189734345
520	254.05038207931116	4.02085764694093
521	254.03792194475935	4.018109486039448
522	254.02547984089102	4.015370430475338
523	254.01305575592087	4.012640474454946
524	254.00064967806378	4.009919612184622
525	253.9882615955345	4.007207837870714
526	253.97589149654792	4.0045051457195715
527	253.9635393693187	4.001811529937541
528	253.95120520206171	3.9991269847309736
529	253.93888898299178	3.996451504306215
530	253.9265907003236	3.993785082869614
531	253.91431034227205	3.9911277146275217
532	253.9020478970519	3.988479393786283
533	253.88980335287798	3.985840114552248
534	253.87757669796503	3.9832098711317663
535	253.86536792052783	3.9805886577311846
536	253.8531770087813	3.9779764685568515
537	253.8410039509401	3.975373297815116
538	253.82884873521905	3.9727791397123275
539	253.81671134983304	3.9701939884548323
540	253.80459178299677	3.9676178382489797
541	253.79249002292505	3.96505068330112
542	253.78040605783266	3.9624925178175983
543	253.76833987593452	3.959943336004765
544	253.75629146544526	3.9574031320689698
545	253.74426081457977	3.9548719002165584
546	253.73224791155286	3.9523496346538805
547	253.72025274457923	3.949836329587285
548	253.70827530187375	3.947331979223119
549	253.69631557165118	3.9448365777677323
550	253.68437354212642	3.942350119427474
551	253.6724492015141	3.93987259840869
552	253.66054253802912	3.9374040089177305
553	253.6486535398863	3.9349443451609436
554	253.63678219530036	3.9324936013446785
555	253.6249284924861	3.9300517716752825
556	253.61309241965836	3.9276188503591043
557	253.60127396503194	3.9251948316024934
558	253.58947311682158	3.922779709611796
559	253.5776898632421	3.920373478593362
560	253.5659241925084	3.917976132753541
561	253.5541760928351	3.9155876662986793
562	253.54244555243707	3.9132080734351264
563	253.53073255952916	3.9108373483692307
564	253.51903710232608	3.9084754853073402
565	253.50735916904264	3.906122478455804
566	253.4956987478937	3.9037783220209703
567	253.48405582709404	3.9014430102091877
568	253.47243039485838	3.8991165372268037
569	253.4608224394016	3.8967988972801675
570	253.4492319489385	3.894490084575628
571	253.43765891168374	3.8921900933195333
572	253.42610331585226	3.8898989177182313
573	253.4145651496588	3.8876165519780717
574	253.40304440131823	3.885342990305401
575	253.39154105904524	3.883078226906569
576	253.38005511105465	3.880822255987925
577	253.36858654556133	3.8785750717558147
578	253.35713535077997	3.876336668416589
579	253.3457015149254	3.874107040176596
580	253.33428502621243	3.871886181242183
581	253.32288587285592	3.869674085819699
582	253.31150404307056	3.8674707481154935
583	253.3001395250712	3.8652761623359133
584	253.28879230707264	3.863090322687308
585	253.27746237728962	3.8609132233760244
586	253.266149723937	3.8587448586084143
587	253.2548543352296	3.8565852225908226
588	253.2435761993821	3.8544343095295988
589	253.23231530460936	3.8522921136310933
590	253.2210716391262	3.8501586291016516
591	253.20984519114742	3.8480338501476234
592	253.19863594888776	3.8459177709753583
593	253.18744390056204	3.8438103857912025
594	253.17626903438511	3.841711688801506
595	253.16511133857168	3.839621674212618
596	253.15397080133658	3.8375403362308846
597	253.1428474108946	3.835467669062656
598	253.1317411554606	3.833403666914281
599	253.12065202324928	3.831348323992105
600	253.10958000247547	3.8293016345024795
601	253.09852508135404	3.8272635926517524
602	253.08748724809965	3.825234192646272
603	253.07646649092715	3.8232134286923865
604	253.06546279805139	3.821201294996444
605	253.05447615768716	3.8191977857647936
606	253.04350655804916	3.817202895203784
607	253.03255398735226	3.815216617519762
608	253.02161843381128	3.813238946919079
609	253.01069988564095	3.8112698776080793
610	252.9997983310561	3.8093094037931152
611	252.98891375827156	3.8073575196805334
612	252.97804615550203	3.8054142194766825
613	252.96719551096237	3.8034794973879107
614	252.95636181286736	3.8015533476205676
615	252.94554504943187	3.799635764381
616	252.93474520887057	3.7977267418755574
617	252.92396227939832	3.7958262743105875
618	252.91319624922997	3.7939343558924405
619	252.9024471065802	3.792050980827463
620	252.89171483966385	3.790176143322004
621	252.88099943669576	3.788309837582412
622	252.87030088589074	3.7864520578150356
623	252.85961917546348	3.7846027982262225
624	252.84895429362882	3.7827620530223225
625	252.83830622860165	3.7809298164096825
626	252.82767496859663	3.779106082594652
627	252.8170605018286	3.77729084578358
628	252.80646281651244	3.775484100182813
629	252.7958819008628	3.773685839998701
630	252.7853177430946	3.771896059437592
631	252.77477033142256	3.770114752705835
632	252.76423965406156	3.768341914009777
633	252.75372569922627	3.7665775375557677
634	252.74322845513154	3.764821617550156
635	252.73274790999227	3.7630741481992884
636	252.7222840520231	3.761335123709515
637	252.7118368694389	3.7596045382871837
638	252.70140635045445	3.757882386138643
639	252.69099248328462	3.7561686614702414
640	252.68059525614407	3.7544633584883274
641	252.67021465724767	3.7527664713992492
642	252.6598506748103	3.7510779944093553
643	252.64950329704655	3.749397921724994
644	252.63917251217137	3.747726247552514
645	252.62885830839951	3.746062966098264
646	252.61856067394584	3.7444080715685923
647	252.60827959702502	3.742761558169847
648	252.5980150658519	3.7411234201083765
649	252.5877670686414	3.7394936515905295
650	252.57753559360813	3.737872246822655
651	252.56732062896694	3.736259200011101
652	252.55712216293273	3.734654505362215
653	252.54694018372015	3.7330581570823473
654	252.53677467954407	3.7314701493778446
655	252.52662563861927	3.729890476455056
656	252.5164930491606	3.7283191325203306
657	252.50637689938276	3.7267561117800154
658	252.49627717750062	3.72520140844046
659	252.48619387172897	3.723655016708014
660	252.47612697028254	3.7221169307890225
661	252.46607646137616	3.720587144889837
662	252.45604233322467	3.7190656532168043
663	252.44602457404287	3.717552449976273
664	252.43602317204545	3.716047529374593
665	252.42603811544728	3.714550885618111
666	252.41606939246324	3.713062512913176
667	252.40611699130795	3.7115824054661366
668	252.3961809001963	3.710110557483341
669	252.38626110734307	3.7086469631711383
670	252.37635760096313	3.707191616735876
671	252.36647036927116	3.7057445123839035
672	252.356599400482	3.704305644321569
673	252.34674468281048	3.70287500675522
674	252.33690620447135	3.7014525938912053
675	252.3270839536794	3.7000383999358752
676	252.31727791864952	3.6986324190955755
677	252.30748808759637	3.6972346455766556
678	252.2977144487348	3.695845073585465
679	252.28795699027964	3.6944636973283522
680	252.2782157004457	3.6930905110116625
681	252.26849056744769	3.6917255088417478
682	252.25878157950046	3.6903686850249553
683	252.24908872481885	3.689020033767633
684	252.23941199161754	3.68767954927613
685	252.22975136811138	3.686347225756796
686	252.2201068425152	3.6850230574159757
687	252.21047840304382	3.6837070384600206
688	252.20086603791194	3.68239916309528
689	252.1912697353344	3.6810994255280987
690	252.18168948352607	3.6798078199648274
691	252.1721252707016	3.6785243406118164
692	252.16257708507587	3.6772489816754104
693	252.15304491486367	3.675981737361959
694	252.14352874827983	3.6747226018778116
695	252.13402857353907	3.673471569429317
696	252.12454437885623	3.672228634222823
697	252.11507615244614	3.670993790464678
698	252.1056238825235	3.6697670323612304
699	252.09618755730318	3.6685483541188275
700	252.08676716500003	3.6673377499438193
701	252.0773626938287	3.6661352140425545
702	252.06797413200403	3.6649407406213803
703	252.05860146774086	3.6637543238866455
704	252.04924468925404	3.6625759580447
705	252.03990378475825	3.6614056373018897
706	252.03057874246832	3.660243355864564
707	252.02126955059913	3.6590891079390735
708	252.01197619736533	3.6579428877317635
709	252.00269867098177	3.6568046894489834
710	251.9934369596633	3.655674507297083
711	251.98419105162475	3.6545523354824105
712	251.97496093508076	3.6534381682113115
713	251.96574659824623	3.6523319996901376
714	251.95654802933598	3.651233824125238
715	251.94736521656472	3.6501436357229564
716	251.93819814814728	3.6490614286896457
717	251.92904681229848	3.6479871972316533
718	251.91991119723318	3.6469209355553263
719	251.910791291166	3.645862637867014
720	251.90168708231187	3.6448122983730658
721	251.89259855888557	3.6437699112798283
722	251.88352570910183	3.6427354707936517
723	251.87446852117552	3.641708971120884
724	251.86542698332144	3.6406904064678725
725	251.8564010837543	3.639679771040966
726	251.84739081068895	3.638677059046514
727	251.83839615234018	3.6376822646908646
728	251.82941709692287	3.636695382180365
729	251.82045363265166	3.635716405721365
730	251.81150574774142	3.634745329520214
731	251.802573430407	3.6337821477832573
732	251.7936566688631	3.6328268547168463
733	251.78475545132457	3.6318794445273284
734	251.77586976600617	3.6309399114210517
735	251.7669996011228	3.6300082496043644
736	251.7581449448891	3.629084453283616
737	251.74930578551997	3.628168516665154
738	251.7404821112302	3.627260433955327
739	251.73167391023452	3.626360199360485
740	251.7228811707478	3.625467807086974
741	251.71410388098482	3.624583251341144
742	251.70534202916033	3.623706526329342
743	251.69659560348916	3.6228376262579194
744	251.6878645921861	3.621976545333221
745	251.679148983466	3.6211232777615976
746	251.67044876554354	3.620277817749398
747	251.6617639266336	3.619440159502968
748	251.653094454951	3.6186102972286585
749	251.64444033871047	3.6177882251328177
750	251.6358015661268	3.6169739374217924
751	251.6271781254148	3.6161674283019325
752	251.61857000478935	3.6153686919795867
753	251.60997719246512	3.6145777226611027
754	251.60139967665697	3.613794514552828
755	251.59283744557973	3.613019061861113
756	251.5842904874481	3.6122513587923057
757	251.57575879047693	3.6114913995527536
758	251.56724234288103	3.610739178348805
759	251.5587411328752	3.6099946893868107
760	251.5502551486742	3.6092579268731164
761	251.54178437849282	3.608528885014071
762	251.53332881054595	3.607807558016025
763	251.52488843304826	3.6070939400853246
764	251.51646323421457	3.6063880254283185
765	251.5080532022598	3.6056898082513573
766	251.49965832539857	3.604999282760787
767	251.49127859184574	3.6043164431629564
768	251.48291398981615	3.6036412836642158
769	251.47456450752463	3.6029737984709107
770	251.46623013318586	3.602313981789391
771	251.45791085501466	3.601661827826007
772	251.44960666122594	3.6010173307871045
773	251.44131754003436	3.600380484879033
774	251.43304347965474	3.59975128430814
775	251.42478446830194	3.5991297232807766
776	251.41654049419074	3.5985157960032876
777	251.40831154553587	3.5979094966820235
778	251.40009761055217	3.597310819523334
779	251.3918986774545	3.5967197587335646
780	251.38371473445753	3.5961363085190654
781	251.37554576977612	3.5955604630861857
782	251.36739177162508	3.594992216641272
783	251.35925272821922	3.594431563390673
784	251.35112862777328	3.5938784975407394
785	251.34301945850206	3.5933330132978165
786	251.33492520862043	3.592795104868255
787	251.3268458663431	3.592264766458402
788	251.31878141988486	3.591741992274608
789	251.31073185746064	3.591226776523219
790	251.30269716728506	3.590719113410584
791	251.294677337573	3.5902189971430527
792	251.28667235653927	3.589726421926973
793	251.27868221239868	3.5892413819686917
794	251.27070689336597	3.588763871474561
795	251.26274638765594	3.588293884650925
796	251.25480068348344	3.587831415704134
797	251.2468697690632	3.587376458840539
798	251.23895363261005	3.586929008266484
799	251.23105226233878	3.5864890581883193
800	251.22316564646422	3.586056602812395
801	251.21529377320113	3.585631636345057
802	251.20743663076428	3.5852141529926542
803	251.19959420736853	3.584804146961537
804	251.1917664912286	3.584401612458052
805	251.18395347055935	3.5840065436885484
806	251.17615513357555	3.5836189348593734
807	251.16837146849204	3.5832387801768784
808	251.16060246352353	3.5828660738474083
809	251.15284810688485	3.5825008100773132
810	251.14510838679087	3.5821429830729423
811	251.13738329145625	3.5817925870406433
812	251.1296728090959	3.581449616186763
813	251.12197692792458	3.5811140647176543
814	251.11429563615704	3.5807859268396607
815	251.10662892200813	3.5804651967591328
816	251.0989767736926	3.580151868682419
817	251.09133917942538	3.579845936815868
818	251.0837161274211	3.5795473953658288
819	251.07610760589458	3.5792562385386475
820	251.06851360306075	3.5789724605406756
821	251.06093410713424	3.5786960555782583
822	251.0533691063299	3.578427017857746
823	251.04581858886257	3.5781653415854886
824	251.03828254294706	3.5779110209678318
825	251.03076095679808	3.5776640502111245
826	251.02325381863045	3.577424423521717
827	251.01576111665906	3.577192135105956
828	251.00828283909857	3.5769671791701896
829	251.00081897416382	3.5767495499207684
830	250.9933695100697	3.5765392415640394
831	250.98593443503086	3.576336248306349
832	250.97851373726218	3.5761405643540503
833	250.97110740497843	3.575952183913489
834	250.96371542639446	3.575771101191013
835	250.95633778972498	3.575597310392971
836	250.94897448318483	3.5754308057257136
837	250.94162549498884	3.5752715813955867
838	250.93429081335174	3.5751196316089393
839	250.92697042648834	3.5749749505721216
840	250.91966432261347	3.57483753249148
841	250.91237248994193	3.5747073715733637
842	250.90509491668845	3.574584462024121
843	250.89783159106787	3.5744687980500998
844	250.89058250129506	3.57436037385765
845	250.88334763558467	3.5742591836531195
846	250.87612698215156	3.5741652216428554
847	250.86892052921053	3.574078482033208
848	250.86172826497642	3.5739989590305252
849	250.85455017766395	3.5739266468411546
850	250.84738625548795	3.5738615396714453
851	250.84023648666326	3.5738036317277455
852	250.8331008594046	3.573752917216405
853	250.82597936192676	3.5737093903437698
854	250.81887198244465	3.5736730453161893
855	250.81177870917293	3.573643876340014
856	250.80469953032645	3.57362187762159
857	250.79763443412	3.5736070433672658
858	250.79058340876844	3.5735993677833915
859	250.78354644248648	3.5735988450763134
860	250.77652352348892	3.5736054694523816
861	250.76951463999066	3.5736192351179437
862	250.76251978020636	3.573640136279349
863	250.75553893235085	3.573668167142944
864	250.74857208463897	3.57370332191508
865	250.74161922528555	3.5737455948021033
866	250.73468034250527	3.573794980010363
867	250.72775542451302	3.5738514717462078
868	250.7208444595236	3.5739150642159854
869	250.7139474357517	3.573985751626045
870	250.70706434141218	3.574063528182735
871	250.70019516471984	3.5741483880924036
872	250.69333989388957	3.574240325561399
873	250.686498517136	3.5743393347960697
874	250.67967102267397	3.574445410002766
875	250.67285739871838	3.5745585453878332
876	250.6660576334839	3.5746787351576215
877	250.65927171518538	3.574805973518479
878	250.65249963203766	3.574940254676754
879	250.64574137225543	3.575081572838796
880	250.63899692405354	3.5752299222109523
881	250.63226627564677	3.575385296999572
882	250.62554941525002	3.5755476914110025
883	250.61884633107795	3.575717099651593
884	250.61215701134537	3.5758935159276937
885	250.6054814442672	3.5760769344456493
886	250.5988196180581	3.5762673494118116
887	250.59217152093288	3.576464755032527
888	250.58553714110639	3.576669145514144
889	250.57891646679346	3.5768805150630127
890	250.57230948620878	3.5770988578854803
891	250.5657161875672	3.577324168187895
892	250.55913655908356	3.5775564401766062
893	250.55257058897254	3.5777956680579615
894	250.54601826544902	3.57804184603831
895	250.53947957672779	3.5782949683239997
896	250.53295451102366	3.5785550291213792
897	250.52644305655136	3.5788220226367975
898	250.51994520152573	3.579095943076602
899	250.51346093416163	3.579376784647142
900	250.50699024267374	3.579664541554765
901	250.50053311527688	3.5799592080058202
902	250.49408954018594	3.580260778206656
903	250.4876595056156	3.5805692463636207
904	250.48124299978068	3.580884606683063
905	250.474840010896	3.5812068533713304
906	250.46845052717643	3.581535980634773
907	250.4620745368366	3.581871982679738
908	250.45571202809143	3.5822148537125735
909	250.44936298915573	3.58256458793963
910	250.44302740824418	3.5829211795672533
911	250.43670527357165	3.5832846228017936
912	250.43039657335294	3.5836549118495977
913	250.42410129580287	3.5840320409170174
914	250.41781942913616	3.584416004210398
915	250.41155096156766	3.5848067959360885
916	250.40529588131218	3.585204410300438
917	250.39905417658443	3.585608841509795
918	250.39282583559927	3.5860200837705065
919	250.3866108465715	3.586438131288923
920	250.38040919771595	3.586862978271392
921	250.37422087724732	3.587294618924261
922	250.36804587338048	3.5877330474538818
923	250.3618841743302	3.5881782580665975
924	250.3557357683113	3.5886302449687615
925	250.3496006435385	3.58908900236672
926	250.34347878822672	3.5895545244668203
927	250.33737019059063	3.590026805475414
928	250.33127483884508	3.5905058395988467
929	250.32519272120487	3.590991621043468
930	250.31912382588484	3.591484144015627
931	250.3130681410997	3.5919834027216706
932	250.30702565506428	3.5924893913679488
933	250.30099635599345	3.5930021041608087
934	250.29498023210186	3.5935215353066
935	250.28897727160438	3.59404767901167
936	250.28298746271582	3.5945805294823683
937	250.27701079365102	3.5951200809250423
938	250.27104725262464	3.5956663275460405
939	250.26509682785158	3.5962192635517125
940	250.25915950754666	3.5967788831484047
941	250.25323527992458	3.597345180542469
942	250.24732413320018	3.597918149940249
943	250.2414260555883	3.5984977855480973
944	250.23554103530367	3.5990840815723604
945	250.2296690605611	3.599677032219388
946	250.22381011957538	3.600276631695527
947	250.21796420056137	3.600882874207126
948	250.21213129173378	3.6014957539605357
949	250.20631138130744	3.602115265162101
950	250.2005044574972	3.602741402018173
951	250.19471050851777	3.6033741587351003
952	250.18892952258398	3.6040135295192286
953	250.1831614879106	3.6046595085769093
954	250.17740639271253	3.6053120901144906
955	250.17166422520444	3.6059712683383185
956	250.16593497360114	3.6066370374547434
957	250.16021862611754	3.607309391670114
958	250.1545151709683	3.6079883251907767
959	250.14882459636826	3.6086738322230816
960	250.14314689053225	3.6093659069733777
961	250.13748204167507	3.6100645436480123
962	250.13183003801146	3.6107697364533347
963	250.12619086775624	3.611481479595692
964	250.12056451912426	3.6121997672814334
965	250.1149509803302	3.6129245937169086
966	250.10935023958893	3.6136559531084638
967	250.1037622851153	3.6143938396624495
968	250.098187105124	3.6151382475852114
969	250.09262468782984	3.6158891710831007
970	250.08707502144767	3.616646604362466
971	250.0815380941923	3.6174105416296527
972	250.07601389427845	3.618180977091012
973	250.07050240992095	3.6189579049528926
974	250.06500362933463	3.6197413194216397
975	250.05951754073422	3.6205312147036044
976	250.05404413233455	3.6213275850051354
977	250.04858339235042	3.6221304245325805
978	250.04313530899665	3.622939727492287
979	250.03769987048798	3.6237554880906053
980	250.03227706503924	3.624577700533883
981	250.02686688086527	3.625406359028467
982	250.02146930618073	3.6262414577807083
983	250.01608432920054	3.627082990996955
984	250.01071193813942	3.627930952883553
985	250.0053521212123	3.6287853376468533
986	250.0000048666338	3.629646139493205
987	249.9946701626188	3.6305133526289532
988	249.98934799738214	3.631386971260449
989	249.9840383591385	3.6322669895940414
990	249.97874123610276	3.633153401836075
991	249.97345661648976	3.6340462021929016
992	249.96818448851414	3.63494538487087
993	249.96292484039083	3.635850944076327
994	249.95767766033455	3.6367628740156217
995	249.95244293656023	3.6376811688951016
996	249.9472206572825	3.638605822921118
997	249.9420108107162	3.6395368303000155
998	249.9368133850762	3.640474185238144
999	249.9316283685772	3.641417881941854
1000	249.92645574943404	3.6423679146174917
1001	249.92129551586152	3.6433242774714043
1002	249.9161476560745	3.644286964709944
1003	249.9110121582876	3.6452559705394574
1004	249.90588901071578	3.646231289166291
1005	249.90077820157381	3.647212914796797
1006	249.89567971907638	3.6482008416373213
1007	249.8905935514384	3.649195063894212
1008	249.8855196868746	3.6501955757738194
1009	249.88045811359987	3.651202371482492
1010	249.8754088198289	3.6522154452265756
1011	249.87037179377648	3.6532347912124212
1012	249.86534702365753	3.654260403646376
1013	249.86033449768672	3.6552922767347886
1014	249.85533420407887	3.6563304046840086
1015	249.85034613104887	3.657374781700384
1016	249.84537026681136	3.6584254019902613
1017	249.84040659958126	3.6594822597599905
1018	249.83545511757328	3.660545349215922
1019	249.83051580900235	3.6616146645643997
1020	249.8255886620831	3.662690200011775
1021	249.8206736650304	3.6637719497643975
1022	249.8157708060591	3.664859908028613
1023	249.8108800733839	3.665954069010771
1024	249.80600145521964	3.66705442691722
1025	249.80113493978112	3.6681609759543092
1026	249.7962805152832	3.669273710328386
1027	249.79143816994053	3.670392624245798
1028	249.78660789196798	3.6715177119128963
1029	249.7817896695804	3.672648967536027
1030	249.77698349099248	3.6737863853215376
1031	249.77218934441908	3.674929959475781
1032	249.767407218075	3.6760796842051024
1033	249.76263710017503	3.6772355537158496
1034	249.75787897893395	3.6783975622143736
1035	249.75313284256654	3.679565703907021
1036	249.74839867928767	3.680739973000139
1037	249.74367647731202	3.6819203637000792
1038	249.7389662248545	3.6831068702131904
1039	249.73426791012986	3.6842994867458163
1040	249.72958152135286	3.6854982075043092
1041	249.7249070467383	3.6867030266950187
1042	249.72024447450104	3.6879139385242885
1043	249.71559379285588	3.689130937198471
1044	249.7109549900175	3.6903540169239135
1045	249.7063280542008	3.6915831719069634
1046	249.7017129736206	3.6928183963539705
1047	249.6971097364916	3.6940596844712843
1048	249.69251833102862	3.6953070304652487
1049	249.68793874544647	3.696560428542217
1050	249.68337096796	3.6978198729085374
1051	249.67881498678392	3.6990853577705556
1052	249.67427079013305	3.7003568773346194
1053	249.66973836622225	3.701634425807081
1054	249.66521770326622	3.7029179973942874
1055	249.6607087894798	3.7042075863025863
1056	249.65621161307783	3.7055031867383246
1057	249.651726162275	3.706804792907855
1058	249.64725242528618	3.708112399017523
1059	249.64279039032616	3.7094259992736762
1060	249.63834004560977	3.710745587882666
1061	249.6339013793517	3.7120711590508386
1062	249.6294743797668	3.7134027069845423
1063	249.62505903506997	3.714740225890128
1064	249.62065533347584	3.7160837099739417
1065	249.61626326319927	3.717433153442332
1066	249.61188281245506	3.71878855050165
1067	249.60751396945807	3.720149895358241
1068	249.60315672242297	3.721517182218454
1069	249.59881105956464	3.722890405288638
1070	249.5944769690979	3.7242695587751435
1071	249.59015443923744	3.725654636884315
1072	249.58584345819813	3.727045633822503
1073	249.58154401419475	3.7284425437960578
1074	249.57725609544215	3.729845361011323
1075	249.57297969015502	3.731254079674652
1076	249.5687147865482	3.732668693992391
1077	249.5644613728366	3.734089198170888
1078	249.56021943723482	3.735515586416491
1079	249.55598896795775	3.7369478529355526
1080	249.55176995322023	3.738385991934416
1081	249.547562381237	3.7398299976194322
1082	249.5433662402228	3.741279864196949
1083	249.53918151839255	3.742735585873316
1084	249.535008203961	3.74419715685488
1085	249.5308462851429	3.7456645713479886
1086	249.52669575015307	3.7471378235589943
1087	249.5225565872064	3.7486169076942426
1088	249.5184287845175	3.750101817960082
1089	249.5143123303013	3.7515925485628614
1090	249.51020721277254	3.75308909370893
1091	249.5061134201461	3.7545914476046334
1092	249.50203094063667	3.756099604456325
1093	249.4979597624591	3.7576135584703487
1094	249.49389987382818	3.7591333038530546
1095	249.4898512629587	3.760658834810792
1096	249.48581391806542	3.7621901455499076
1097	249.48178782736318	3.7637272302767504
1098	249.47777297906686	3.7652700831976715
1099	249.47376936139108	3.7668186985190153
1100	249.4697769625507	3.768373070447131
1101	249.46579577076062	3.7699331931883697
1102	249.46182577423548	3.7714990609490786
1103	249.45786696119018	3.7730706679356043
1104	249.4539193198395	3.7746480083542964
1105	249.4499828383982	3.7762310764115057
1106	249.44605750508106	3.7778198663135774
1107	249.44214330810294	3.7794143722668614
1108	249.43824023567865	3.781014588477705
1109	249.4343482760229	3.7826205091524585
1110	249.43046741735048	3.784232128497469
1111	249.42659764787635	3.7858494407190855
1112	249.4227389558151	3.7874724400236555
1113	249.4188913293816	3.78910112061753
1114	249.4150547567907	3.7907354767070536
1115	249.4112292262572	3.7923755024985772
1116	249.4074147259958	3.7940211921984495
1117	249.40361124422134	3.7956725400130167
1118	249.3998187691487	3.797329540148632
1119	249.39603728899255	3.798992186811639
1120	249.3922667919677	3.800660474208387
1121	249.388507266289	3.8023343965452256
1122	249.3847587001713	3.8040139480285036
1123	249.38102108182923	3.8056991228645676
1124	249.3772943994777	3.8073899152597694
1125	249.37357864133156	3.8090863194204543
1126	249.36987379560546	3.81078832955297
1127	249.36617985051427	3.8124959398636693
1128	249.36249679427283	3.814209144558896
1129	249.35882461509584	3.815927937845001
1130	249.35516330119813	3.817652313928333
1131	249.35151284079453	3.8193822670152398
1132	249.34787322209988	3.8211177913120693
1133	249.34424443332884	3.822858881025169
1134	249.34062646269626	3.824605530360892
1135	249.33701929841703	3.8263577335255814
1136	249.33342292870583	3.828115484725588
1137	249.32983734177748	3.8298787781672603
1138	249.32626252584677	3.8316476080569464
1139	249.3226984691286	3.833421968600995
1140	249.3191451598376	3.8352018540057538
1141	249.31560258618867	3.8369872584775724
1142	249.31207073639666	3.8387781762227986
1143	249.3085495986762	3.8405746014477797
1144	249.30503916124218	3.842376528358867
1145	249.30153941230947	3.8441839511624067
1146	249.29805034009271	3.8459968640647473
1147	249.29457193280678	3.8478152612722387
1148	249.29110417866644	3.8496391369912275
1149	249.28764706588663	3.851468485428063
1150	249.28420058268193	3.8533033007890953
1151	249.28076471726726	3.855143577280671
1152	249.27733945785744	3.856989309109137
1153	249.27392479266715	3.858840490480845
1154	249.27052070991127	3.8606971156021417
1155	249.26712719780457	3.862559178679375
1156	249.2637442445619	3.8644266739188957
1157	249.260371838398	3.8662995955270505
1158	249.25700996752764	3.8681779377101875
1159	249.2536586201657	3.870061694674656
1160	249.25031778452689	3.8719508606268045
1161	249.24698744882605	3.873845429772981
1162	249.24366760127796	3.8757453963195343
1163	249.24035823009748	3.8776507544728114
1164	249.23705932349932	3.879561498439163
1165	249.23377086969828	3.881477622424937
1166	249.23049285690925	3.88339912063648
1167	249.2272252733469	3.8853259872801433
1168	249.22396810722609	3.8872582165622727
1169	249.22072134676165	3.8891958026892177
1170	249.2174849801683	3.891138739867328
1171	249.21425899566088	3.89308702230295
1172	249.21104338145418	3.8950406442024335
1173	249.20783812576303	3.896999599772126
1174	249.20464321680214	3.898963883218377
1175	249.20145864278635	3.9009334887475338
1176	249.1982843919305	3.9029084105659457
1177	249.19512045244934	3.9048886428799614
1178	249.19196681255764	3.9068741798959272
1179	249.18882346047025	3.908865015820196
1180	249.185690384402	3.910861144859112
1181	249.18256757256754	3.912862561219024
1182	249.17945501318178	3.9148692591062826
1183	249.17635269445955	3.9168812327272353
1184	249.17326060461554	3.918898476288229
1185	249.17017873186458	3.920920983995616
1186	249.1671070644215	3.9229487500557405
1187	249.1640455905011	3.9249817686749537
1188	249.16099429831812	3.9270200340596033
1189	249.15795317608737	3.9290635404160366
1190	249.1549222120237	3.931112281950603
1191	249.15190139434185	3.933166252869652
1192	249.14889071125663	3.935225447379529
1193	249.1458901509829	3.9372898596865857
1194	249.14289970173533	3.939359483997169
1195	249.13991935172876	3.941434314517628
1196	249.13694908917805	3.9435143454543105
1197	249.13398890229797	3.9455995710135654
1198	249.13103877930328	3.947689985401741
1199	249.12809870840877	3.9497855828251858
1200	249.12516867782932	3.951886357490247
1201	249.12224867577962	3.953992303603276
1202	249.1193386904745	3.956103415370619
1203	249.1164387101288	3.958219686998624
1204	249.1135487229573	3.960341112693641
1205	249.11066871717475	3.962467686662017
1206	249.10779868099596	3.964599403110103
1207	249.1049386026358	3.9667362562442436
1208	249.10208847030896	3.96887824027079
1209	249.09924827223028	3.9710253493960903
1210	249.09641799661455	3.9731775778264913
1211	249.09359763167663	3.975334919768346
1212	249.0907871656312	3.9774973694279976
1213	249.08798658669315	3.9796649210117967
1214	249.08519588307726	3.981837568726091
1215	249.0824150429983	3.9840153067772306
1216	249.07964405467104	3.9861981293715627
1217	249.07688290631035	3.9883860307154357
1218	249.07413158613096	3.9905790050151975
1219	249.07139008234768	3.9927770464771983
1220	249.06865838317532	3.9949801493077866
1221	249.0659364768287	3.997188307713307
1222	249.06322435152256	3.999401515900113
1223	249.06052199547173	4.00161976807455
1224	249.05782939689107	4.003843058442967
1225	249.0551465439952	4.006071381211713
1226	249.05247342499905	4.008304730587136
1227	249.0498100281174	4.010543100775585
1228	249.04715634156508	4.012786485983408
1229	249.04451235355677	4.015034880416954
1230	249.04187805230734	4.017288278282571
1231	249.03925342603165	4.019546673786607
1232	249.03663846294438	4.02181006113541
1233	249.03403315126033	4.02407843453533
1234	249.03143747919438	4.026351788192715
1235	249.02885143496133	4.028630116313913
1236	249.02627500677585	4.030913413105273
1237	249.02370818285286	4.033201672773142
1238	249.02115095140712	4.0354948895238705
1239	249.01860330065338	4.037793057563807
1240	249.0160652188065	4.040096171099297
1241	249.01353669408127	4.042404224336691
1242	249.01101771469243	4.044717211482338
1243	249.0085082688548	4.047035126742586
1244	249.00600834478317	4.049357964323782
1245	249.00351793069242	4.051685718432276
1246	249.00103701479725	4.054018383274418
1247	248.99856558531246	4.056355953056552
1248	248.99610363045292	4.05869842198503
1249	248.99365113843334	4.0610457842662
1250	248.99120809746853	4.063398034106408
1251	248.9887744957733	4.065755165712006
1252	248.98635032156253	4.068117173289341
1253	248.98393556305086	4.07048405104476
1254	248.9815302084532	4.072855793184614
1255	248.97913424598434	4.07523239391525
1256	248.976747663859	4.077613847443015
1257	248.974370450292	4.0800001479742605
1258	248.97200259349825	4.082391289715334
1259	248.96964408169237	4.084787266872581
1260	248.96729490308925	4.087188073652355
1261	248.96495504590368	4.0895937042609996
1262	248.9626244983505	4.092004152904865
1263	248.9603032486444	4.094419413790303
1264	248.95799128500022	4.0968394811236575
1265	248.95568859563286	4.09926434911128
1266	248.95339516875694	4.101694011959515
1267	248.95111099258733	4.104128463874715
1268	248.94883605533886	4.106567699063227
1269	248.94657034522635	4.1090117117314
1270	248.94431385046448	4.111460496085579
1271	248.94206655926814	4.113914046332118
1272	248.93982845985215	4.1163723566773625
1273	248.93759954043117	4.118835421327658
1274	248.9353797892201	4.121303234489359
1275	248.93316919443373	4.123775790368812
1276	248.93096774428687	4.1262530831723625
1277	248.92877542699424	4.128735107106361
1278	248.9265922307707	4.131221856377158
1279	248.92441814383108	4.1337133251910965
1280	248.92225315439006	4.136209507754531
1281	248.9200972506625	4.1387103982738065
1282	248.91795042086326	4.141215990955271
1283	248.915812653207	4.143726280005275
1284	248.9136839359086	4.146241259630168
1285	248.91156425718285	4.148760924036292
1286	248.9094536052446	4.151285267430003
1287	248.90735196830852	4.153814284017646
1288	248.9052593345895	4.156347968005569
1289	248.9031756923023	4.158886313600123
1290	248.90110102966173	4.161429315007654
1291	248.89903533488254	4.163976966434511
1292	248.8969785961796	4.166529262087043
1293	248.8949308017677	4.169086196171598
1294	248.89289193986156	4.171647762894526
1295	248.89086199867603	4.174213956462171
1296	248.88884096642593	4.176784771080886
1297	248.886828831326	4.179360200957018
1298	248.88482558159103	4.181940240296916
1299	248.88283120543585	4.184524883306925
1300	248.8808456910753	4.1871141241934
1301	248.87886902672412	4.189707957162683
1302	248.87690120059708	4.192306376421124
1303	248.87494220090906	4.194909376175074
1304	248.87299201587476	4.197516950630883
1305	248.87105063370902	4.200129093994892
1306	248.86911804262667	4.202745800473456
1307	248.86719423084244	4.205367064272922
1308	248.86527918657114	4.207992879599635
1309	248.8633728980276	4.210623240659949
1310	248.86147535342664	4.213258141660209
1311	248.85958654098297	4.215897576806762
1312	248.85770644891144	4.218541540305961
1313	248.85583506542687	4.221190026364153
1314	248.853972378744	4.223843029187682
1315	248.85211837707763	4.226500542982902
1316	248.85027304864258	4.2291625619561595
1317	248.84843638165367	4.231829080313801
1318	248.84660836432565	4.234500092262179
1319	248.8447889848733	4.237175592007639
1320	248.84297823151152	4.239855573756531
1321	248.84117609245496	4.242540031715199
1322	248.83938255591852	4.245228960089999
1323	248.83759761011694	4.247922353087276
1324	248.8358212432651	4.250620204913375
1325	248.8340534435777	4.253322509774648
1326	248.83229419926954	4.256029261877444
1327	248.83054349855553	4.258740455428109
1328	248.8288013296503	4.261456084632991
1329	248.82706768076875	4.264176143698444
1330	248.82534254012572	4.266900626830811
1331	248.82362589593586	4.269629528236441
1332	248.82191773641406	4.272362842121687
1333	248.82021804977512	4.275100562692891
1334	248.81852682423386	4.277842684156404
1335	248.81684404800498	4.280589200718575
1336	248.81516970930335	4.283340106585754
1337	248.81350379634378	4.286095395964287
1338	248.81184629734096	4.288855063060522
1339	248.81019720050978	4.291619102080811
1340	248.80855649406502	4.294387507231497
1341	248.8069241662215	4.2971602727189335
1342	248.80530020519396	4.2999373927494675
1343	248.8036845991972	4.302718861529445
1344	248.8020773364461	4.305504673265217
1345	248.80047840515533	4.308294822163134
1346	248.79888779353976	4.31108930242954
1347	248.79730548981416	4.313888108270782
1348	248.79573148219342	4.316691233893216
1349	248.79416575889218	4.319498673503185
1350	248.79260830812532	4.322310421307038
1351	248.79105911810768	4.325126471511123
1352	248.78951817705394	4.3279468183217915
1353	248.78798547317896	4.3307714559453885
1354	248.78646099469762	4.333600378588263
1355	248.78494472982453	4.336433580456765
1356	248.7834366667746	4.339271055757244
1357	248.78193679376264	4.342112798696044
1358	248.78044509900346	4.344958803479518
1359	248.77896157071174	4.347809064314013
1360	248.77748619710238	4.350663575405874
1361	248.77601896639018	4.3535223309614555
1362	248.77455986678984	4.356385325187102
1363	248.77310888651624	4.359252552289162
1364	248.77166601378414	4.3621240064739855
1365	248.7702312368084	4.36499968194792
1366	248.76880454380372	4.367879572917314
1367	248.76738592298494	4.370763673588517
1368	248.7659753625669	4.373651978167876
1369	248.7645728507643	4.376544480861739
1370	248.763178375792	4.379441175876457
1371	248.76179192586483	4.382342057418377
1372	248.76041348919748	4.3852471196938465
1373	248.75904305400482	4.388156356909215
1374	248.75768060850163	4.391069763270832
1375	248.75632614090273	4.393987332985043
1376	248.75497963942286	4.3969090602582
1377	248.75364109227687	4.399834939296648
1378	248.75231048767955	4.402764964306737
1379	248.75098781384565	4.405699129494816
1380	248.74967305899	4.408637429067232
1381	248.74836621132738	4.411579857230336
1382	248.74706725907265	4.414526408190474
1383	248.7457761904405	4.417477076153994
1384	248.7444929936458	4.420431855327248
1385	248.74321765690334	4.423390739916582
1386	248.74195016842788	4.426353724128343
1387	248.7406905164342	4.429320802168883
1388	248.73943868913716	4.432291968244547
1389	248.73819467475158	4.435267216561684
1390	248.73695846149215	4.438246541326645
1391	248.73573003757372	4.441229936745778
1392	248.73450939121113	4.444217397025427
1393	248.73329651061908	4.447208916371947
1394	248.73209138401245	4.450204488991682
1395	248.73089399960602	4.453204109090979
1396	248.72970434561452	4.456207770876194
1397	248.7285224102528	4.459215468553668
1398	248.72734818173566	4.462227196329751
1399	248.72618164827793	4.465242948410793
1400	248.7250227980943	4.468262719003144
1401	248.72387161939963	4.4712865023131485
1402	248.72272810040877	4.474314292547156
1403	248.7215922293364	4.4773460839115184
1404	248.7204639943974	4.480381870612579
1405	248.71934338380652	4.483421646856691
1406	248.71823038577864	4.486465406850197
1407	248.71712498852844	4.489513144799451
1408	248.71602718027077	4.492564854910801
1409	248.71493694922046	4.495620531390591
1410	248.71385428359224	4.4986801684451745
1411	248.7127791716009	4.501743760280897
1412	248.7117116014613	4.504811301104106
1413	248.71065156138826	4.507882785121154
1414	248.70959903959647	4.510958206538388
1415	248.70855402430078	4.514037559562152
1416	248.70751650371602	4.517120838398801
1417	248.70648646605693	4.52020803725468
1418	248.7054638995383	4.523299150336135
1419	248.70444879237502	4.526394171849521
1420	248.70344113278176	4.529493096001182
1421	248.70244090897336	4.532595916997465
1422	248.70144810916463	4.535702629044724
1423	248.70046272157046	4.538813226349303
1424	248.69948473440544	4.541927703117549
1425	248.69851413588452	4.545046053555817
1426	248.6975509142225	4.54816827187045
1427	248.69659505763406	4.551294352267798
1428	248.69564655433408	4.554424288954207
1429	248.69470539253732	4.557558076136032
1430	248.69377156045866	4.560695708019614
1431	248.69284504631278	4.563837178811307
1432	248.69192583831455	4.566982482717456
1433	248.69101392467877	4.57013161394441
1434	248.69010929362017	4.5732845666985185
1435	248.68921193335356	4.576441335186129
1436	248.68832183209378	4.579601913613592
1437	248.68743897805567	4.582766296187254
1438	248.68656335945388	4.5859344771134625
1439	248.6856949645033	4.589106450598568
1440	248.68483378141877	4.592282210848919
1441	248.683979798415	4.595461752070861
1442	248.68313300370679	4.598645068470747
1443	248.68229338550904	4.601832154254922
1444	248.68146093203637	4.605023003629736
1445	248.68063563150372	4.608217610801535
1446	248.67981747212582	4.611415969976672
1447	248.67900644211753	4.614618075361491
1448	248.67820252969355	4.617823921162344
1449	248.67740572306872	4.621033501585577
1450	248.6766160104579	4.624246810837539
1451	248.6758333800758	4.62746384312458
1452	248.67505782013723	4.630684592653045
1453	248.67428931885698	4.633909053629284
1454	248.67352786444994	4.63713722025965
1455	248.67277344513076	4.640369086750484
1456	248.67202604911432	4.643604647308139
1457	248.67128566461545	4.646843896138963
1458	248.67055227984886	4.650086827449302
1459	248.66982588302938	4.653333435445507
1460	248.66910646237187	4.656583714333927
1461	248.66839400609098	4.659837658320906
1462	248.66768850240163	4.663095261612797
1463	248.66698993951854	4.666356518415949
1464	248.66629830565662	4.6696214229367055
1465	248.66561358903056	4.672889969381419
1466	248.66493577785513	4.676162151956438
1467	248.66426486034527	4.679437964868109
1468	248.66360082471564	4.68271740232278
1469	248.66294365918105	4.686000458526802
1470	248.66229335195635	4.689287127686522
1471	248.6616498912564	4.692577404008288
1472	248.6610132652958	4.695871281698452
1473	248.66038346228947	4.699168754963356
1474	248.65976047045226	4.7024698180093525
1475	248.65914427799885	4.70577446504279
1476	248.65853487314405	4.709082690270014
1477	248.6579322441027	4.712394487897379
1478	248.65733637908966	4.715709852131228
1479	248.6567472663196	4.719028777177909
1480	248.65616489400733	4.722351257243776
1481	248.65558925036777	4.7256772865351735
1482	248.65502032361556	4.72900685925845
1483	248.65445810196556	4.732339969619954
1484	248.65390257363265	4.735676611826035
1485	248.65335372683145	4.739016780083041
1486	248.65281154977689	4.74236046859732
1487	248.6522760306837	4.745707671575218
1488	248.65174715776678	4.74905838322309
1489	248.65122491924078	4.75241259774728
1490	248.65070930332055	4.755770309354135
1491	248.65020029822097	4.759131512250008
1492	248.64969789215672	4.762496200641243
1493	248.64920207334262	4.76586436873419
1494	248.6487128299935	4.7692360107352005
1495	248.64823015032422	4.772611120850618
1496	248.6477540225494	4.7759896932867925
1497	248.64728443488397	4.779371722250075
1498	248.64682137554274	4.782757201946812
1499	248.6463648327404	4.786146126583352
1500	248.6459147946918	4.789538490366044
1501	248.64547124961175	4.792934287501236
1502	248.64503418571508	4.796333512195275
1503	248.64460359121648	4.799736158654512
1504	248.6441794543308	4.803142221085293
1505	248.6437617632729	4.806551693693969
1506	248.64335050625746	4.809964570686887
1507	248.64294567149935	4.8133808462703955
1508	248.6425472472134	4.816800514650844
1509	248.6421552216143	4.820223570034579
1510	248.64176958291688	4.82365000662795
1511	248.64139031933598	4.827079818637306
1512	248.6410174190864	4.830513000268995
1513	248.6406508703829	4.8339495457293635
1514	248.64029066144025	4.837389449224764
1515	248.63993678047333	4.840832704961542
1516	248.63958921569684	4.844279307146046
1517	248.63924795532563	4.847729249984626
1518	248.63891298757449	4.851182527683631
1519	248.63858430065824	4.854639134449403
1520	248.63826188279162	4.8580990644883
1521	248.63794572218944	4.861562312006666
1522	248.63763580706657	4.865028871210846
1523	248.6373321256377	4.8684987363071945
1524	248.63703466611767	4.871971901502056
1525	248.63674341672126	4.87544836100178
1526	248.63645836566334	4.878928109012717
1527	248.6361795011586	4.882411139741212
1528	248.6359068114219	4.8858974473936145
1529	248.63564028466809	4.889387026176275
1530	248.6353799091118	4.89287987029554
1531	248.63512567296794	4.896375973957757
1532	248.63487756445136	4.899875331369277
1533	248.6346355717767	4.903377936736447
1534	248.63439968315885	4.9068837842656166
1535	248.6341698868126	4.910392868163132
1536	248.6339461709528	4.913905182635345
1537	248.63372852379413	4.917420721888602
1538	248.63351693355145	4.920939480129251
1539	248.63331138843958	4.924461451563638
1540	248.63311187667324	4.927986630398117
1541	248.63291838646728	4.931515010839034
1542	248.63273090603647	4.935046587092736
1543	248.6325494235957	4.9385813533655725
1544	248.63237392735962	4.942119303863896
1545	248.6322044055431	4.945660432794046
1546	248.63204084636098	4.949204734362378
1547	248.63188323802797	4.9527522027752395
1548	248.63173156875885	4.9563028322389755
1549	248.63158582676851	4.959856616959939
1550	248.63144600027175	4.963413551144479
1551	248.63131207748327	4.966973628998935
1552	248.6311840466179	4.970536844729665
1553	248.6310618958905	4.974103192543015
1554	248.6309456135158	4.977672666645332
1555	248.63083518770856	4.981245261242965
1556	248.6307306066837	4.9848209705422635
1557	248.6306318586559	4.988399788749573
1558	248.63053893184	4.991981710071245
1559	248.6304518144508	4.995566728713627
1560	248.63037049470313	4.999154838883067
1561	248.63029496081168	5.002746034785913
1562	248.63022520099133	5.006340310628516
1563	248.63016120345694	5.009937660617222
1564	248.63010295642312	5.013538078958378
1565	248.6300504481048	5.017141559858338
1566	248.63000366671673	5.020748097523446
1567	248.6299626004738	5.024357686160051
1568	248.62992723759064	5.0279703199745
1569	248.62989756628215	5.031585993173145
1570	248.62987357476317	5.035204699962335
1571	248.6298552512484	5.038826434548412
1572	248.6298425839526	5.042451191137731
1573	248.62983556109077	5.0460789639366395
1574	248.62983417087747	5.049709747151482
1575	248.62983840152762	5.05334353498861
1576	248.62984824125596	5.056980321654373
1577	248.62986367827742	5.060620101355115
1578	248.62988470080663	5.06426286829719
1579	248.6299112970584	5.067908616686944
1580	248.62994345524768	5.071557340730723
1581	248.62998116358912	5.075209034634878
1582	248.63002441029755	5.07886369260576
1583	248.63007318358774	5.082521308849712
1584	248.6301274716746	5.086181877573085
1585	248.6301872627728	5.089845392982229
1586	248.63025254509716	5.093511849283489
1587	248.63032330686258	5.097181240683217
1588	248.6303995362837	5.10085356138776
1589	248.6304812215754	5.104528805603467
1590	248.63056835095244	5.108206967536681
1591	248.63066091262974	5.111888041393761
1592	248.6307588948219	5.115572021381048
1593	248.63086228574383	5.119258901704891
1594	248.63097107361037	5.122948676571638
1595	248.6310852466362	5.126641340187642
1596	248.63120479303615	5.130336886759246
1597	248.6313297010251	5.1340353104928
1598	248.63145995881771	5.137736605594657
1599	248.6315955546289	5.141440766271161
1600	248.63173647667335	5.145147786728658
1601	248.63188271316602	5.148857661173501
1602	248.63203425232152	5.152570383812041
1603	248.63219108235475	5.156285948850617
1604	248.63235319148052	5.160004350495585
1605	248.63252056791356	5.163725582953292
1606	248.6326931998687	5.1674496404300845
1607	248.6328710755607	5.171176517132314
1608	248.63305418320448	5.174906207266327
1609	248.63324251101469	5.178638705038471
1610	248.63343604720615	5.182374004655097
1611	248.63363477999377	5.1861121003225525
1612	248.63383869759218	5.189852986247182
1613	248.6340477882163	5.193596656635341
1614	248.63426204008084	5.197343105693375
1615	248.63448144140074	5.201092327627628
1616	248.6347059803906	5.204844316644455
1617	248.63493564526533	5.208599066950201
1618	248.63517042423976	5.212356572751218
1619	248.63541030552858	5.216116828253849
1620	248.63565527734664	5.219879827664443
1621	248.6359053279088	5.223645565189355
1622	248.63616044542974	5.227414035034927
1623	248.63642061812428	5.231185231407508
1624	248.63668583420727	5.23495914851345
1625	248.63695608189352	5.238735780559099
1626	248.63723134939772	5.242515121750802
1627	248.63751162493475	5.246297166294912
1628	248.6377968967194	5.2500819083977746
1629	248.63808715296645	5.253869342265736
1630	248.63838238189066	5.257659462105149
1631	248.63868257170688	5.261452262122358
1632	248.63898771062995	5.265247736523714
1633	248.63929778687452	5.269045879515565
1634	248.63961278865548	5.272846685304261
1635	248.6399327041877	5.276650148096146
1636	248.6402575216858	5.280456262097574
1637	248.64058722936468	5.284265021514892
1638	248.64092181543916	5.288076420554442
1639	248.64126126812403	5.291890453422581
1640	248.64160557563397	5.295707114325653
1641	248.64195472618388	5.299526397470007
1642	248.6423087079886	5.303348297061994
1643	248.64266750926282	5.3071728073079605
1644	248.64303111822136	5.310999922414253
1645	248.6433995230791	5.314829636587222
1646	248.64377271205072	5.318661944033217
1647	248.64415067335105	5.3224968389585845
1648	248.6445333951949	5.326334315569674
1649	248.64492086579713	5.33017436807283
1650	248.64531307337242	5.334016990674409
1651	248.64571000613563	5.337862177580754
1652	248.64611165230158	5.341709922998212
1653	248.64651800008497	5.3455602211331374
1654	248.64692903770066	5.349413066191873
1655	248.64734475336346	5.353268452380769
1656	248.6477651352882	5.3571263739061745
1657	248.64819017168958	5.3609868249744395
1658	248.6486198507824	5.364849799791906
1659	248.6490541607816	5.368715292564932
1660	248.64949308990177	5.372583297499859
1661	248.64993662635783	5.376453808803037
1662	248.65038475836457	5.380326820680816
1663	248.6508374741368	5.384202327339542
1664	248.65129476188923	5.388080322985564
1665	248.65175660983672	5.391960801825234
1666	248.6522230061941	5.395843758064897
1667	248.6526939391761	5.399729185910901
1668	248.6531693969975	5.403617079569594
1669	248.6536493678732	5.40750743324733
1670	248.65413384001786	5.411400241150452
1671	248.65462280164638	5.415295497485307
1672	248.65511624097348	5.4191931964582505
1673	248.65561414621408	5.423093332275625
1674	248.65611650558284	5.4269958991437806
1675	248.6566233072946	5.430900891269065
1676	248.65713453956423	5.43480830285783
1677	248.65765019060638	5.438718128116419
1678	248.65817024863594	5.442630361251183
1679	248.6586947018677	5.446544996468473
1680	248.6592235385165	5.450462027974634
1681	248.65975674679703	5.454381449976012
1682	248.66029431492413	5.458303256678963
1683	248.66083623111265	5.462227442289831
1684	248.6613824835773	5.46615400101496
1685	248.66193306053293	5.470082927060709
1686	248.66248795019436	5.474014214633418
1687	248.66304714077629	5.477947857939437
1688	248.66361062049359	5.481883851185117
1689	248.66417837756103	5.4858221885768055
1690	248.66475040019347	5.489762864320847
1691	248.6653266766056	5.493705872623598
1692	248.66590719501227	5.4976512076914
1693	248.6664919436283	5.501598863730602
1694	248.66708091066843	5.505548834947556
1695	248.66767408434748	5.509501115548611
1696	248.66827145288025	5.513455699740108
1697	248.6688730044816	5.517412581728403
1698	248.6694787273662	5.521371755719843
1699	248.67008860974892	5.525333215920776
1700	248.67070263984456	5.529296956537548
1701	248.67132080586788	5.53326297177651
1702	248.6719430960337	5.537231255844009
1703	248.67256949855678	5.541201802946395
1704	248.67320000165202	5.545174607290013
1705	248.67383459353408	5.5491496630812165
1706	248.67447326241785	5.553126964526352
1707	248.67511599651812	5.557106505831765
1708	248.6757627840496	5.5610882812038085
1709	248.67641361322717	5.56507228484883
1710	248.67706847226563	5.569058510973172
1711	248.67772734937972	5.5730469537831935
1712	248.67839023278424	5.577037607485234
1713	248.679057110694	5.581030466285644
1714	248.6797279713239	5.585025524390777
1715	248.68040280288855	5.589022776006975
1716	248.68108159360287	5.5930222153405875
1717	248.68176433168165	5.597023836597968
1718	248.6824510053396	5.601027633985459
1719	248.68314160279158	5.605033601709411
1720	248.6838361122524	5.6090417339761744
1721	248.68453452193688	5.613052024992096
1722	248.6852368200597	5.617064468963522
1723	248.68594299483576	5.621079060096807
1724	248.68665303447983	5.625095792598293
1725	248.68736692720668	5.6291146606743325
1726	248.68808466123113	5.633135658531269
1727	248.68880622476794	5.637158780375458
1728	248.689531606032	5.641184020413242
1729	248.690260793238	5.645211372850974
1730	248.69099377460077	5.649240831894998
1731	248.69173053833518	5.653272391751667
1732	248.6924710726559	5.657306046627324
1733	248.69321536577777	5.661341790728322
1734	248.69396340591567	5.66537961826101
1735	248.69471518128427	5.669419523431733
1736	248.69547068009842	5.67346150044684
1737	248.69622989057294	5.677505543512681
1738	248.69699280092263	5.681551646835604
1739	248.6977593993622	5.685599804621957
1740	248.69852967410654	5.689650011078089
1741	248.69930361337043	5.693702260410348
1742	248.70008120536863	5.697756546825081
1743	248.7008624383159	5.701812864528641
1744	248.70164730042714	5.705871207727373
1745	248.70243577991715	5.709931570627623
1746	248.7032278650006	5.713993947435745
1747	248.70402354389233	5.718058332358086
1748	248.70482280480726	5.7221247196009895
1749	248.70562563596002	5.72619310337081
1750	248.70643202556545	5.730263477873894
1751	248.7072419618384	5.734335837316591
1752	248.7080554329937	5.738410175905243
1753	248.70887242724598	5.742486487846208
1754	248.70969293281016	5.746564767345829
1755	248.71051693790108	5.750645008610456
1756	248.7113444307334	5.754727205846434
1757	248.71217539952198	5.758811353260116
1758	248.7130098324817	5.76289744505785
1759	248.7138477178272	5.766985475445981
1760	248.71468904377335	5.771075438630861
1761	248.71553379853498	5.775167328818838
1762	248.71638197032686	5.779261140216256
1763	248.71723354736375	5.78335686702947
1764	248.71808851786048	5.787454503464826
1765	248.71894687003189	5.791554043728668
1766	248.71980859209268	5.795655482027352
1767	248.72067367225767	5.799758812567221
1768	248.7215420987417	5.803864029554625
1769	248.7224138597596	5.8079711271959145
1770	248.72328894352606	5.812080099697436
1771	248.7241673382559	5.8161909412655355
1772	248.725049032164	5.8203036461065665
1773	248.72593401346506	5.824418208426874
1774	248.7268222703739	5.828534622432806
1775	248.7277137911054	5.832652882330715
1776	248.72860856387422	5.836772982326945
1777	248.72950657689523	5.840894916627847
1778	248.7304078183832	5.845018679439768
1779	248.731312276553	5.849144264969058
1780	248.7322199396193	5.853271667422065
1781	248.73313079579702	5.8574008810051374
1782	248.7340448333009	5.8615318999246195
1783	248.7349620403457	5.865664718386866
1784	248.73588240514624	5.869799330598225
1785	248.73680591591736	5.873935730765038
1786	248.73773256087384	5.878073913093661
1787	248.73866232823042	5.882213871790441
1788	248.73959520620193	5.886355601061722
1789	248.74053118300324	5.8904990951138565
1790	248.741470246849	5.894644348153195
1791	248.74241238595408	5.898791354386078
1792	248.74335758853329	5.902940108018862
1793	248.74430584280148	5.907090603257893
1794	248.7452571369733	5.911242834309517
1795	248.74621145926363	5.915396795380086
1796	248.74716879788733	5.919552480675946
1797	248.74812914105908	5.9237098844034435
1798	248.7490924769937	5.927869000768933
1799	248.75005879390608	5.932029823978759
1800	248.75102808001088	5.93619234823927
1801	248.75200032352296	5.9403565677568135
1802	248.75297551265712	5.944522476737742
1803	248.7539536356282	5.948690069388399
1804	248.75493468065088	5.952859339915137
1805	248.75591863594005	5.957030282524304
1806	248.75690548971053	5.961202891422245
1807	248.75789523017698	5.96537716081531
1808	248.7588878455543	5.96955308490985
1809	248.75988332405728	5.97373065791221
1810	248.76088165390075	5.977909874028743
1811	248.7618828232994	5.982090727465789
1812	248.76288682046808	5.9862732124297064
1813	248.76389363362165	5.9904573231268365
1814	248.7649032509748	5.9946430537635305
1815	248.76591566074237	5.998830398546139
1816	248.76693085113914	6.003019351681007
1817	248.76794881037998	6.007209907374483
1818	248.7689695266796	6.011402059832916
1819	248.7699929882528	6.015595803262658
1820	248.77101918331445	6.01979113187005
1821	248.77204810007925	6.02398803986145
1822	248.77307972676203	6.028186521443198
1823	248.77411405157767	6.032386570821647
1824	248.77515106274083	6.036588182203143
1825	248.77619074846638	6.040791349794037
1826	248.7772330969691	6.0449960678006756
1827	248.77827809646385	6.049202330429408
1828	248.77932573516532	6.053410131886581
1829	248.78037600128832	6.057619466378544
1830	248.78142888304777	6.06183032811165
1831	248.7824843686583	6.0660427112922415
1832	248.7835424463348	6.070256610126669
1833	248.784603104292	6.074472018821277
1834	248.78566633074485	6.078688931582421
1835	248.78673211390793	6.082907342616446
1836	248.78780044199618	6.087127246129702
1837	248.7888713032244	6.091348636328531
1838	248.7899446858073	6.09557150741929
1839	248.7910205779597	6.099795853608326
1840	248.79209896789644	6.10402166910198
1841	248.79317984383235	6.10824894810661
1842	248.7942631939821	6.112477684828561
1843	248.79534900656054	6.116707873474176
1844	248.79643726978256	6.120939508249813
1845	248.79752797186282	6.125172583361816
1846	248.79862110101615	6.129407093016525
1847	248.79971664545744	6.133643031420303
1848	248.80081459340136	6.137880392779493
1849	248.80191493306273	6.14211917130044
1850	248.80301765265642	6.146359361189493
1851	248.8041227403972	6.150600956653006
1852	248.8052301844998	6.1548439518973215
1853	248.80633997317906	6.15908834112879
1854	248.80745209464985	6.163334118553762
1855	248.8085665371268	6.16758127837858
1856	248.80968328882486	6.171829814809602
1857	248.8108023379587	6.176079722053167
1858	248.8119236727433	6.180330994315632
1859	248.81304728139324	6.1845836258033335
1860	248.8141731521234	6.188837610722634
1861	248.81530127314866	6.193092943279873
1862	248.8164316326837	6.1973496176814
1863	248.81756421894337	6.201607628133566
1864	248.81869902014242	6.2058669688427175
1865	248.81983602449577	6.210127634015203
1866	248.82097522021806	6.2143896178573685
1867	248.82211659552414	6.218652914575572
1868	248.82326013862888	6.222917518376153
1869	248.82440583774698	6.227183423465458
1870	248.82555368109325	6.231450624049844
1871	248.82670365688256	6.235719114335656
1872	248.8278557533296	6.239988888529237
1873	248.82900995864924	6.244259940836944
1874	248.83016626105623	6.248532265465122
1875	248.83132464876545	6.252805856620118
1876	248.83248510999158	6.2570807085082825
1877	248.83364763294946	6.26135681533596
1878	248.83481220585398	6.265634171309501
1879	248.83597881691978	6.269912770635258
1880	248.83714745436174	6.274192607519577
1881	248.8383181063946	6.278473676168803
1882	248.83949076123332	6.282755970789289
1883	248.8406654070925	6.287039485587382
1884	248.841842032187	6.291324214769424
1885	248.84302062473168	6.295610152541776
1886	248.84420117294124	6.29989729311078
1887	248.8453836650305	6.304185630682785
1888	248.84656808921437	6.308475159464134
1889	248.84775443370745	6.312765873661181
1890	248.84894268672466	6.317057767480275
1891	248.85013283648078	6.321350835127765
1892	248.85132487119063	6.325645070809995
1893	248.85251877906896	6.329940468733317
1894	248.85371454833054	6.33423702310408
1895	248.85491216719026	6.338534728128625
1896	248.85611162386283	6.342833578013314
1897	248.85731290656307	6.347133566964484
1898	248.85851600350577	6.351434689188483
1899	248.85972090290582	6.355736938891671
1900	248.86092759297787	6.360040310280388
1901	248.86213606193678	6.364344797560978
1902	248.8633462979974	6.368650394939802
1903	248.8645582893744	6.3729570966232
1904	248.86577202428265	6.3772648968175165
1905	248.86698749093696	6.38157378972911
1906	248.86820467755217	6.385883769564328
1907	248.86942357234295	6.3901948305295075
1908	248.87064416352416	6.394506966831009
1909	248.87186643931065	6.398820172675177
1910	248.8730903879171	6.403134442268356
1911	248.8743159975584	6.407449769816901
1912	248.87554325644933	6.411766149527158
1913	248.87677215280465	6.416083575605475
1914	248.87800267483917	6.420402042258197
1915	248.87923481076768	6.424721543691679
1916	248.88046854880503	6.429042074112267
1917	248.88170387716596	6.433363627726309
1918	248.88294078406526	6.437686198740149
1919	248.8841792577178	6.442009781360145
1920	248.88541928633825	6.446334369792635
1921	248.88666085814148	6.450659958243973
1922	248.8879039613423	6.454986540920511
1923	248.88914858415552	6.459314112028593
1924	248.89039471479586	6.463642665774561
1925	248.89164234147816	6.467972196364778
1926	248.89289145241727	6.472302698005584
1927	248.89414203582788	6.476634164903321
1928	248.89539407992484	6.4809665912643535
1929	248.89664757292294	6.485299971295016
1930	248.89790250303705	6.489634299201663
1931	248.8991588584818	6.493969569190645
1932	248.9004166274721	6.498305775468305
1933	248.9016757982228	6.502642912240993
1934	248.90293635894855	6.506980973715058
1935	248.9041982978642	6.511319954096851
1936	248.90546160318468	6.515659847592716
1937	248.90672626312454	6.520000648409004
1938	248.90799226589877	6.5243423507520655
1939	248.90925959972205	6.528684948828248
1940	248.9105282528093	6.533028436843892
1941	248.9117982133752	6.5373728090053564
1942	248.9130694696346	6.541718059518986
1943	248.91434200980228	6.546064182591131
1944	248.91561582209306	6.550411172428133
1945	248.91689089472166	6.554759023236348
1946	248.91816721590294	6.559107729222121
1947	248.91944477385178	6.563457284591799
1948	248.9207235567828	6.567807683551735
1949	248.9220035529109	6.572158920308276
1950	248.92328475045088	6.576510989067765
1951	248.92456713761746	6.58086388403656
1952	248.9258507026255	6.585217599421004
1953	248.92713543368976	6.589572129427442
1954	248.92842131902515	6.593927468262231
1955	248.9297083468463	6.598283610131713
1956	248.93099650536809	6.602640549242236
1957	248.93228578280534	6.606998279800154
1958	248.93357616737276	6.611356796011808
1959	248.93486764728522	6.6157160920835505
1960	248.93616021075752	6.620076162221734
1961	248.9374538460044	6.624437000632703
1962	248.93874854124067	6.628798601522799
1963	248.94004428468114	6.633160959098384
1964	248.94134106454067	6.637524067565801
1965	248.9426388690339	6.6418879211313895
1966	248.94393768637576	6.646252514001512
1967	248.94523750478106	6.650617840382509
1968	248.94653831246447	6.654983894480732
1969	248.94784009764086	6.659350670502525
1970	248.949142848525	6.663718162654241
1971	248.9504465533318	6.6680863651422255
1972	248.95175120027588	6.672455272172832
1973	248.95305677757213	6.6768248779523995
1974	248.95436327343538	6.681195176687288
1975	248.95567067608033	6.685566162583837
1976	248.95697897372185	6.689937829848395
1977	248.9582881545747	6.694310172687321
1978	248.9595982068537	6.698683185306951
1979	248.9609091187736	6.703056861913637
1980	248.96222087854926	6.707431196713731
1981	248.9635334743955	6.7118061839135805
1982	248.96484689452697	6.716181817719532
1983	248.96616112715856	6.720558092337935
1984	248.96747616050513	6.724935001975138
1985	248.96879198278137	6.729312540837485
1986	248.97010858220207	6.733690703131334
1987	248.97142594698212	6.738069483063026
1988	248.9727440653363	6.742448874838908
1989	248.9740629254793	6.746828872665338
1990	248.97538251562602	6.751209470748656
1991	248.97670282399125	6.7555906632952105
1992	248.9780238387897	6.759972444511359
1993	248.97934554823627	6.764354808603437
1994	248.98066794054566	6.768737749777794
1995	248.9819910039328	6.773121262240795
1996	248.98331472661232	6.777505340198771
1997	248.98463909679913	6.781889977858075
1998	248.98596410270804	6.786275169425061
1999	248.98728973255373	6.790660909106071
2000	248.98861597455107	6.795047191107458
2001	248.98994281691492	6.799434009635566
2002	248.99127024785994	6.803821358896745
2003	248.992598255601	6.808209233097348
2004	248.99392682835287	6.812597626443717
2005	248.99525595433045	6.816986533142202
2006	248.99658562174838	6.821375947399153
2007	248.9979158188215	6.825765863420921
2008	248.99924653376473	6.830156275413845
2009	249.0005777547927	6.834547177584287
2010	249.00190947012027	6.8389385641385845
2011	249.00324166796221	6.84333042928309
2012	249.00457433653344	6.847722767224153
2013	249.0059074640486	6.852115572168119
2014	249.00724103872253	6.8565088383213375
2015	249.0085750487701	6.860902559890159
2016	249.00990948240602	6.865296731080931
2017	249.01124432784508	6.869691346099997
2018	249.01257957330213	6.874086399153717
2019	249.01391520699198	6.878481884448429
2020	249.01525121712936	6.882877796190481
2021	249.0165875919291	6.887274128586234
2022	249.01792431960604	6.891670875842019
2023	249.01926138837487	6.896068032164193
2024	249.02059878645042	6.9004655917591124
2025	249.0219365020476	6.904863548833111
2026	249.02327452338105	6.909261897592547
2027	249.02461283866563	6.913660632243766
2028	249.02595143611615	6.918059746993114
2029	249.02729030394744	6.922459236046944
2030	249.0286294303742	6.926859093611602
2031	249.02996880361127	6.931259313893435
2032	249.0313084118735	6.935659891098791
2033	249.0326482433756	6.940060819434025
2034	249.0339882863324	6.9444620931054795
2035	249.03532852895867	6.948863706319506
2036	249.0366689594693	6.953265653282449
2037	249.03800956607898	6.957667928200658
2038	249.03935033700256	6.962070525280487
2039	249.04069126045485	6.966473438728277
2040	249.04203232465056	6.9708766627503795
2041	249.04337351780455	6.975280191553148
2042	249.04471482813162	6.979684019342921
2043	249.0460562438466	6.984088140326053
2044	249.0473977531642	6.988492548708892
2045	249.04873934429924	6.992897238697788
2046	249.05008100546658	6.997302204499081
2047	249.05142272488092	7.001707440319137
2048	249.0527644907571	7.006112940364282
2049	249.05410629131	7.010518698840876
2050	249.05544811475428	7.014924709955279
2051	249.05678994930477	7.019330967913816
2052	249.0581317831763	7.02373746692285
2053	249.0594736045837	7.028144201188732
2054	249.06081540174165	7.032551164917796
2055	249.06215716286505	7.036958352316404
2056	249.0634988761687	7.041365757590899
2057	249.0648405298673	7.045773374947628
2058	249.06618211217568	7.050181198592949
2059	249.06752361130867	7.054589222733198
2060	249.06886501548112	7.058997441574727
2061	249.07020631290771	7.063405849323888
2062	249.07154749180327	7.067814440187028
2063	249.07288854038268	7.0722232083704935
2064	249.07422944686058	7.076632148080636
2065	249.0755701994519	7.081041253523803
2066	249.07691078637137	7.085450518906339
2067	249.07825119583384	7.0898599384345955
2068	249.07959141605403	7.094269506314925
2069	249.08093143524678	7.098679216753668
2070	249.08227124162693	7.1030890639571815
2071	249.08361082340917	7.107499042131809
2072	249.08495016880835	7.111909145483896
2073	249.08628926603936	7.116319368219799
2074	249.0876281033168	7.120729704545858
2075	249.0889666688556	7.125140148668425
2076	249.09030495087052	7.129550694793853
2077	249.0916429375764	7.133961337128482
2078	249.09298061718798	7.138372069878665
2079	249.09431797792007	7.142782887250754
2080	249.0956550079875	7.1471937834510895
2081	249.09699169560497	7.1516047526860245
2082	249.09832802898737	7.156015789161911
2083	249.09966399634948	7.160426887085086
2084	249.1009995859061	7.164838040661912
2085	249.10233478587196	7.169249244098727
2086	249.10366958446193	7.173660491601881
2087	249.10500396989082	7.178071777377731
2088	249.10633793037334	7.182483095632616
2089	249.1076714541243	7.1868944405728845
2090	249.10900452935863	7.191305806404895
2091	249.11033714429092	7.195717187334984
2092	249.1116692871361	7.200128577569504
2093	249.11300094610894	7.204539971314806
2094	249.11433210942428	7.208951362777237
2095	249.1156627652968	7.213362746163146
2096	249.1169929019414	7.217774115678881
2097	249.11832250757283	7.2221854655307895
2098	249.1196515704059	7.2265967899252175
2099	249.12098007865535	7.231008083068524
