478	253.16853587609185	3.469202771868426
479	253.16034386051533	3.4675486523931713
480	253.15216377437903	3.4658992811357425
481	253.14399560836608	3.4642546528579006
482	253.13583935315984	3.4626147623214054
483	253.1276949994435	3.4609796042880223
484	253.1195625379004	3.459349173519511
485	253.1114419592137	3.457723464777633
486	253.10333325406674	3.456102472824152
487	253.09523641314271	3.4544861924208288
488	253.08715142712498	3.4528746183294245
489	253.07907828669664	3.4512677453117027
490	253.07101698254115	3.449665568129425
491	253.06296750534156	3.448068081544351
492	253.05492984578132	3.4464752803182455
493	253.04690399454356	3.444887159212868
494	253.0388899423116	3.4433037129899824
495	253.03088767976865	3.44172493641135
496	253.02289719759804	3.440150824238731
497	253.01491848648294	3.43858137123389
498	253.00695153710666	3.4370165721585875
499	252.9989963401525	3.4354564217745844
500	252.99105288630363	3.4339009148436443
501	252.98312116624342	3.4323500461275285
502	252.97520117065503	3.4308038103879976
503	252.96729289022176	3.429262202386816
504	252.95939631562683	3.4277252168857437
505	252.9515114375536	3.426192848646542
506	252.9436382466852	3.424665092430975
507	252.935776733705	3.4231419430008034
508	252.92792688929615	3.4216233951177886
509	252.92008870414205	3.4201094435436934
510	252.9122621689258	3.418600083040279
511	252.90444727433078	3.4170953083693067
512	252.89664401104017	3.4155951142925405
513	252.88885236973732	3.4140994955717407
514	252.88107234110538	3.4126084469686684
515	252.87330391582773	3.4111219632450878
516	252.8655470845875	3.409640039162758
517	252.85780183806804	3.4081626694834437
518	252.85006816695255	3.406689848968905
519	252.8423460619244	3.4052215723809036
520	252.83463551366668	3.403757834481203
521	252.8269365128628	3.4022986300315643
522	252.8192490501959	3.400843953793748
523	252.81157311634936	3.3993938005295177
524	252.8039087020063	3.397948165000635
525	252.79625579785014	3.39650704196886
526	252.78861439456398	3.3950704261959572
527	252.78098448283123	3.393638312443688
528	252.773366053335	3.3922106954738123
529	252.76575909675867	3.3907875700480936
530	252.75816360378542	3.3893689309282937
531	252.75057956509858	3.387954772876174
532	252.7430069713813	3.386545090653497
533	252.735445813317	3.3851398790220237
534	252.72789608158877	3.383739132743516
535	252.72035776687994	3.3823428465797374
536	252.71283085987383	3.3809510152924482
537	252.7053153512536	3.37956363364341
538	252.69781123170262	3.378180696394386
539	252.690318491904	3.3768021983071366
540	252.68283712254117	3.3754281341434256
541	252.67536711429722	3.374058498665014
542	252.66790845785556	3.3726932866336616
543	252.6604611438993	3.371332492811134
544	252.65302516311186	3.3699761119591907
545	252.64560050617638	3.3686241388395937
546	252.6381871637762	3.3672765682141055
547	252.63078512659445	3.365933394844488
548	252.62339438531455	3.364594613492502
549	252.61601493061963	3.363260218919911
550	252.60864675319306	3.361930205888476
551	252.60128984371798	3.3606045691599578
552	252.59394419287779	3.3592833034961207
553	252.58660979135558	3.357966403658725
554	252.5792866298348	3.356653864409532
555	252.57197469899853	3.3553456805103057
556	252.56467398953015	3.3540418467228066
557	252.55738449211285	3.3527423578087956
558	252.55010619742995	3.351447208530036
559	252.54283909616464	3.350156393648289
560	252.53558317900027	3.348869907925318
561	252.52833843661998	3.3475877461228833
562	252.52110485970712	3.346309903002747
563	252.5138824389449	3.3450363733266713
564	252.50667116501666	3.343767151856418
565	252.49947102860554	3.3425022333537475
566	252.49228202039492	3.3412416125804247
567	252.48510413106794	3.3399852842982103
568	252.47793735130796	3.338733243268864
569	252.47078167179816	3.3374854842541506
570	252.46363708322187	3.3362420020158305
571	252.4565035762623	3.335002791315665
572	252.4493811416027	3.3337678469154177
573	252.44226976992638	3.3325371635768497
574	252.43516945191655	3.331310736061722
575	252.42808017825655	3.3300885591317986
576	252.42100193962952	3.328870627548839
577	252.41393472671885	3.3276569360746056
578	252.40687853020765	3.326447479470862
579	252.39983334077934	3.3252422524993683
580	252.39279914911702	3.324041249921887
581	252.3857759459041	3.3228444665001797
582	252.3787637218237	3.3216518969960083
583	252.3717624675592	3.320463536171135
584	252.36477217379374	3.3192793787873223
585	252.3577928312107	3.3180994196063303
586	252.35082443049325	3.3169236533899227
587	252.34386696232474	3.3157520748998603
588	252.33692041738828	3.3145846788979045
589	252.3299847863673	3.3134214601458187
590	252.32306005994494	3.3122624134053638
591	252.3161462288045	3.3111075334383018
592	252.30924328362923	3.3099568150063945
593	252.30235121510245	3.308810252871405
594	252.2954700139073	3.307667841795092
595	252.28859967072717	3.3065295765392215
596	252.28174017624517	3.305395451865553
597	252.27489152114472	3.3042654625358474
598	252.26805369610895	3.3031396033118687
599	252.2612266918212	3.3020178689553785
600	252.2544104989647	3.300900254228137
601	252.24760510822273	3.299786753891908
602	252.24081051027846	3.2986773627084522
603	252.2340266958153	3.2975720754395326
604	252.22725365551636	3.29647088684691
605	252.22049138006503	3.295373791692346
606	252.21373986014444	3.294280784737604
607	252.20699908643797	3.293191860744445
608	252.2002690496288	3.2921070144746296
609	252.19354974040016	3.291026240689922
610	252.18684114943545	3.2899495341520835
611	252.18014326741778	3.2888768896228733
612	252.17345608503052	3.2878083018640574
613	252.16677959295683	3.2867437656373957
614	252.16011378188009	3.285683275704649
615	252.1534586424834	3.2846268268275813
616	252.14681416545017	3.2835744137679534
617	252.14018034146355	3.282526031287526
618	252.1335571612069	3.281481674148064
619	252.12694461536339	3.2804413371113266
620	252.12034269461634	3.2794050149390763
621	252.11375138964894	3.2783727023930753
622	252.10717069114455	3.2773443942350857
623	252.1006005897863	3.276320085226869
624	252.09404107625758	3.2752997701301876
625	252.08749214124154	3.2742834437068016
626	252.08095377542153	3.2732711007184756
627	252.07442596948073	3.2722627359269696
628	252.0679087141025	3.2712583440940453
629	252.06140199996995	3.2702579199814665
630	252.0549058177665	3.2692614583509934
631	252.04842015817528	3.2682689539643874
632	252.04194501187965	3.2672804015834123
633	252.03548036956278	3.266295795969829
634	252.02902622190803	3.2653151318853983
635	252.0225825595985	3.2643384040918844
636	252.01614937331766	3.263365607351047
637	252.00972665374857	3.262396736424649
638	252.00331439157466	3.2614317860744526
639	251.99691257747904	3.260470751062219
640	251.9905212021451	3.2595136261497095
641	251.98414025625596	3.2585604060986872
642	251.97776973049503	3.257611085670914
643	251.9714096155454	3.2566656596281502
644	251.96505990209053	3.2557241227321603
645	251.9587205808135	3.254786469744703
646	251.95239164239763	3.2538526954275433
647	251.94607307752625	3.2529227945424415
648	251.9397648768825	3.2519967618511583
649	251.93346703114977	3.251074592115458
650	251.92717953101118	3.2501562800971016
651	251.92090236715012	3.2492418205578493
652	251.9146355302497	3.2483312082594655
653	251.90837901099337	3.247424437963711
654	251.9021328000642	3.2465215044323465
655	251.8958968881456	3.2456224024271365
656	251.8896712659207	3.2447271267098405
657	251.88345592407288	3.2438356720422212
658	251.87725085328526	3.2429480331860407
659	251.87105604424127	3.2420642049030617
660	251.86487148762401	3.2411841819550435
661	251.85869717411688	3.2403079591037507
662	251.852533094403	3.239435531110944
663	251.84637923916574	3.238566892738384
664	251.8402355990883	3.2377020387478357
665	251.83410216485396	3.236840963901058
666	251.82797892714595	3.235983662959814
667	251.8218658766476	3.235130130685866
668	251.81576300404205	3.234280361840974
669	251.8096703000127	3.233434351186903
670	251.8035877552427	3.232592093485413
671	251.7975153604154	3.231753583498265
672	251.79145310621394	3.2309188159872226
673	251.78540098332172	3.2300877857140473
674	251.77935898242185	3.2292604874404995
675	251.77332709419773	3.2284369159283437
676	251.7673053093325	3.2276170659393397
677	251.76129361850954	3.2268009322352498
678	251.75529201241199	3.225988509577836
679	251.74930048172322	3.2251797927288606
680	251.74331901712637	3.224374776450084
681	251.7373476093048	3.2235734555032707
682	251.7313862489417	3.2227758246501805
683	251.72543492672034	3.221981878652575
684	251.71949363332408	3.2211916122722184
685	251.71356235943603	3.2204050202708703
686	251.70764109573955	3.219622097410293
687	251.70172983291783	3.2188428384522494
688	251.69582856165422	3.2180672381585005
689	251.68993727263188	3.217295291290808
690	251.68405595653414	3.2165269926109348
691	251.6781846040442	3.2157623368806414
692	251.6723232058454	3.215001318861691
693	251.6664717526209	3.214243933315845
694	251.66063023505404	3.213490175004864
695	251.65479864382803	3.2127400386905127
696	251.6489769696262	3.2119935191345506
697	251.64316520313167	3.2112506110987398
698	251.63736333502789	3.2105113093448434
699	251.63157135599792	3.2097756086346223
700	251.6257892567252	3.209043503729838
701	251.62001702789283	3.208314989392254
702	251.6142546601842	3.207590060383631
703	251.60850214428245	3.20686871146573
704	251.60275947087098	3.2061509374003156
705	251.59702663063288	3.2054367329491473
706	251.5913036142516	3.2047260928739867
707	251.5855904124102	3.204019011936598
708	251.5798870157921	3.2033154848987415
709	251.57419341508046	3.202615506522178
710	251.56850960095863	3.201919071568672
711	251.56283556410978	3.2012261747999835
712	251.55717129521722	3.2005368109778756
713	251.55151678496415	3.199850974864109
714	251.54587202403394	3.1991686612204457
715	251.54023700310972	3.198489864808649
716	251.53461171287486	3.1978145803904794
717	251.52899614401252	3.197142802727698
718	251.52339028720607	3.1964745265820693
719	251.51779413313864	3.1958097467153532
720	251.51220767249356	3.195148457889311
721	251.50663089595417	3.1944906548657066
722	251.50106379420356	3.1938363324063013
723	251.49550635792514	3.1931854852728554
724	251.48995857780204	3.192538108227133
725	251.48442044451767	3.191894196030895
726	251.47889194875512	3.191253743445902
727	251.4733730811978	3.190616745233918
728	251.46786383252882	3.189983196156704
729	251.4623641934316	3.189353090976021
730	251.45687415458926	3.188726424453632
731	251.45139370668517	3.188103191351299
732	251.44592284040246	3.1874833864307828
733	251.44046154642456	3.186867004453847
734	251.43500981543457	3.1862540401822512
735	251.42956763811586	3.1856444883777595
736	251.42413500515158	3.185038343802132
737	251.41871190722512	3.184435601217131
738	251.41329833501962	3.1838362553845196
739	251.40789427921845	3.183240301066059
740	251.40249973050476	3.1826477330235097
741	251.3971146795619	3.1820585460186357
742	251.39173911707303	3.1814727348131977
743	251.38637303372153	3.180890294168957
744	251.38101642019055	3.1803112188476774
745	251.37566926716343	3.1797355036111195
746	251.37033156532337	3.179163143221044
747	251.3650033053537	3.1785941324392155
748	251.35968447793758	3.1780284660273943
749	251.35437507375835	3.1774661387473415
750	251.34907508349923	3.1769071453608206
751	251.3437844978435	3.1763514806295934
752	251.33850330747438	3.1757991393154197
753	251.33323150307524	3.175250116180064
754	251.32796907532915	3.1747044059852856
755	251.32271601491956	3.1741620034928495
756	251.31747231252962	3.173622903464515
757	251.31223795884262	3.1730871006620447
758	251.30701294454178	3.172554589847201
759	251.3017972603104	3.172025365781746
760	251.2965908968318	3.1714994232274396
761	251.2913938447891	3.170976756946046
762	251.2862060948657	3.1704573616993263
763	251.2810276377447	3.169941232249041
764	251.27585846410955	3.169428363356954
765	251.2706985646433	3.168918749784827
766	251.26554793002944	3.1684123862944196
767	251.26040655095102	3.1679092676474965
768	251.25527441809143	3.1674093886058183
769	251.25015152213385	3.1669127439311464
770	251.2450378537616	3.1664193283852438
771	251.2399334036579	3.1659291367298716
772	251.23483816250607	3.1654421637267918
773	251.22975212098925	3.1649584041377663
774	251.22467526979082	3.1644778527245574
775	251.21960759959396	3.164000504248926
776	251.21454910108199	3.163526353472635
777	251.2094997649381	3.1630553951574454
778	251.20445958184564	3.16258762406512
779	251.19942854248777	3.1621230349574203
780	251.19440663754781	3.161661622596107
781	251.189393857709	3.1612033817429444
782	251.18439019365465	3.160748307159693
783	251.1793956360679	3.160296393608114
784	251.17441017563215	3.15984763584997
785	251.16943380303053	3.1594020286470235
786	251.16446650894642	3.158959566761035
787	251.15950828406298	3.1585202449537677
788	251.15455911906355	3.158084057986983
789	251.1496190046313	3.157651000622442
790	251.14468793144957	3.157221067621908
791	251.13976589020155	3.1567942537471416
792	251.1348528715706	3.1563705537599045
793	251.12994886623983	3.1559499624219605
794	251.12505386489266	3.1555324744950703
795	251.12016785821223	3.1551180847409945
796	251.11529083688183	3.154706787921497
797	251.11042279158477	3.154298578798339
798	251.10556371300422	3.153893452133282
799	251.10071359182356	3.153491402688088
800	251.09587241872592	3.1530924252245187
801	251.09104018439467	3.152696514504337
802	251.08621687951296	3.1523036652893044
803	251.08140249476418	3.151913872341181
804	251.07659702083146	3.1515271304217314
805	251.07180044839814	3.151143434292716
806	251.0670127681474	3.150762778715896
807	251.06223397076263	3.1503851584530347
808	251.05746404692695	3.150010568265894
809	251.05270298732376	3.1496390029162336
810	251.04795078263615	3.1492704571658185
811	251.04320742354753	3.1489049257764083
812	251.03847290074106	3.148542403509765
813	251.03374720490007	3.1481828851276528
814	251.02903032670775	3.1478263653918312
815	251.02432225684746	3.1474728390640614
816	251.0196229860023	3.1471223009061084
817	251.01493250485572	3.146774745679732
818	251.01025080409082	3.146430168146693
819	251.00557787439095	3.146088563068756
820	251.00091370643932	3.1457499252076806
821	250.99625829091926	3.14541424932523
822	250.9916116185139	3.145081530183166
823	250.98697367990667	3.1447517625432493
824	250.98234446578067	3.1444249411672436
825	250.97772396681927	3.1441010608169098
826	250.97311217370566	3.1437801162540087
827	250.96850907712314	3.1434621022403038
828	250.96391466775492	3.1431470135375568
829	250.95932893628435	3.1428348449075285
830	250.9547518733946	3.142525591111982
831	250.95018346976897	3.1422192469126795
832	250.9456237160907	3.1419158070713795
833	250.94107260304304	3.1416152663498487
834	250.93653012130932	3.1413176195098464
835	250.93199626157272	3.1410228613131337
836	250.92747101451656	3.1407309865214748
837	250.92295437082402	3.1404419898966296
838	250.91844632117846	3.1401558662003595
839	250.913946856263	3.1398726101944296
840	250.9094559667611	3.139592216640599
841	250.90497364335582	3.1393146803006298
842	250.90049987673055	3.139039995936285
843	250.89603465756844	3.1387681583093245
844	250.8915779765529	3.1384991621815135
845	250.887129824367	3.138233002314611
846	250.8826901916942	3.1379696734703795
847	250.87825906921756	3.1377091704105817
848	250.87383644762053	3.1374514878969793
849	250.86942231758619	3.1371966206913324
850	250.86501666979797	3.1369445635554056
851	250.86061949493896	3.1366953112509597
852	250.85623078369258	3.136448858539754
853	250.85185052674197	3.1362052001835554
854	250.84747871477046	3.1359643309441223
855	250.84311533846125	3.1357262455832164
856	250.83876038849766	3.1354909388626013
857	250.8344138555629	3.1352584055440387
858	250.83007573034027	3.1350286403892884
859	250.82574600351296	3.134801638160115
860	250.82142466576437	3.1345773936182795
861	250.81711170777757	3.1343559015255416
862	250.812807120236	3.134137156643667
863	250.80851089382273	3.1339211537344136
864	250.8042230192212	3.133707887559547
865	250.79994348711458	3.133497352880827
866	250.79567228818615	3.1332895444600144
867	250.79140941311914	3.133084457058874
868	250.78715485259687	3.132882085439166
869	250.7829085973025	3.1326824243626517
870	250.77867063791933	3.132485468591094
871	250.77444096513074	3.132291212886255
872	250.7702195696198	3.1320996520098947
873	250.7660064420699	3.131910780723778
874	250.76180157316423	3.1317245937896647
875	250.75760495358614	3.1315410859693165
876	250.75341657401873	3.131360252024496
877	250.74923642514543	3.131182086716965
878	250.74506449764937	3.131006584808485
879	250.74090078221388	3.130833741060819
880	250.7367452695222	3.1306635502357283
881	250.7325979502576	3.1304960070949726
882	250.7284588151033	3.130331106400318
883	250.72432785474263	3.1301688429135233
884	250.72020505985876	3.1300092113963496
885	250.71609042113505	3.129852206610562
886	250.71198392925464	3.12969782331792
887	250.70788557490093	3.129546056280187
888	250.703795348757	3.129396900259124
889	250.69971324150632	3.129250350016491
890	250.69563924383198	3.129106400314054
891	250.69157334641733	3.128965045913573
892	250.68751553994557	3.1288262815768073
893	250.68346581510002	3.1286901020655233
894	250.6794241625639	3.12855650214148
895	250.67539057302048	3.128425476566439
896	250.67136503715298	3.1282970201021643
897	250.66734754564476	3.128171127510416
898	250.66333808917895	3.1280477935529554
899	250.65933665843892	3.127927012991547
900	250.65534324410783	3.1278087805879515
901	250.65135783686907	3.1276930911039287
902	250.64738042740575	3.127579939301244
903	250.64341100640124	3.1274693199416568
904	250.63944956453872	3.127361227786929
905	250.63549609250157	3.127255657598824
906	250.63155058097288	3.127152604139102
907	250.627613020636	3.127052062169527
908	250.62368340217424	3.126954026451859
909	250.61976171627077	3.1268584917478597
910	250.61584795360892	3.126765452819292
911	250.61194210487184	3.1266749044279187
912	250.60804416074296	3.126586841335499
913	250.60415411190536	3.126501258303797
914	250.60027194904245	3.1264181500945742
915	250.59639766283738	3.1263375114695915
916	250.59253124397347	3.1262593371906116
917	250.58867268313392	3.126183622019396
918	250.58482197100207	3.126110360717707
919	250.5809790982611	3.126039548047306
920	250.57714405559435	3.125971178769956
921	250.573316833685	3.125905247647416
922	250.56949742321638	3.1258417494414514
923	250.56568581487164	3.1257806789138227
924	250.5618819993342	3.1257220308262905
925	250.55808596728716	3.1256657999406183
926	250.5542977094139	3.125611981018568
927	250.5505172163976	3.125560568821899
928	250.5467444789216	3.125511558112377
929	250.54297948766904	3.1254649436517608
930	250.5392222333233	3.1254207202018147
931	250.53547270656753	3.125378882524299
932	250.5317308980851	3.125339425380975
933	250.52799679855917	3.1253023435336065
934	250.5242703986731	3.125267631743954
935	250.52055168911005	3.125235284773779
936	250.51684066055336	3.125205297384845
937	250.5131373036862	3.125177664338913
938	250.50944160919192	3.1251523803977443
939	250.5057535677537	3.125129440323102
940	250.50207317005487	3.1251088388767476
941	250.49840040677864	3.125090570820441
942	250.4947352686083	3.125074630915947
943	250.4910777462271	3.1250610139250266
944	250.48742783031824	3.12504971460944
945	250.48378551156512	3.1250407277309513
946	250.48015078065086	3.1250340480513215
947	250.4765236282588	3.125029670332312
948	250.47290404507214	3.1250275893356854
949	250.4692920217742	3.1250277998232034
950	250.4656875490482	3.125030296556627
951	250.46209061757745	3.1250350742977195
952	250.4585012180451	3.125042127808242
953	250.4549193411345	3.1250514518499566
954	250.4513449775289	3.1250630411846254
955	250.44777811791155	3.1250768905740087
956	250.44421875296567	3.1250929947798705
957	250.4406668733746	3.125111348563972
958	250.4371224698215	3.1251319466880743
959	250.43358553298975	3.12515478391394
960	250.43005605356248	3.1251798550033323
961	250.42653402222308	3.1252071547180087
962	250.42301942965466	3.1252366778197365
963	250.4195122665406	3.1252684190702746
964	250.41601252356412	3.125302373231384
965	250.41252019140848	3.125338535064829
966	250.4090352607569	3.1253768993323705
967	250.40555772229274	3.125417460795769
968	250.40208756669912	3.125460214216789
969	250.39862478465943	3.1255051543571906
970	250.39516936685683	3.125552275978735
971	250.3917213039747	3.1256015738431873
972	250.3882805866961	3.1256530427123055
973	250.38484720570452	3.125706677347854
974	250.38142115168304	3.1257624725115942
975	250.37800241531505	3.125820422965286
976	250.37459098728368	3.1258805234706943
977	250.37118685827232	3.1259427687895798
978	250.36779001896412	3.1260071536837026
979	250.36440046004242	3.1260736729148277
980	250.3610181721904	3.126142321244716
981	250.35764314609136	3.126213093435127
982	250.35427537242862	3.1262859842478257
983	250.35091484188533	3.1263609884445724
984	250.34756154514486	3.126438100787129
985	250.34421547289034	3.1265173160372575
986	250.34087661580514	3.12659862895672
987	250.33754496457246	3.126682034307278
988	250.33422050987562	3.1267675268506947
989	250.33090324239777	3.1268551013487302
990	250.32759315282232	3.126944752563146
991	250.32429023183235	3.127036475255707
992	250.3209944701113	3.127130264188173
993	250.31770585834226	3.127226114122305
994	250.31442438720865	3.127324019819866
995	250.3111500473936	3.1274239760426177
996	250.30788282958045	3.127525977552322
997	250.3046227244524	3.127630019110742
998	250.30136972269278	3.1277360954796367
999	250.29812381498476	3.1278442014207712
1000	250.2948849920117	3.1279543316959058
1001	250.29165324445674	3.128066481066801
1002	250.28842856300327	3.128180644295221
1003	250.28521093833444	3.128296816142927
1004	250.2820003611336	3.12841499137168
1005	250.2787968220839	3.1285351647432433
1006	250.27560031186874	3.1286573310193777
1007	250.2724108211712	3.128781484961845
1008	250.26922834067474	3.1289076213324076
1009	250.26605286106246	3.1290357348928284
1010	250.26288437301773	3.1291658204048662
1011	250.25972286722367	3.1292978726302865
1012	250.25656833436372	3.1294318863308486
1013	250.25342076512098	3.129567856268315
1014	250.25028015017884	3.129705777204448
1015	250.2471464802204	3.1298456439010094
1016	250.2440197459291	3.129987451119761
1017	250.24089993798808	3.1301311936224647
1018	250.2377870470806	3.1302768661708824
1019	250.23468106389	3.1304244635267753
1020	250.23158197909945	3.1305739804519073
1021	250.22848978339232	3.130725411708037
1022	250.2254044674517	3.1308787520569297
1023	250.22232602196104	3.131033996260345
1024	250.21925443760344	3.1311911390800446
1025	250.21618970506228	3.1313501752777926
1026	250.2131318150207	3.131511099615349
1027	250.2100807581621	3.131673906854476
1028	250.20703652516957	3.131838591756936
1029	250.20399910672654	3.132005149084491
1030	250.20096849351614	3.1321735735989007
1031	250.19794467622174	3.1323438600619307
1032	250.1949276455265	3.1325160032353403
1033	250.19191739211374	3.132689997880891
1034	250.18891390666664	3.1328658387603463
1035	250.1859171798686	3.133043520635468
1036	250.18292720240274	3.1332230382680164
1037	250.1799439649524	3.1334043864197545
1038	250.17696745820078	3.1335875598524447
1039	250.17399767283123	3.133772553327847
1040	250.1710345995269	3.1339593616077264
1041	250.16807822897115	3.134147979453841
1042	250.16512855184715	3.1343384016279554
1043	250.16218555883825	3.1345306228918313
1044	250.1592492406276	3.1347246380072282
1045	250.15631958789857	3.134920441735911
1046	250.15339659133429	3.13511802883964
1047	250.1504802416182	3.1353173940801766
1048	250.14757052943335	3.135518532219284
1049	250.1446674454632	3.135721438018724
1050	250.14177098039085	3.1359261062402566
1051	250.13888112489965	3.1361325316456465
1052	250.13599786967282	3.136340708996653
1053	250.13312120539368	3.1365506330550392
1054	250.13025112274536	3.136762298582567
1055	250.1273876124112	3.136975700340999
1056	250.12453066507453	3.1371908330920943
1057	250.12168027141848	3.137407691597618
1058	250.11883642212644	3.137626270619331
1059	250.11599910788152	3.1378465649189935
1060	250.1131683193671	3.13806856925837
1061	250.11034404726638	3.13829227839922
1062	250.10752628226265	3.138517687103307
1063	250.10471501503912	3.1387447901323924
1064	250.10191023627914	3.138973582248237
1065	250.09911193666582	3.139204058212605
1066	250.09632010688262	3.139436212787257
1067	250.09353473761257	3.1396700407339537
1068	250.09075581953914	3.1399055368144593
1069	250.08798334334546	3.1401426957905345
1070	250.08521729971486	3.14038151242394
1071	250.0824576793305	3.1406219814764396
1072	250.0797044728758	3.1408640977097946
1073	250.07695767103382	3.1411078558857652
1074	250.07421726448803	3.1413532507661164
1075	250.07148324392148	3.141600277112608
1076	250.06875560001762	3.1418489296870016
1077	250.06603432345955	3.1420992032510604
1078	250.06331940493067	3.142351092566546
1079	250.0606108351141	3.142604592395219
1080	250.0579086046932	3.1428596974988436
1081	250.0552127043512	3.143116402639179
1082	250.05252312477137	3.143374702577989
1083	250.0498398566369	3.143634592077035
1084	250.04716289063117	3.143896065898078
1085	250.04449221743732	3.1441591188028815
1086	250.04182782773873	3.144423745553206
1087	250.03916971221852	3.1446899409108138
1088	250.0365178615601	3.1449576996374664
1089	250.03387226644656	3.1452270164949274
1090	250.03123291756134	3.145497886244956
1091	250.02859980558753	3.145770303649316
1092	250.02597292120848	3.1460442634697694
1093	250.02335225510748	3.1463197604680757
1094	250.0207377979677	3.146596789406
1095	250.0181295404725	3.146875345045302
1096	250.01552747330504	3.1471554221477445
1097	250.01293158714867	3.147437015475089
1098	250.01034187268652	3.147720119789098
1099	250.00775832060202	3.148004729851531
1100	250.0051809215783	3.1482908404241536
1101	250.0026096662987	3.1485784462687256
1102	250.00004454544637	3.1488675421470083
1103	249.9974855497047	3.149158122820765
1104	249.99493266975682	3.149450183051756
1105	249.99238589628612	3.149743717601745
1106	249.98984521997576	3.1500387212324927
1107	249.98731063150908	3.1503351887057613
1108	249.98478212156925	3.1506331147833126
1109	249.9822596808396	3.1509324942269092
1110	249.97974330000332	3.151233321798311
1111	249.9772329697438	3.1515355922592825
1112	249.9747286807441	3.1518393003715843
1113	249.97223042368768	3.1521444408969765
1114	249.96973818925764	3.152451008597224
1115	249.9672519681374	3.152758998234088
1116	249.96477175101	3.1530684045693285
1117	249.96229752855893	3.1533792223647086
1118	249.9598292914673	3.153691446381991
1119	249.95736703041845	3.1540050713829353
1120	249.95491073609554	3.154320092129307
1121	249.95246039918197	3.1546365033828643
1122	249.95001601036086	3.1549542999053704
1123	249.94757756031558	3.1552734764585884
1124	249.9451450397293	3.155594027804278
1125	249.94271843928536	3.155915948704204
1126	249.94029774966694	3.1562392339201253
1127	249.93788296155736	3.156563878213805
1128	249.93547406563985	3.1568898763470044
1129	249.93307105259765	3.1572172230814877
1130	249.9306739131141	3.157545913179013
1131	249.92828263787234	3.157875941401345
1132	249.92589721755576	3.1582073025102453
1133	249.92351764284751	3.1585399912674745
1134	249.92114390443092	3.1588740024347954
1135	249.9187759929892	3.1592093307739697
1136	249.91641389920565	3.159545971046759
1137	249.91405761376348	3.159883918014926
1138	249.911707127346	3.1602231664402325
1139	249.90936243063643	3.1605637110844382
1140	249.9070235143181	3.1609055467093086
1141	249.90469036907413	3.1612486680766025
1142	249.90236298558796	3.1615930699480823
1143	249.90004135454268	3.161938747085512
1144	249.89772546662167	3.1622856942506514
1145	249.89541531250808	3.1626339062052624
1146	249.8931108828853	3.1629833777111074
1147	249.89081216843647	3.1633341035299485
1148	249.88851915984498	3.1636860784235474
1149	249.8862318477939	3.164039297153667
1150	249.8839502229667	3.1643937544820666
1151	249.88167427604645	3.16474944517051
1152	249.87940399771657	3.1651063639807595
1153	249.8771393786602	3.1654645056745743
1154	249.87488040956066	3.16582386501372
1155	249.87262708110117	3.1661844367599556
1156	249.87037938396506	3.1665462156750444
1157	249.8681373088355	3.1669091965207476
1158	249.86590084639582	3.167273374058828
1159	249.86366998732922	3.1676387430510453
1160	249.86144472231902	3.168005298259165
1161	249.85922504204842	3.1683730344449454
1162	249.85701093720076	3.16874194637015
1163	249.85480239845919	3.169112028796541
1164	249.85259941650705	3.169483276485879
1165	249.85040198202756	3.169855684199927
1166	249.84821008570398	3.1702292467004467
1167	249.84602371821964	3.1706039587492
1168	249.84384287025767	3.1709798151079474
1169	249.84166753250148	3.171356810538454
1170	249.83949769563418	3.1717349398024774
1171	249.83733335033918	3.1721141976617835
1172	249.83517448729958	3.172494578878132
1173	249.83302109719878	3.1728760782132843
1174	249.83087317071994	3.1732586904290034
1175	249.8287306985464	3.1736424102870515
1176	249.8265936713613	3.1740272325491894
1177	249.82446207984805	3.1744131519771797
1178	249.82233591468977	3.1748001633327845
1179	249.82021516656985	3.1751882613777638
1180	249.81809982617142	3.1755774408738824
1181	249.81598988417787	3.1759676965829002
1182	249.81388533127233	3.1763590232665786
1183	249.81178615813818	3.176751415686682
1184	249.80969235545854	3.1771448686049704
1185	249.8076039139168	3.177539376783205
1186	249.80552082419615	3.1779349349831487
1187	249.8034430769799	3.1783315379665646
1188	249.80137066295123	3.1787291804952114
1189	249.7993035727935	3.1791278573308546
1190	249.79724179718983	3.1795275632352533
1191	249.79518532682366	3.179928292970171
1192	249.79313415237806	3.1803300412973687
1193	249.79108826453646	3.180732802978609
1194	249.78904765398198	3.181136572775653
1195	249.78701231139797	3.181541345450263
1196	249.78498222746765	3.1819471157642005
1197	249.78295739287432	3.1823538784792276
1198	249.78093779830115	3.182761628357108
1199	249.7789234344315	3.1831703601595995
1200	249.77691429194854	3.1835800686484674
1201	249.77491036153563	3.1839907485854724
1202	249.77291163387594	3.184402394732376
1203	249.7709180996528	3.184815001850941
1204	249.76892974954936	3.1852285647029293
1205	249.76694657424898	3.1856430780501017
1206	249.76496856443492	3.1860585366542202
1207	249.76299571079036	3.1864749352770483
1208	249.76102800399866	3.186892268680345
1209	249.75906543474298	3.187310531625876
1210	249.75710799370668	3.1877297188754
1211	249.75515567157294	3.1881498251906795
1212	249.75320845902507	3.1885708453334773
1213	249.75126634674623	3.1889927740655546
1214	249.74932932541984	3.1894156061486743
1215	249.74739738572902	3.1898393363445963
1216	249.74547051835714	3.1902639594150837
1217	249.7435487139873	3.1906894701218986
1218	249.74163196330295	3.1911158632268037
1219	249.7397202569872	3.1915431334915576
1220	249.73781358572344	3.191971275677926
1221	249.73591194019477	3.192400284547668
1222	249.73401531108462	3.192830154862547
1223	249.7321236890761	3.193260881384325
1224	249.7302370648526	3.1936924588747626
1225	249.72835542909723	3.194124882095623
1226	249.7264787724934	3.194558145808667
1227	249.72460708572424	3.1949922447756576
1228	249.72274035947314	3.195427173758355
1229	249.72087858442325	3.195862927518523
1230	249.71902175125788	3.196299500817923
1231	249.71716985066027	3.1967368884183145
1232	249.7153228733137	3.1971750850814624
1233	249.7134808099014	3.1976140855691275
1234	249.7116436511067	3.198053884643073
1235	249.70981138761272	3.1984944770650574
1236	249.70798401010288	3.1989358575968456
1237	249.7061615092603	3.1993780210001983
1238	249.70434387576836	3.1998209620368785
1239	249.7025311003102	3.2002646754686452
1240	249.70072317356923	3.200709156057264
1241	249.69892008622853	3.201154398564495
1242	249.69712182897146	3.201600397752099
1243	249.69532839248131	3.202047148381839
1244	249.69353976744128	3.202494645215478
1245	249.69175594453466	3.2029428830147753
1246	249.68997691444466	3.203391856541495
1247	249.68820266785463	3.203841560557399
1248	249.68643319544773	3.204291989824247
1249	249.6846684879073	3.204743139103803
1250	249.6829085359165	3.2051950031578276
1251	249.68115333015874	3.205647576748083
1252	249.6794028613171	3.2061008546363317
1253	249.677657120075	3.2065548315843353
1254	249.6759160971156	3.2070095023538556
1255	249.67417978312218	3.207464861706653
1256	249.672448168778	3.2079209044044914
1257	249.67072124476636	3.208377625209132
1258	249.66899900177046	3.208835018882338
1259	249.66728143047362	3.209293080185869
1260	249.665568521559	3.2097518038814883
1261	249.66386026570999	3.210211184730957
1262	249.6621566536097	3.210671217496036
1263	249.66045767594156	3.2111318969384905
1264	249.65876332338868	3.21159321782008
1265	249.65707358663443	3.2120551749025656
1266	249.65538845636198	3.212517762947711
1267	249.65370792325464	3.2129809767172786
1268	249.65203197799565	3.2134448109730265
1269	249.6503606112683	3.213909260476721
1270	249.64869381375578	3.214374319990122
1271	249.64703157614144	3.214839984274991
1272	249.64537388910844	3.21530624809309
1273	249.64372074334017	3.215773106206182
1274	249.64207212951973	3.2162405533760277
1275	249.64042803833053	3.2167085843643894
1276	249.63878846045571	3.217177193933029
1277	249.6371533865786	3.2176463768437076
1278	249.63552280738242	3.21811612785819
1279	249.63389671355043	3.2185864417382337
1280	249.63227509576598	3.2190573132456035
1281	249.6306579447122	3.219528737142061
1282	249.62904525107243	3.220000708189367
1283	249.62743700552988	3.220473221149285
1284	249.62583319876788	3.2209462707835748
1285	249.62423382146957	3.2214198518539994
1286	249.62263886431836	3.221893959122321
1287	249.62104831799735	3.2223685873503016
1288	249.61946217318996	3.2228437312997014
1289	249.6178804205793	3.2233193857322844
1290	249.61630305084876	3.2237955454098106
1291	249.61473005468147	3.224272205094043
1292	249.6131614227608	3.2247493595467445
1293	249.61159714576996	3.2252270035296746
1294	249.61003721439224	3.225705131804597
1295	249.60848161931082	3.2261837391332717
1296	249.60693035120906	3.226662820277464
1297	249.6053834007701	3.227142369998931
1298	249.60384075867736	3.2276223830594386
1299	249.60230241561396	3.2281028542207464
1300	249.60076836226324	3.2285837782446176
1301	249.59923858930838	3.229065149892814
1302	249.59771308743277	3.2295469639270964
1303	249.5961918473195	3.230029215109228
1304	249.59467485965197	3.2305118982009695
1305	249.59316211511333	3.230995007964083
1306	249.59165360438698	3.2314785391603302
1307	249.590149318156	3.2319624865514758
1308	249.5886492471038	3.2324468448992763
1309	249.58715338191354	3.232931608965498
1310	249.5856617132686	3.2334167735119017
1311	249.58417423185207	3.2339023333002475
1312	249.58269092834738	3.2343882830923
1313	249.58121179343763	3.2348746176498198
1314	249.5797368178062	3.2353613317345684
1315	249.57826599213627	3.235848420108307
1316	249.57679930711114	3.236335877532801
1317	249.57533675341412	3.2368236987698076
1318	249.57387832172836	3.2373118785810915
1319	249.57242400273722	3.237800411728414
1320	249.57097378712388	3.238289292973536
1321	249.56952766557166	3.2387785170782215
1322	249.56808562876373	3.2392680788042303
1323	249.56664766738348	3.239757972913327
1324	249.56521377211405	3.240248194167269
1325	249.5637839336388	3.240738737327822
1326	249.56235814264087	3.241229597156746
1327	249.56093638980366	3.241720768415805
1328	249.5595186658103	3.2422122458667584
1329	249.55810496134413	3.2427040242713696
1330	249.55669526708834	3.2431960983913997
1331	249.5552895737263	3.24368846298861
1332	249.55388787194113	3.244181112824765
1333	249.55249015241623	3.2446740426616225
1334	249.55109640583473	3.2451672472609485
1335	249.54970662288	3.245660721384502
1336	249.5483207942352	3.246154459794047
1337	249.5469389105837	3.246648457251343
1338	249.54556096260862	3.247142708518154
1339	249.54418694099337	3.2476372083562413
1340	249.54281683642108	3.2481319515273652
1341	249.54145063957512	3.2486269327932904
1342	249.54008834113864	3.2491221469157754
1343	249.538729931795	3.2496175886565863
1344	249.53737540222735	3.2501132527774805
1345	249.53602474311907	3.2506091340402232
1346	249.5346779451533	3.2511052272065744
1347	249.53333499901342	3.2516015270382983
1348	249.53199589538258	3.252098028297153
1349	249.53066062494415	3.2525947257449035
1350	249.52932917838123	3.253091614143311
1351	249.52800154637728	3.253588688254136
1352	249.52667771961538	3.2540859428391427
1353	249.52535768877885	3.2545833726600906
1354	249.52404144455105	3.2550809724787437
1355	249.52272897761506	3.2555787370568616
1356	249.52142027865432	3.256076661156209
1357	249.5201153383519	3.2565747395385447
1358	249.51881414739125	3.257072966965633
1359	249.5175166964555	3.2575713381992344
1360	249.51622297622797	3.258069848001111
1361	249.51493297739185	3.2585684911330253
1362	249.5136466906305	3.259067262356739
1363	249.51236410662707	3.2595661564340137
1364	249.51108521606494	3.2600651681266104
1365	249.50981000962724	3.260564292196293
1366	249.50853847799735	3.261063523404821
1367	249.50727061185842	3.26156285651396
1368	249.50600640189379	3.2620622862854667
1369	249.50474583878668	3.2625618074811076
1370	249.50348891322037	3.263061414862642
1371	249.50223561587808	3.2635611031918317
1372	249.50098593744315	3.2640608672304414
1373	249.49973986859874	3.264560701740229
1374	249.49849740002819	3.2650606014829595
1375	249.49725852241468	3.2655605612203926
1376	249.49602322644157	3.266060575714292
1377	249.494791502792	3.2665606397264177
1378	249.49356334214934	3.2670607480185336
1379	249.49233873519677	3.2675608953524007
1380	249.49111767261763	3.2680610764897793
1381	249.48990014509508	3.2685612861924342
1382	249.48868614331246	3.2690615192221246
1383	249.48747565795296	3.269561770340615
1384	249.48626867969995	3.2700620343096647
1385	249.48506519923652	3.270562305891037
1386	249.4838652072461	3.271062579846493
1387	249.48266869441184	3.2715628509377965
1388	249.48147565141707	3.272063113926706
1389	249.48028606894496	3.272563363574987
1390	249.47909993767882	3.2730635946444
1391	249.47791724830196	3.273563801896705
1392	249.47673799149754	3.2740639800936666
1393	249.47556215794893	3.2745641239970444
1394	249.47438973833926	3.2750642283686027
1395	249.47322072335194	3.2755642879701004
1396	249.47205510367007	3.2760642975633036
1397	249.47089286997704	3.2765642519099694
1398	249.469734012956	3.2770641457718632
1399	249.46857852329032	3.277563973910745
1400	249.46742639166317	3.278063731088377
1401	249.46627760875788	3.2785634120665224
1402	249.46513216525761	3.2790630116069406
1403	249.46399005184574	3.2795625244713964
1404	249.46285125920542	3.280061945421648
1405	249.46171577802002	3.280561269219462
1406	249.46058359897268	3.2810604906265963
1407	249.45945471274678	3.2815596044048148
1408	249.45832911002543	3.2820586053158776
1409	249.45720678149206	3.2825574881215482
1410	249.45608771782977	3.2830562475835885
1411	249.45497190972196	3.283554878463759
1412	249.4538593478518	3.2840533755238246
1413	249.4527500229026	3.284551733525543
1414	249.4516439255575	3.285049947230679
1415	249.45054104649995	3.2855480114009925
1416	249.44944137641303	3.2860459207982484
1417	249.44834490598015	3.286543670184205
1418	249.44725162588443	3.2870412543206267
1419	249.44616152680928	3.2875386679692746
1420	249.4450745994378	3.288035905891909
1421	249.4439908344534	3.2885329628502964
1422	249.44291022253918	3.2890298336061923
1423	249.44183275437854	3.289526512921363
1424	249.44075842065465	3.2900229955575684
1425	249.43968721205084	3.290519276276573
1426	249.4386191192503	3.2910153498401353
1427	249.43755413293627	3.291511211010019
1428	249.43649224379217	3.292006854547986
1429	249.43543344250105	3.2925022752157975
1430	249.43437771974635	3.2929974677752165
1431	249.43332506621118	3.293492426988003
1432	249.43227547257894	3.2939871476159217
1433	249.43122892953275	3.2944816244207304
1434	249.430185427756	3.294975852164195
1435	249.42914495793178	3.295469825608074
1436	249.42810751074356	3.2959635395141342
1437	249.42707307687442	3.296456988644131
1438	249.42604164700774	3.2969501677598316
1439	249.42501321182667	3.297443071622995
1440	249.4239877620146	3.297935694995383
1441	249.42296528825466	3.298428032638761
1442	249.42194578123022	3.298920079314886
1443	249.42092923162443	3.2994118297855226
1444	249.41991563012067	3.2999032788124314
1445	249.41890496740206	3.3003944211573772
1446	249.417897234152	3.300885251582118
1447	249.41689242105363	3.3013757648484185
1448	249.41589051879032	3.3018659557180383
1449	249.4148915180452	3.3023558189527407
1450	249.41389540950166	3.302845349314289
1451	249.41290218384285	3.303334541564441
1452	249.41191183175215	3.303823390464963
1453	249.41092434391268	3.3043118907776137
1454	249.4099397110078	3.304800037264157
1455	249.40895792372072	3.3052878246863533
1456	249.40797897273475	3.305775247805965
1457	249.40700284873307	3.306262301384754
1458	249.406029542399	3.306748980184483
1459	249.40505904441576	3.307235278966913
1460	249.4040913454667	3.307721192493805
1461	249.40312643623494	3.3082067155269237
1462	249.40216430740386	3.3086918428280274
1463	249.40120494965663	3.309176569158881
1464	249.40024835367655	3.309660889281244
1465	249.39929451014692	3.3101447979568803
1466	249.39834340975088	3.31062828994755
1467	249.39739504317185	3.3111113600150164
1468	249.39644940109295	3.3115940029210416
1469	249.39550647419753	3.3120762134273845
1470	249.3945662531688	3.312557986295812
1471	249.39362872869003	3.313039316288081
1472	249.39269389144448	3.313520198165956
1473	249.39176173211544	3.3140006266911977
1474	249.39083224138608	3.31448059662557
1475	249.3899054099398	3.3149601027308337
1476	249.38898122845967	3.315439139768749
1477	249.38805968762915	3.3159177025010793
1478	249.38714077813137	3.316395785689588
1479	249.38622449064965	3.3168733840960343
1480	249.38531081586717	3.3173504924821806
1481	249.38439974446732	3.3178271056097906
1482	249.3834912671332	3.3183032182406236
1483	249.38258537454823	3.3187788251364427
1484	249.38168205739552	3.31925392105901
1485	249.38078130635847	3.319728500770089
1486	249.3798831121202	3.320202559031438
1487	249.3789874653641	3.320676090604821
1488	249.37809435677332	3.321149090252
1489	249.3772037770312	3.321621552734735
1490	249.37631571682095	3.3220934728147915
1491	249.37543016682588	3.322564845253927
1492	249.37454711772915	3.323035664813906
1493	249.37366656021413	3.32350592625649
1494	249.37278848496402	3.3239756243434413
1495	249.37191288266212	3.3244447538365214
1496	249.3710397439916	3.3249133094974925
1497	249.37016905963583	3.3253812860881142
1498	249.369300820278	3.325848678370151
1499	249.3684350166014	3.3263154811053646
1500	249.36757163928925	3.3267816890555153
1501	249.36671067902483	3.3272472969823674
1502	249.36585212649146	3.32771229964768
1503	249.3649959723723	3.3281766918132165
1504	249.36414220735068	3.328640468240739
1505	249.3632908221098	3.329103623692009
1506	249.362441807333	3.3295661529287868
1507	249.36159515370343	3.3300280507128375
1508	249.3607508519045	3.3304893118059202
1509	249.3599088926193	3.3309499309697976
1510	249.3590692665312	3.331409902966234
1511	249.3582319643234	3.3318692225569864
1512	249.35739697667927	3.3323278845038207
1513	249.3565642942819	3.332785883568496
1514	249.35573390781468	3.3332432145127786
1515	249.3549058079608	3.3336998720984248
1516	249.35407998540356	3.3341558510871994
1517	249.35325643082618	3.3346111462408636
1518	249.35243513491199	3.3350657523211806
1519	249.35161608834414	3.3355196640899125
1520	249.350799281806	3.3359728763088166
1521	249.34998470598072	3.3364253837396607
1522	249.3491723515517	3.336877181144203
1523	249.34836220920204	3.337328263284207
1524	249.34755426961516	3.337778624921434
1525	249.34674852347416	3.3382282608176466
1526	249.3459449614624	3.338677165734604
1527	249.34514357426312	3.3391253344340717
1528	249.3443443525596	3.3395727616778097
1529	249.343547287035	3.3400194422275797
1530	249.34275236837274	3.340465370845145
1531	249.3419595872559	3.3409105422922654
1532	249.34116893436791	3.3413549513307044
1533	249.3403804003919	3.3417985927222227
1534	249.33959397601123	3.3422414612285847
1535	249.33880965190903	3.3426835516115476
1536	249.33802741876872	3.343124858632878
1537	249.3372472672734	3.3435653770543348
1538	249.3364691881064	3.3440051016376815
1539	249.33569317195105	3.3444440271446805
1540	249.3349192094905	3.3448821483370894
1541	249.3341472914081	3.345319459976677
1542	249.333377408387	3.3457559568251987
1543	249.33260955111058	3.3461916336444206
1544	249.33184371026198	3.346626485196103
1545	249.33107987652457	3.3470605062420073
1546	249.33031804058152	3.347493691543895
1547	249.32955819311618	3.347926035863531
1548	249.32880032481168	3.348357533962674
1549	249.32804442635143	3.348788180603086
1550	249.32729048841856	3.3492179705465324
1551	249.32653850169643	3.3496468985547696
1552	249.3257884568682	3.350074959389564
1553	249.32504034461724	3.3505021478126746
1554	249.3242941556267	3.3509284585858667
1555	249.32354988057995	3.351353886470898
1556	249.32280751016012	3.3517784262295334
1557	249.3220670350506	3.352202072623534
1558	249.3213284459345	3.3526248204146603
1559	249.32059173349526	3.3530466643646775
1560	249.31985688841598	3.3534675992353415
1561	249.31912390138004	3.3538876197884218
1562	249.3183927630706	3.354306720785674
1563	249.317663464171	3.3547248969888637
1564	249.31693599536442	3.3551421431597515
1565	249.31621034733422	3.3555584540600987
1566	249.31548651076355	3.3559738244516666
1567	249.31476447633577	3.35638824909622
1568	249.314044234734	3.3568017227555185
1569	249.3133257766417	3.3572142401913236
1570	249.31260909274192	3.3576257961654004
1571	249.3118941737181	3.3580363854395063
1572	249.31118101025334	3.358446002775406
1573	249.31046959303106	3.358854642934861
1574	249.30975991273434	3.3592623006796325
1575	249.30905196004656	3.359668970771482
1576	249.30834572565098	3.360074647972173
1577	249.3076412002308	3.360479327043466
1578	249.30693837446935	3.360883002747123
1579	249.3062372390498	3.361285669844908
1580	249.30553778465554	3.3616873230985793
1581	249.30484000196967	3.3620879572699014
1582	249.30414388167557	3.362487567120634
1583	249.30344941445642	3.362886147412542
1584	249.30275659099556	3.3632836929073853
1585	249.30206540197617	3.3636801983669256
1586	249.30137583808158	3.364075658552925
1587	249.30068788999495	3.3644700682271464
1588	249.30000154839968	3.364863422151352
1589	249.29931680397888	3.365255715087299
1590	249.29863364741593	3.3656469417967565
1591	249.297952069394	3.36603709704148
1592	249.2972720605964	3.3664261755832365
1593	249.29659361170638	3.3668141721837843
1594	249.29591671340722	3.3672010816048865
1595	249.29524135638212	3.3675868986083044
1596	249.29456753131444	3.3679716179558015
1597	249.2938952288873	3.368355234409138
1598	249.29322443978407	3.368737742730076
1599	249.29255515468796	3.3691191376803795
1600	249.29188736428227	3.369499414021806
1601	249.29122105925018	3.369878566516122
1602	249.29055623027506	3.3702565899250856
1603	249.28989286804003	3.370633479010462
1604	249.2892309632285	3.371009228534011
1605	249.2885705065236	3.371383833257495
1606	249.28791148860873	3.3717572879426756
1607	249.28725390016697	3.3721295873513153
1608	249.28659773188176	3.3725007262451765
1609	249.28594297443618	3.3728706993860182
1610	249.28528961851367	3.3732395015356063
1611	249.28463765479734	3.3736071274556982
1612	249.2839870739705	3.373973571908061
1613	249.2833378667165	3.3743388296544525
1614	249.28269002371846	3.3747028954566356
1615	249.28204353565974	3.375065764076372
1616	249.2813983932235	3.3754274302754257
1617	249.28075458709313	3.375787888815556
1618	249.28011210795174	3.376147134458525
1619	249.27947094648275	3.3765051619660973
1620	249.27883109336923	3.37686196610003
1621	249.27819253929465	3.3772175416220893
1622	249.27755527494207	3.377571883294035
1623	249.27691929099493	3.3779249858776303
1624	249.2762845781363	3.378276844134635
1625	249.27565112704966	3.378627452826813
1626	249.27501892841804	3.378976806715925
1627	249.2743879729249	3.3793249005637334
1628	249.27375825125333	3.379671729132001
1629	249.27312975408674	3.3800172871824863
1630	249.27250247210824	3.3803615694769564
1631	249.27187639600123	3.3807045707771675
1632	249.27125151644884	3.381046285844886
1633	249.27062782413446	3.3813867094418715
1634	249.2700053097412	3.3817258363298865
1635	249.2693839639525	3.382063661270692
1636	249.26876377745145	3.3824001790260514
1637	249.26814474092143	3.3827353843577264
1638	249.26752684504558	3.3830692720274764
1639	249.2669100805073	3.383401836797068
1640	249.26629443798973	3.383733073428257
1641	249.26567990817622	3.3840629766828103
1642	249.26506648174993	3.384391541322488
1643	249.26445414939423	3.3847187621090526
1644	249.26384290179226	3.3850446338042635
1645	249.26323272962742	3.3853691511698862
1646	249.2626236235828	3.3856923089676796
1647	249.26201557434186	3.3860141019594066
1648	249.26140857258767	3.3863345249068315
1649	249.26080260900355	3.386653572571711
1650	249.26019767427286	3.3869712397158125
1651	249.2595937590787	3.387287521100893
1652	249.25899085410447	3.387602411488718
1653	249.25838895003332	3.387915905641048
1654	249.2577880375486	3.3882279983196444
1655	249.2571881073335	3.388538684286269
1656	249.2565891500713	3.388847958302686
1657	249.25599115644525	3.389155815130655
1658	249.25539411713868	3.3894622495319364
1659	249.25479802283473	3.3897672562682972
1660	249.25420286421675	3.390070830101494
1661	249.25360863196795	3.3903729657932917
1662	249.25301531677164	3.3906736581054515
1663	249.252422909311	3.3909729017997345
1664	249.2518314002694	3.391270691637903
1665	249.25124078032997	3.391567022381719
1666	249.25065104017608	3.391861888792945
1667	249.2500621704909	3.392155285633342
1668	249.2494741619578	3.3924472076646737
1669	249.24888700525992	3.392737649648697
1670	249.2483006910806	3.3930266063471803
1671	249.24771521010302	3.393314072521881
1672	249.24713055301055	3.3936000429345627
1673	249.24654671048634	3.393884512346987
1674	249.24596367321377	3.3941674755209164
1675	249.24538143187596	3.394448927218111
1676	249.24479997715628	3.394728862200334
1677	249.24421929973786	3.3950072752293483
1678	249.24363939030414	3.3952841610669116
1679	249.24306023953824	3.3955595144747917
1680	249.2424818381235	3.395833330214746
1681	249.24190417674308	3.3961056030485386
1682	249.24132724608037	3.39637632773793
1683	249.2407510368185	3.3966454990446833
1684	249.24017553964083	3.3969131117305587
1685	249.23960074523055	3.39717916055732
1686	249.23902664427098	3.3974436402867276
1687	249.23845322744532	3.3977065456805446
1688	249.23788048543682	3.397967871500533
1689	249.23730840892887	3.3982276125084514
1690	249.23673698860455	3.3984857634660672
1691	249.23616621514725	3.3987423191351374
1692	249.23559607924014	3.3989972742774266
1693	249.23502657156658	3.399250623654696
1694	249.23445768280973	3.3995023620287075
1695	249.23388940365294	3.3997524841612212
1696	249.23332172477933	3.4000009848140023
1697	249.23275463687236	3.400247858748812
1698	249.23218813061507	3.4004931007274077
1699	249.2316221966909	3.400736705511558
1700	249.23105682578299	3.4009786678630185
1701	249.23049200857469	3.4012189825435564
1702	249.22992773574916	3.401457644314931
1703	249.22936399798976	3.401694647938904
1704	249.22880078597967	3.401929988177237
1705	249.22823809040221	3.402163659791693
1706	249.2276759019406	3.4023956575440355
1707	249.22711421127812	3.40262597619602
1708	249.22655300909798	3.402854610509417
1709	249.22599228608354	3.403081555245981
1710	249.22543203291792	3.403306805167479
1711	249.22487224028453	3.40353035503567
1712	249.2243128988665	3.4037521996123163
1713	249.2237539993472	3.4039723336591807
1714	249.22319553240976	3.4041907519380246
1715	249.22263748873758	3.404407449210609
1716	249.2220798590138	3.404622420238698
1717	249.22152263392178	3.4048356597840517
1718	249.22096580414467	3.4050471626084304
1719	249.22040936036586	3.405256923473601
1720	249.21985329326847	3.40546493714132
1721	249.2192975935359	3.405671198373353
1722	249.21874225185127	3.40587570193146
1723	249.21818725889796	3.406078442577403
1724	249.21763260535914	3.4062794150729445
1725	249.21707828191808	3.4064786141798464
1726	249.21652427925812	3.4066760346598706
1727	249.21597058806242	3.4068716712747764
1728	249.21541719901433	3.407065518786331
1729	249.214864102797	3.4072575719562908
1730	249.2143112900938	3.407447825546422
1731	249.2137587515879	3.407636274318483
1732	249.21320647796264	3.407822913034238
1733	249.2126544599012	3.4080077364554464
1734	249.21210268808693	3.4081907393438735
1735	249.21155115320298	3.4083719164612787
1736	249.2109998459327	3.408551262569425
1737	249.21044875695927	3.4087287724300754
1738	249.20989787696604	3.408904440804987
1739	249.20934719663617	3.409078262455928
1740	249.20879670665303	3.4092502321446547
1741	249.20824639769978	3.4094203446329336
1742	249.20769626045976	3.409588594682524
1743	249.20714628561615	3.409754977055188
1744	249.2065964638523	3.4099194865126865
1745	249.20604678585133	3.410082117816784
1746	249.20549724229667	3.4102428657292423
1747	249.20494782387144	3.4104017250118184
1748	249.20439852125898	3.4105586904262815
1749	249.2038493251425	3.4107137567343866
1750	249.20330022620533	3.4108669186979004
1751	249.20275121513063	3.4110181710785827
1752	249.20220228260175	3.4111675086381963
1753	249.20165341930186	3.411314926138501
1754	249.20110461591435	3.411460418341261
1755	249.2005558631223	3.4116039800082367
1756	249.20000715160916	3.411745605901192
1757	249.19945847205804	3.411885290781888
1758	249.1989098151523	3.4120230294120826
1759	249.1983611715751	3.4121588165535446
1760	249.1978125320098	3.412292646968032
1761	249.19726388713957	3.412424515417305
1762	249.1967152276477	3.4125544166631285
1763	249.19616654421753	3.4126823454672635
1764	249.1956178275322	3.4128082965914706
1765	249.19506906827507	3.412932264797514
1766	249.19452025712928	3.4130542448471557
1767	249.19397138477822	3.4131742315021527
1768	249.19342244190506	3.4132922195242745
1769	249.19287341919312	3.4134082036752758
1770	249.19232430732555	3.4135221787169234
1771	249.19177509698577	3.413634139410977
1772	249.19122577885688	3.4137440805191988
1773	249.19067634362227	3.4138519968033494
1774	249.1901267819651	3.413957883025193
1775	249.18957708456873	3.4140617339464923
1776	249.18902724211628	3.4141635443290035
1777	249.18847724529115	3.4142633089344963
1778	249.1879270847765	3.4143610225247243
1779	249.18737675125567	3.414456679861458
1780	249.18682623541184	3.414550275706453
1781	249.18627552792833	3.414641804821472
1782	249.18572461948835	3.4147312619682797
1783	249.18517350077522	3.414818641908637
1784	249.18462216247212	3.414903939404302
1785	249.1840705952624	3.4149871492170423
1786	249.18351878982924	3.4150682661086176
1787	249.18296673685595	3.415147284840786
1788	249.18241442702575	3.4152242001753166
1789	249.18186185102195	3.4152990068739637
1790	249.18130899952772	3.415371699698495
1791	249.18075586322644	3.4154422734106697
1792	249.18020243280125	3.4155107227722503
1793	249.17964869893552	3.415577042544998
1794	249.17909465231241	3.415641227490676
1795	249.1785402836153	3.4157032723710468
1796	249.1779855835273	3.4157631719478667
1797	249.17743054273177	3.4158209209829056
1798	249.1768751519119	3.415876514237918
1799	249.176319401751	3.415929946474673
1800	249.17576328293237	3.4159812124549274
1801	249.17520678613917	3.416030306940443
1802	249.17464990205474	3.4160772246929842
1803	249.1740926213623	3.416121960474312
1804	249.17353493474513	3.4161645090461876
1805	249.17297683288643	3.416204865170374
1806	249.17241830646955	3.4162430236086334
1807	249.17185934617768	3.4162789791227235
1808	249.17129994269413	3.416312726474413
1809	249.1707400867021	3.4163442604254572
1810	249.1701797688849	3.416373575737623
1811	249.16961897992576	3.416400667172669
1812	249.16905771050796	3.416425529492359
1813	249.16849595131472	3.4164481574584533
1814	249.16793369302937	3.416468545832715
1815	249.16737092633508	3.4164866893769075
1816	249.16680764191523	3.416502582852787
1817	249.1662438304529	3.4165162210221225
1818	249.16567948263156	3.41652759864667
1819	249.1651145891343	3.416536710488196
1820	249.16454914064448	3.41654355130846
1821	249.16398312784528	3.4165481158692224
1822	249.16341654142005	3.416550398932248
1823	249.16284937205194	3.416550395259298
1824	249.16228161042432	3.4165480996121333
1825	249.16171324722035	3.416543506752516
1826	249.1611442731234	3.4165366114422095
1827	249.1605746788166	3.416527408442972
1828	249.16000445498335	3.4165158925165713
1829	249.15943359230675	3.416502058424763
1830	249.15886208147023	3.4164859009293114
1831	249.1582899131569	3.4164674147919802
1832	249.15771707805013	3.4164465947745297
1833	249.15714356683307	3.4164234356387206
1834	249.15656937018912	3.4163979321463174
1835	249.15599447880138	3.4163700790590816
1836	249.15541888335318	3.4163398711387707
1837	249.15484257452786	3.4163073031471534
1838	249.15426554300856	3.416272369845986
1839	249.15368777947864	3.416235065997034
1840	249.15310927462124	3.416195386362057
1841	249.15253001911975	3.416153325702818
1842	249.1519500036573	3.4161088787810776
1843	249.15136921891727	3.4160620403585993
1844	249.1507876555828	3.4160128051971457
1845	249.15020530433728	3.4159611680584745
1846	249.14962215586382	3.4159071237043532
1847	249.14903820084584	3.415850666896537
1848	249.14845342996645	3.4157917923967958
1849	249.14786783390906	3.4157304949668856
1850	249.14728140335677	3.415666769368569
1851	249.14669412899298	3.41560061036361
1852	249.1461060015008	3.415532012713769
1853	249.14551701156367	3.4154609711808077
1854	249.14492714986466	3.415387480526489
1855	249.1443364070872	3.4153115355125756
1856	249.14374477391442	3.415233130900825
1857	249.14315224102967	3.415152261453005
1858	249.14255879911613	3.415068921930872
1859	249.14196443885714	3.414983107096192
1860	249.14136915093587	3.4148948117107256
1861	249.1407729260357	3.414804030536234
1862	249.14017575483973	3.4147107583344782
1863	249.1395776280314	3.4146149898672227
1864	249.1389785362938	3.4145167198962287
1865	249.1383784703103	3.414415943183255
1866	249.13777742076408	3.4143126544900686
1867	249.1371753783385	3.4142068485784254
1868	249.1365723337167	3.4140985202100946
1869	249.1359682775821	3.413987664146832
1870	249.13536320061775	3.4138742751504
1871	249.1347570935071	3.4137583479825633
1872	249.13414994693326	3.4136398774050827
1873	249.13354175157954	3.413518858179719
1874	249.1329324981293	3.4133952850682356
1875	249.13232217726565	3.4132691528323953
1876	249.13171077967198	3.413140456233954
1877	249.1310982960314	3.413009190034683
1878	249.13048471702734	3.4128753489963346
1879	249.1298700333429	3.412738927880678
1880	249.12925423566148	3.4125999214494707
1881	249.1286373146662	3.4124583244644775
1882	249.12801926104046	3.4123141316874572
1883	249.12740006546738	3.4121673378801747
1884	249.12677971863036	3.412017937804391
1885	249.12615821121253	3.4118659262218642
1886	249.12553553389725	3.411711297894364
1887	249.12491167736766	3.4115540475836434
1888	249.1242866323072	3.411394170051472
1889	249.1236603893989	3.4112316600596073
1890	249.12303293932627	3.4110665123698114
1891	249.12240427277234	3.4108987217438482
1892	249.12177438042053	3.410728282943478
1893	249.121143252954	3.4105551907304634
1894	249.12051088105608	3.4103794398665634
1895	249.11987725540996	3.4102010251135466
1896	249.119242366699	3.4100199412331658
1897	249.11860620560634	3.409836182987192
1898	249.11796876281534	3.409649745137381
1899	249.11733002900917	3.409460622445496
1900	249.11668999487117	3.4092688096732995
1901	249.11604865108453	3.409074301582554
1902	249.11540598833258	3.40887709293502
1903	249.1147619972985	3.40867717849246
1904	249.11411666866564	3.408474553016637
1905	249.11346999311715	3.4082692112693085
1906	249.1128219613364	3.4080611480122434
1907	249.11217256400656	3.4078503580071966
1908	249.11152179181096	3.407636836015936
1909	249.1108696354328	3.40742057680022
1910	249.11021608555535	3.4072015751218094
1911	249.10956113286193	3.4069798257424693
1912	249.1089047680357	3.406755323423959
1913	249.10824698176003	3.406528062928044
1914	249.1075877647181	3.4062980390164803
1915	249.1069271075932	3.4060652464510355
1916	249.10626500106855	3.4058296799934658
1917	249.10560143582748	3.40559133440554
1918	249.10493640255316	3.4053502044490154
1919	249.10426989192896	3.4051062848856537
1920	249.10360189463802	3.4048595704772184
1921	249.10293240136372	3.404610055985471
1922	249.10226140278917	3.4043577361721717
1923	249.1015888895978	3.4041026057990855
1924	249.1009148524727	3.4038446596279743
1925	249.10023928209728	3.4035838924205937
1926	249.09956216915467	3.4033202989387155
1927	249.09888350432826	3.403053873944092
1928	249.09820327830118	3.4027846121984924
1929	249.0975214817568	3.402512508463674
1930	249.09683810537828	3.4022375575013997
1931	249.09615313984898	3.401959754073433
1932	249.09546657585204	3.401679092941534
1933	249.09477840407084	3.401395568867467
1934	249.09408861518855	3.401109176612989
1935	249.0933971998885	3.400819910939869
1936	249.09270414885387	3.40052776660986
1937	249.09200945276802	3.4002327383847333
1938	249.09131310231407	3.3999348210262443
1939	249.09061508817544	3.3996340092961557
1940	249.08991540103526	3.3993302979562325
1941	249.0892140315769	3.399023681768233
1942	249.08851097048347	3.398714155493921
1943	249.08780620843837	3.3984017138950584
1944	249.08709973612477	3.398086351733408
1945	249.08639154422602	3.3977680637707266
1946	249.08568162342527	3.3974468447687842
1947	249.08496996440584	3.397122689489335
1948	249.084256557851	3.396795592694146
1949	249.08354139444398	3.3964655491449767
1950	249.0828244648681	3.3961325536035893
1951	249.0821057598065	3.3957966008317455
1952	249.0813852699426	3.395457685591208
1953	249.08066298595946	3.3951158026437405
1954	249.07993889854052	3.3947709467510987
1955	249.07921299836892	3.3944231126750526
1956	249.07848527612802	3.394072295177355
1957	249.07775572250097	3.3937184890197774
1958	249.07702432817115	3.3933616889640748
1959	249.07629108382167	3.3930018897720107
1960	249.07555598013596	3.3926390862053477
1961	249.07481900779712	3.392273273025848
1962	249.07408015748854	3.3919044449952738
1963	249.07333941989336	3.3915325968753836
1964	249.07259678569494	3.391157723427945
1965	249.07185224557645	3.3907798194147123
1966	249.07110579022125	3.3903988795974564
1967	249.0703574103125	3.3900148987379333
1968	249.0696070965336	3.389627871597904
1969	249.0688548395676	3.3892377929391344
1970	249.06810063009794	3.388844657523384
1971	249.06734445880778	3.3884484601124143
1972	249.06658631638044	3.388049195467989
1973	249.0658261934991	3.387646858351869
1974	249.06506408084715	3.3872414435258156
1975	249.0642999691077	3.3868329457515918
1976	249.06353384896414	3.3864213597909574
1977	249.06276571109962	3.3860066804056776
1978	249.06199554619747	3.3855889023575125
1979	249.06122334494088	3.385168020408223
1980	249.06044909801324	3.384744029319572
1981	249.05967279609766	3.384316923853321
1982	249.05889442987748	3.3838866987712333
1983	249.05811399003593	3.3834533488350687
1984	249.05733146725626	3.3830168688065902
1985	249.05654685222183	3.3825772534475593
1986	249.05576013561574	3.382134497519738
