479	230.09196370768097	3.9394610982745637
480	230.08323538566074	3.937521047526628
481	230.07452029899054	3.9355867966783746
482	230.0658184369152	3.9336583389613864
483	230.0571297886797	3.9317356676072457
484	230.04845434352896	3.9298187758475365
485	230.03979209070786	3.927907656913841
486	230.0311430194614	3.9260023040377403
487	230.02250711903443	3.9241027104508195
488	230.01388437867186	3.9222088693846606
489	230.00527478761867	3.920320774070845
490	229.99667833511975	3.9184384177409575
491	229.98809501042	3.9165617936265793
492	229.97952480276436	3.9146908949592945
493	229.97096770139774	3.912825714970683
494	229.9624236955651	3.9109662468923307
495	229.9538927745113	3.909112483955819
496	229.94537492748128	3.9072644193927295
497	229.93687014371997	3.905422046434648
498	229.92837841247228	3.9035853583131543
499	229.91989972298316	3.901754348259831
500	229.91143406449748	3.8999290095062635
501	229.9029814262602	3.8981093352840332
502	229.89454179751618	3.8962953188247225
503	229.88611516751047	3.894486953359913
504	229.87770152548782	3.8926842321211894
505	229.86930086069327	3.8908871483401337
506	229.86091316237167	3.889095695248328
507	229.85253841976802	3.8873098660773566
508	229.84417662212718	3.8855296540588005
509	229.83582775869405	3.8837550524242426
510	229.82749181871358	3.8819860544052673
511	229.8191687914307	3.8802226532334565
512	229.81085866609035	3.8784648421403918
513	229.8025614319374	3.8767126143576562
514	229.79427707821677	3.874965963116834
515	229.78600559417342	3.8732248816495067
516	229.77774696905226	3.871489363187256
517	229.76950119209818	3.8697594009616667
518	229.7612682525561	3.8680349882043212
519	229.75304813967097	3.8663161181468
520	229.7448408426877	3.864602784020689
521	229.73664635085123	3.862894979057569
522	229.72846465340643	3.8611926964890237
523	229.72029573959824	3.859495929546634
524	229.7121395986716	3.8578046714619845
525	229.7039962198714	3.8561189154666575
526	229.6958655924426	3.8544386547922347
527	229.68774770563007	3.8527638826703
528	229.67964254867874	3.8510945923324362
529	229.6715501108336	3.8494307770102245
530	229.66347038133947	3.8477724299352496
531	229.65540334944131	3.846119544339093
532	229.64734900438404	3.844472113453338
533	229.6393073354126	3.842830130509567
534	229.6312783317719	3.8411935887393622
535	229.62326198270685	3.8395624813743074
536	229.61525827746235	3.8379368016459843
537	229.60726720528334	3.8363165427859767
538	229.59928875541476	3.834701698025867
539	229.5913229171015	3.833092260597236
540	229.5833696795885	3.83148822373167
541	229.57542903212064	3.829889580660749
542	229.5675009639429	3.8282963246160566
543	229.55958546430014	3.8267084488291747
544	229.55168252243732	3.8251259465316876
545	229.54379212759935	3.8235488109551774
546	229.53591426903114	3.8219770353312263
547	229.52804893597764	3.820410612891417
548	229.52019611768372	3.818849536867333
549	229.51235580339434	3.817293800490556
550	229.5045279823544	3.8157433969926697
551	229.49671264380885	3.814198319605257
552	229.48890977700253	3.812658561559899
553	229.48111937118045	3.8111241160881795
554	229.4733414155875	3.809594976421682
555	229.4655758994686	3.8080711357919883
556	229.45782281206863	3.80655258743068
557	229.45008214263257	3.8050393245693424
558	229.44235388040528	3.8035313404395565
559	229.43463801463173	3.8020286282729048
560	229.42693453455686	3.800531181300971
561	229.4192434294255	3.799038992755338
562	229.41156468848263	3.7975520558675866
563	229.40389830097317	3.796070363869302
564	229.39624425614207	3.7945939099920656
565	229.38860254323416	3.79312268746746
566	229.3809731514944	3.791656689527068
567	229.37335607016774	3.790195909402473
568	229.36575128849907	3.7887403403252575
569	229.35815879573335	3.787289975527003
570	229.35057858111546	3.785844808239294
571	229.3430106338903	3.7844048316937124
572	229.3354549433028	3.7829700391218406
573	229.32791149859796	3.7815404237552617
574	229.32038028902062	3.7801159788255587
575	229.31286130381568	3.778696697564315
576	229.3053545322281	3.7772825732031103
577	229.29785996350284	3.77587359897353
578	229.29037758688474	3.774469768107157
579	229.28290739161878	3.7730710738355717
580	229.27544936694983	3.7716775093903596
581	229.26800350212284	3.770289068003102
582	229.26056978638275	3.768905742905381
583	229.2531482089744	3.767527527328781
584	229.2457387591428	3.766154414504883
585	229.23834142613282	3.7647863976652713
586	229.23095619918942	3.763423470041527
587	229.22358306755746	3.762065624865234
588	229.2162220204819	3.7607128553679754
589	229.20887304720765	3.7593651547813316
590	229.20153613697966	3.7580225163368883
591	229.19421127904278	3.756684933266227
592	229.18689846264198	3.7553523988009285
593	229.17959767702214	3.754024906172579
594	229.17230891142825	3.7527024486127587
595	229.1650321551052	3.751385019353052
596	229.15776739729787	3.7500726116250394
597	229.15051462725123	3.7487652186603055
598	229.14327383421013	3.7474628336904328
599	229.13604500741963	3.7461654499470036
600	229.12882813612447	3.7448730606616007
601	229.1216232095697	3.7435856590658068
602	229.11443021700018	3.7423032383912043
603	229.10724914766087	3.741025791869377
604	229.10007999079664	3.739753312731907
605	229.09292273565242	3.7384857942103764
606	229.08577737147317	3.737223229536368
607	229.07864388750377	3.7359656119414657
608	229.0715222729892	3.734712934657252
609	229.06441251717428	3.7334651909153074
610	229.057314609304	3.732222373947218
611	229.05022853862326	3.730984476984564
612	229.043154294377	3.7297514932589286
613	229.0360918658101	3.728523416001896
614	229.02904124216752	3.7273002384450473
615	229.02200241269415	3.726081953819966
616	229.0149753666349	3.724868555358234
617	229.00796009323477	3.7236600362914354
618	229.00095658173856	3.7224563898511516
619	228.99396482139127	3.721257609268965
620	228.9869848014378	3.72006368777646
621	228.9800165111231	3.7188746186052186
622	228.97305993969204	3.717690394986823
623	228.96611507638954	3.716511010152857
624	228.95918191046056	3.715336457334902
625	228.95226043115	3.7141667297645418
626	228.94535062770277	3.713001820673358
627	228.93845248936378	3.711841723292934
628	228.93156600537796	3.710686430854853
629	228.92469116499026	3.7095359365906964
630	228.91782795744558	3.7083902337320485
631	228.91097637198882	3.7072493155104915
632	228.90413639786493	3.706113175157607
633	228.89730802431882	3.7049818059049793
634	228.8904912405954	3.703855200984191
635	228.88368603593958	3.7027333536268223
636	228.8768923995963	3.70161625706446
637	228.87011032081045	3.7005039045286834
638	228.86333978882703	3.6993962892510774
639	228.85658079289087	3.6982934044632225
640	228.84983332224692	3.6971952433967044
641	228.84309736614009	3.6961017992831033
642	228.83637291381532	3.695013065354002
643	228.82965995451755	3.6939290348409854
644	228.82295847749165	3.6928497009756347
645	228.81626847198254	3.6917750569895316
646	228.80958992723518	3.690705096114261
647	228.8029228324945	3.6896398115814044
648	228.79626717700535	3.688579196622545
649	228.78962295001267	3.6875232444692645
650	228.78299014076143	3.686471948353147
651	228.77636873849653	3.6854253015057745
652	228.76975873246286	3.684383297158729
653	228.76316011190536	3.683345928543595
654	228.75657286606892	3.6823131888919542
655	228.74999698419853	3.681285071435388
656	228.74343245553905	3.6802615694054825
657	228.73687926933542	3.6792426760338177
658	228.73033741483255	3.678228384551977
659	228.72380688127535	3.6772186881915423
660	228.7172876579088	3.676213580184098
661	228.71077973397774	3.675213053761226
662	228.70428309872713	3.6742171021545085
663	228.69779774140187	3.6732257185955293
664	228.6913236512469	3.6722388963158705
665	228.68486081750717	3.6712566285471144
666	228.67840922942753	3.6702789085208445
667	228.67196887625292	3.6693057294686433
668	228.66553974722828	3.6683370846220935
669	228.65912183159855	3.667372967212777
670	228.6527151186086	3.666413370472278
671	228.64631959750335	3.665458287632179
672	228.63993525752775	3.664507711924061
673	228.63356208792675	3.6635616365795087
674	228.6272000779452	3.6626200548301044
675	228.62084921682805	3.661682959907429
676	228.6145094938202	3.660750345043068
677	228.6081808981666	3.659822203468603
678	228.6018634191122	3.658898528415616
679	228.59555704590184	3.6579793131156895
680	228.58926176778047	3.6570645508004085
681	228.58297757399302	3.6561542347013534
682	228.57670445378446	3.655248358050107
683	228.57044239639959	3.654346914078254
684	228.56419139108343	3.6534498960173756
685	228.55795142708084	3.652557297099054
686	228.5517224936368	3.6516691105548738
687	228.54550457999616	3.650785329616416
688	228.53929767540387	3.6499059475152644
689	228.5331017691049	3.6490309574830007
690	228.52691685034407	3.6481603527512085
691	228.5207429083664	3.6472941265514702
692	228.51457993241675	3.646432272115368
693	228.50842791174003	3.645574782674486
694	228.5022868355812	3.644721651460406
695	228.49615669318518	3.6438728717047097
696	228.49003747379683	3.643028436638982
697	228.48392916666114	3.6421883394948047
698	228.477831761023	3.6413525735037604
699	228.47174524612734	3.6405211318974304
700	228.46566961121903	3.6396940079074
701	228.45960484554305	3.6388711947652506
702	228.4535509383443	3.638052685702564
703	228.4475078788677	3.6372384739509256
704	228.4414756563582	3.636428552741916
705	228.43545426006065	3.6356229153071173
706	228.42944367922001	3.634821554878114
707	228.4234439030812	3.634024464686489
708	228.41745492088916	3.6332316379638225
709	228.41147672188876	3.6324430679417
710	228.40550929532495	3.631658747851703
711	228.39955263044266	3.6308786709254153
712	228.39360671648677	3.6301028303944167
713	228.38767154270226	3.6293312194902927
714	228.381747098334	3.628563831444626
715	228.37583337262691	3.627800659488997
716	228.36993035482593	3.627041696854991
717	228.36403803417602	3.6262869367741892
718	228.358156399922	3.6255363724781744
719	228.35228544130885	3.6247899971985307
720	228.34642514758147	3.6240478041668394
721	228.34057550798485	3.623309786614684
722	228.3347365117638	3.6225759377736453
723	228.3289081481633	3.621846250875309
724	228.32309040642826	3.6211207191512567
725	228.3172832758036	3.6203993358330697
726	228.31148674553427	3.619682094152332
727	228.30570080486513	3.6189689873406268
728	228.29992544304113	3.6182600086295356
729	228.2941606493072	3.6175551512506425
730	228.28840641290827	3.616854408435529
731	228.2826627230892	3.6161577734157784
732	228.27692956909496	3.615465239422972
733	228.27120694017046	3.6147767996886953
734	228.26549482556064	3.6140924474445293
735	228.25979321451035	3.613412175922056
736	228.2541020962646	3.61273597835286
737	228.24842146006824	3.6120638479685225
738	228.24275129516622	3.611395778000627
739	228.2370915908035	3.6107317616807557
740	228.2314423362249	3.6100717922404923
741	228.22580352067538	3.6094158629114186
742	228.22017513339992	3.608763966925117
743	228.21455716364338	3.6081160975131716
744	228.2089496006507	3.607472247907164
745	228.20335243366677	3.6068324113386767
746	228.19776565193655	3.6061965810392937
747	228.19218924470496	3.6055647502405974
748	228.1866232012169	3.604936912174168
749	228.18106751071724	3.604313060071592
750	228.175522162451	3.603693187164451
751	228.16998714566304	3.603077286684326
752	228.16446244959832	3.6024653518628007
753	228.15894806350167	3.6018573759314587
754	228.15344397661812	3.6012533521218826
755	228.1479501781925	3.6006532736656527
756	228.1424666574698	3.600057133794355
757	228.1369934036949	3.5994649257395706
758	228.13153040611272	3.5988766427328813
759	228.1260776539682	3.5982922780058724
760	228.12063513650625	3.597711824790125
761	228.1152028429718	3.5971352763172217
762	228.10978076260972	3.5965626258187444
763	228.10436888466498	3.5959938665262783
764	228.0989671983825	3.595428991671404
765	228.09357569300718	3.594867994485705
766	228.08819435778395	3.594310868200764
767	228.0828231819577	3.593757606048164
768	228.0774621547734	3.5932082012594866
769	228.07211126547597	3.5926626470663168
770	228.06677050331027	3.592120936700235
771	228.06143985752124	3.5915830633928247
772	228.05611931735382	3.591049020375668
773	228.05080887205293	3.5905188008803495
774	228.0455085108635	3.5899923981384507
775	228.04021822303042	3.5894698053815532
776	228.0349379977986	3.588951015841242
777	228.02966782441302	3.588436022749099
778	228.02440769211856	3.5879248193367053
779	228.01915759016012	3.5874173988356453
780	228.01391750778265	3.586913754477502
781	228.00868743423104	3.5864138794938567
782	228.00346735875027	3.5859177671162934
783	227.99825727058519	3.5854254105763945
784	227.99305715898075	3.5849368031057423
785	227.98786701318187	3.584451937935919
786	227.98268682243346	3.5839708082985093
787	227.97751657598047	3.583493407425095
788	227.97235626306778	3.583019728547257
789	227.96720587294033	3.58254976489658
790	227.96206539484302	3.5820835097046473
791	227.95693481802084	3.581620956203039
792	227.9518141317186	3.5811620976233405
793	227.94670332518132	3.580706927197133
794	227.94160238765383	3.5802554381560006
795	227.93651130838114	3.5798076237315235
796	227.9314300766081	3.579363477155287
797	227.92635868157964	3.5789229916588727
798	227.9212971125407	3.5784861604738625
799	227.91624535873623	3.578052976831841
800	227.9112034094111	3.5776234339643906
801	227.90617125381021	3.5771975251030916
802	227.90114888117853	3.57677524347953
803	227.89613628076097	3.5763565823252867
804	227.89113344180245	3.575941534871945
805	227.88614035354786	3.5755300943510866
806	227.88115700524216	3.5751222539942953
807	227.87618338613024	3.574718007033154
808	227.871219485457	3.574317346699244
809	227.86626529246746	3.5739202662241496
810	227.8613207964064	3.5735267588394533
811	227.85638598651883	3.573136817776736
812	227.85146085204966	3.572750436267583
813	227.84654538224382	3.5723676075435757
814	227.84163956634617	3.571988324836297
815	227.8367433936017	3.5716125813773285
816	227.83185685325526	3.571240370398255
817	227.82697993455184	3.570871685130659
818	227.8221126267363	3.5705065188061207
819	227.8172549190536	3.5701448646562257
820	227.81240680074862	3.5697867159125556
821	227.80756826106634	3.569432065806692
822	227.80273928925163	3.56908090757022
823	227.79791987454945	3.568733234434721
824	227.79311000620464	3.5683890396317772
825	227.7883096734622	3.568048316392971
826	227.78351886556706	3.567711057949888
827	227.77873757176405	3.5673772575341083
828	227.7739657812982	3.5670469083772143
829	227.76920348341432	3.5667200037107905
830	227.7644506673574	3.566396536766419
831	227.75970732237235	3.5660765007756807
832	227.75497343770405	3.565759888970162
833	227.75024900259749	3.5654466945814427
834	227.7455340062975	3.5651369108411064
835	227.7408284380491	3.5648305309807355
836	227.73613228709715	3.5645275482319136
837	227.73144554268657	3.564227955826223
838	227.7267681940623	3.5639317469952445
839	227.72210023046924	3.5636389149705643
840	227.71744164115233	3.563349452983763
841	227.71279241535646	3.5630633542664234
842	227.70815254232656	3.562780612050129
843	227.7035220113076	3.5625012195664625
844	227.6989008115444	3.5622251700470056
845	227.69428893228198	3.561952456723341
846	227.6896863627652	3.5616830728270528
847	227.685093092239	3.561417011589723
848	227.6805091099483	3.5611542662429336
849	227.67593440513798	3.5608948300182686
850	227.67136896705304	3.56063869614731
851	227.66681278493832	3.5603858578616396
852	227.6622658480388	3.5601363083928423
853	227.65772814559938	3.5598900409725
854	227.65319966686494	3.559647048832194
855	227.64868040108044	3.5594073252035088
856	227.6441703374908	3.5591708633180263
857	227.63966946534094	3.5589376564073296
858	227.63517777387577	3.5587076977030008
859	227.6306952523402	3.5584809804366233
860	227.62622188997915	3.5582574978397794
861	227.6217576760376	3.5580372431440517
862	227.6173025997604	3.557820209581023
863	227.61285665039244	3.557606390382277
864	227.60841981717874	3.5573957787793944
865	227.60399208936417	3.5571883680039598
866	227.59957345619364	3.5569841512875557
867	227.59516390691206	3.5567831218617645
868	227.59076343076438	3.5565852729581673
869	227.58637201699548	3.5563905978083494
870	227.58198965485036	3.5561990896438926
871	227.57761633357387	3.5560107416963787
872	227.57325204241093	3.5558255471973914
873	227.56889677060647	3.5556434993785135
874	227.56455050740547	3.5554645914713268
875	227.56021324205275	3.555288816707415
876	227.55588496379326	3.5551161683183614
877	227.55156566187196	3.5549466395357467
878	227.54725532553377	3.554780223591154
879	227.54295394402354	3.5546169137161683
880	227.53866150658624	3.55445670314237
881	227.53437800246678	3.554299585101342
882	227.5301034209101	3.5541455528246684
883	227.5258377511611	3.5539945995439304
884	227.5215809824647	3.553846718490712
885	227.5173331040658	3.553701902896595
886	227.51309410520938	3.553560145993163
887	227.50886397514032	3.553421441011998
888	227.5046427031035	3.553285781184682
889	227.5004302783439	3.5531531597427994
890	227.49622669010643	3.553023569917933
891	227.49203192763602	3.5528970049416624
892	227.48784598017753	3.552773458045574
893	227.4836688369759	3.5526529224612493
894	227.4795004872761	3.55253539142027
895	227.47534092032302	3.5524208581542203
896	227.4711901253616	3.552309315894682
897	227.4670480916367	3.552200757873239
898	227.4629148083933	3.5520951773214717
899	227.45879026487626	3.5519925674709647
900	227.45467445033057	3.5518929215533004
901	227.45056735400112	3.551796232800061
902	227.4464689651328	3.55170249444283
903	227.44237927297056	3.55161169971319
904	227.43829826675932	3.551523841842722
905	227.434225935744	3.551438914063011
906	227.4301622691695	3.5513569096056403
907	227.42610725628077	3.55127782170219
908	227.4220608863227	3.551201643584243
909	227.41802314854024	3.551128368483384
910	227.4139940321783	3.5510579896311953
911	227.40997352648174	3.5509905002592577
912	227.40596162069556	3.550925893599157
913	227.4019583040647	3.550864162882473
914	227.39796356583398	3.550805301340789
915	227.39397739524836	3.55074930220569
916	227.38999978155277	3.5506961587087567
917	227.38603071399214	3.550645864081572
918	227.38207018181143	3.550598411555718
919	227.37811817425546	3.550553794362779
920	227.37417468056918	3.5505120057343373
921	227.37023968999756	3.550473038901974
922	227.3663131917855	3.5504368870972742
923	227.36239517517788	3.5504035435518198
924	227.35848562941965	3.550373001497192
925	227.35458454375572	3.550345254164976
926	227.35069190743104	3.5503202947867525
927	227.3468077096905	3.550298116594105
928	227.34293193977902	3.5502787128186166
929	227.3390645869415	3.5502620766918698
930	227.3352056404229	3.550248201445447
931	227.3313550894682	3.5502370803109304
932	227.32751292332216	3.5502287065199036
933	227.3236791312298	3.5502230733039504
934	227.319853702436	3.550220173894651
935	227.31603662618576	3.5502200015235896
936	227.31222789172392	3.550222549422349
937	227.3084274882954	3.550227810822511
938	227.30463540514515	3.55023577895566
939	227.30085163151813	3.550246447053377
940	227.29707615665916	3.550259808347245
941	227.2933089698132	3.550275856068847
942	227.2895500602252	3.550294583449767
943	227.28579941714005	3.550315983721586
944	227.28205702980273	3.5503400501158864
945	227.27832288745805	3.5503667758642523
946	227.274596979351	3.5503961541982667
947	227.2708792947265	3.550428178349511
948	227.2671698228295	3.550462841549568
949	227.2634685529048	3.5505001370300215
950	227.25977547419745	3.5505400580224533
951	227.2560905759523	3.5505825977584458
952	227.25241384741426	3.5506277494695833
953	227.24874527782833	3.550675506387447
954	227.24508485643935	3.5507258617436195
955	227.24143257249227	3.5507788087696857
956	227.237788415232	3.5508343406972265
957	227.23415237390347	3.5508924507578237
958	227.2305244377516	3.550953132183062
959	227.22690459602128	3.5510163782045243
960	227.22329283795747	3.5510821820537912
961	227.21968915280507	3.5511505369624468
962	227.21609352980903	3.551221436162074
963	227.2125059582142	3.5512948728842546
964	227.20892642726557	3.5513708403605717
965	227.205354926208	3.5514493318226092
966	227.2017914442865	3.551530340501948
967	227.19823597074588	3.5516138596301716
968	227.19468849483113	3.5516998824388635
969	227.19114900578714	3.5517884021596053
970	227.18761749285886	3.5518794120239803
971	227.18409394529118	3.55197290526357
972	227.180578352329	3.552068875109959
973	227.1770707032173	3.5521673147947292
974	227.173570987201	3.552268217549463
975	227.17007919352494	3.5523715766057435
976	227.1665953114341	3.552477385195153
977	227.16311933017337	3.552585636549275
978	227.1596512389877	3.552696323899692
979	227.15619102712202	3.5528094404779864
980	227.1527386838212	3.5529249795157405
981	227.1492941983302	3.553042934244537
982	227.14585755989393	3.5531632978959604
983	227.1424287577573	3.553286063701592
984	227.13900778116522	3.5534112248930136
985	227.13559461936265	3.55353877470181
986	227.13218926159445	3.553668706359563
987	227.12879169710558	3.5538010130978543
988	227.125401915141	3.5539356881482687
989	227.12201990494555	3.554072724742387
990	227.11864565576417	3.554212116111793
991	227.1152791568418	3.5543538554880687
992	227.11192039742338	3.5544979361027984
993	227.10856936675378	3.554644351187563
994	227.10522605407795	3.554793093973945
995	227.10189044864077	3.5549441576935292
996	227.09856253968724	3.5550975355778975
997	227.0952423164622	3.5552532208586305
998	227.0919297682106	3.555411206767314
999	227.08862488417736	3.5555714865355292
1000	227.08532765360738	3.5557340533948594
1001	227.08203806574565	3.555898900576886
1002	227.078756109837	3.556066021313193
1003	227.0754817751264	3.556235408835363
1004	227.07221505085874	3.556407056374978
1005	227.068955926279	3.5565809571636224
1006	227.06570439063202	3.5567571044328767
1007	227.06246043316276	3.556935491414324
1008	227.05922404311613	3.5571161113395493
1009	227.0559952097371	3.5572989574401332
1010	227.0527739222705	3.557484022947658
1011	227.0495601699613	3.557671301093708
1012	227.04635394205442	3.557860785109866
1013	227.04315522779476	3.5580524682277135
1014	227.0399640164273	3.5582463436788334
1015	227.03678029719688	3.5584424046948087
1016	227.03360405934845	3.5586406445072223
1017	227.03043529212692	3.5588410563476565
1018	227.02727398477728	3.559043633447695
1019	227.02412012654435	3.5592483690389196
1020	227.0209737066731	3.559455256352912
1021	227.01783471440842	3.5596642886212573
1022	227.0147031389953	3.559875459075537
1023	227.01157896967857	3.560088760947335
1024	227.00846219570317	3.5603041874682306
1025	227.00535280631408	3.56052173186981
1026	227.00225079075616	3.560741387383655
1027	226.99915613827437	3.5609631472413477
1028	226.9960688381136	3.5611870046744714
1029	226.99298887951875	3.5614129529146084
1030	226.9899162517348	3.5616409851933413
1031	226.98685094400665	3.561871094742254
1032	226.98379294557918	3.562103274792929
1033	226.98074224569734	3.5623375185769466
1034	226.97769883360604	3.5625738193258916
1035	226.97466269855022	3.5628121702713473
1036	226.9716338297748	3.563052564644896
1037	226.96861221652466	3.563294995678118
1038	226.96559784804475	3.5635394566025997
1039	226.96259071357997	3.5637859406499217
1040	226.95959080237532	3.5640344410516667
1041	226.9565981036756	3.564284951039419
1042	226.95361260672576	3.564537463844759
1043	226.9506343007708	3.5647919726992714
1044	226.94766317505554	3.5650484708345376
1045	226.94469921882495	3.565306951482141
1046	226.94174242132397	3.5655674078736643
1047	226.93879277179747	3.5658298332406897
1048	226.93585025949037	3.5660942208148008
1049	226.93291487364766	3.5663605638275797
1050	226.92998660351418	3.5666288555106087
1051	226.92706543833486	3.5668990890954717
1052	226.92415136735468	3.567171257813751
1053	226.92124437981852	3.567445354897029
1054	226.91834446497128	3.567721373576888
1055	226.9154516120579	3.5679993070849116
1056	226.9125658103233	3.5682791486526826
1057	226.9096870490124	3.5685608915117824
1058	226.90681531737013	3.5688445288937953
1059	226.90395060464135	3.5691300540303033
1060	226.90109290007106	3.569417460152888
1061	226.89824219290415	3.5697067404931344
1062	226.89539847238555	3.569997888282624
1063	226.89256172776015	3.5702908967529403
1064	226.88973194827287	3.570585759135664
1065	226.88690912316866	3.5708824686623797
1066	226.88409324169245	3.5711810185646704
1067	226.8812842930891	3.5714814020741166
1068	226.87848226660356	3.571783612422303
1069	226.87568715148078	3.572087642840812
1070	226.87289893696564	3.572393486561225
1071	226.87011761230306	3.5727011368151276
1072	226.86734316673798	3.5730105868341004
1073	226.8645755895153	3.573321829849726
1074	226.86181486988	3.5736348590935862
1075	226.8590609970769	3.573949667797267
1076	226.856313960351	3.5742662491923487
1077	226.85357374894718	3.5745845965104137
1078	226.85084035211037	3.574904702983046
1079	226.84811375908552	3.575226561841828
1080	226.84539395911747	3.5755501663183415
1081	226.8426809414512	3.5758755096441717
1082	226.83997469533162	3.5762025850508987
1083	226.83727521000367	3.5765313857701053
1084	226.83458247471225	3.5768619050333763
1085	226.83189647870225	3.5771941360722934
1086	226.82921721121863	3.577528072118438
1087	226.8265446615063	3.577863706403394
1088	226.8238788188102	3.5782010321587445
1089	226.82121967237518	3.578540042616072
1090	226.8185672114462	3.578880731006958
1091	226.81592142526821	3.5792230905629867
1092	226.81328230308614	3.579567114515741
1093	226.81064983414484	3.579912796096802
1094	226.80802400768926	3.580260128537754
1095	226.8054048129643	3.580609105070179
1096	226.80279223921494	3.58095971892566
1097	226.8001862756861	3.581311963335778
1098	226.79758691162257	3.581665831532119
1099	226.79499413626942	3.582021316746264
1100	226.7924079388715	3.582378412209794
1101	226.78982830867378	3.5827371111542945
1102	226.78725523492108	3.583097406811348
1103	226.7846887068584	3.583459292412535
1104	226.78212871373066	3.58382276118944
1105	226.77957524478276	3.5841878063736456
1106	226.7770282892596	3.5845544211967346
1107	226.7744878364061	3.584922598890288
1108	226.77195387546723	3.5852923326858908
1109	226.76942639568787	3.5856636158151245
1110	226.76690538631297	3.586036441509571
1111	226.7643908365874	3.586410803000816
1112	226.76188273575613	3.5867866935204407
1113	226.75938107306405	3.587164106300025
1114	226.7568858377561	3.5875430345711554
1115	226.75439701907715	3.5879234715654142
1116	226.75191460627218	3.5883054105143826
1117	226.74943858858606	3.5886888446496426
1118	226.74696895526378	3.58907376720278
1119	226.7445056955502	3.589460171405375
1120	226.74204879869023	3.5898480504890107
1121	226.73959825392882	3.5902373976852715
1122	226.7371540505109	3.590628206225738
1123	226.73471617768138	3.5910204693419927
1124	226.73228462468518	3.5914141802656214
1125	226.72985938076718	3.591809332228205
1126	226.72744043517233	3.5922059184613246
1127	226.72502777714558	3.592603932196564
1128	226.7226213959318	3.593003366665507
1129	226.72022128077595	3.593404215099736
1130	226.71782742092293	3.5938064707308324
1131	226.71543980561765	3.5942101267903808
1132	226.71305842410507	3.5946151765099628
1133	226.71068326563005	3.59502161312116
1134	226.70831431943753	3.5954294298555585
1135	226.70595157477243	3.595838619944738
1136	226.70359502087973	3.5962491766202813
1137	226.70124464700427	3.5966610931137724
1138	226.698900442391	3.5970743626567936
1139	226.69656239628483	3.5974889784809285
1140	226.6942304979307	3.5979049338177576
1141	226.69190473657352	3.598322221898865
1142	226.6895851014582	3.598740835955835
1143	226.68727158182963	3.599160769220247
1144	226.6849641669328	3.599582014923686
1145	226.68266284601262	3.600004566297734
1146	226.68036760831396	3.600428416573975
1147	226.67807844308174	3.6008535589839887
1148	226.67579533956092	3.6012799867593603
1149	226.67351828699643	3.6017076931316723
1150	226.67124727463315	3.6021366713325063
1151	226.668982291716	3.6025669145934467
1152	226.6667233274899	3.6029984161460753
1153	226.66447037119985	3.6034311692219734
1154	226.66222341209064	3.603865167052726
1155	226.65998243940726	3.6043004028699155
1156	226.65774744239462	3.6047368699051243
1157	226.65551841029765	3.605174561389933
1158	226.65329533236127	3.6056134705559275
1159	226.65107819783037	3.606053590634689
1160	226.6488669959499	3.6064949148578
1161	226.64666171596477	3.6069374364568447
1162	226.64446234711994	3.607381148663404
1163	226.64226887866022	3.6078260447090607
1164	226.64008129983063	3.6082721178253996
1165	226.63789959987605	3.608719361244002
1166	226.63572376804143	3.6091677681964494
1167	226.63355379357165	3.6096173319143263
1168	226.63138966571162	3.6100680456292156
1169	226.62923137370632	3.6105199025726993
1170	226.62707890680062	3.6109728959763596
1171	226.6249322542395	3.611427019071779
1172	226.62279140526778	3.6118822650905424
1173	226.62065634913046	3.61233862726423
1174	226.61852707507242	3.6127960988244268
1175	226.61640357233864	3.613254673002714
1176	226.61428583017394	3.613714343030673
1177	226.61217383782332	3.61417510213989
1178	226.61006758453163	3.614636943561946
1179	226.60796705954388	3.6150998605284235
1180	226.60587225210494	3.615563846270904
1181	226.60378315145974	3.616028894020973
1182	226.60169974685317	3.6164949970102116
1183	226.59962202753016	3.6169621484702024
1184	226.59754998273567	3.617430341632528
1185	226.5954836017146	3.617899569728772
1186	226.5934228737118	3.6183698259905164
1187	226.5913677879723	3.6188411036493444
1188	226.58931833374098	3.6193133959368393
1189	226.5872745002627	3.6197866960845824
1190	226.58523627678247	3.620260997324156
1191	226.58320365254514	3.620736292887145
1192	226.58117661679566	3.6212125760051315
1193	226.57915515877897	3.621689839909697
1194	226.57713926773997	3.6221680778324243
1195	226.57512893292355	3.622647283004898
1196	226.57312414357466	3.623127448658699
1197	226.57112488893824	3.6236085680254106
1198	226.56913115825918	3.6240906343366155
1199	226.5671429407824	3.6245736408238964
1200	226.5651602257528	3.6250575807188357
1201	226.56318300241537	3.625542447253018
1202	226.56121126001497	3.6260282336580234
1203	226.55924498779652	3.626514933165435
1204	226.55728417500495	3.627002539006837
1205	226.5553288108852	3.627491044413812
1206	226.55337888468216	3.627980442617941
1207	226.5514343856408	3.628470726850808
1208	226.54949530300593	3.6289618903439957
1209	226.54756162602257	3.629453926329088
1210	226.54563334393566	3.6299468280376646
1211	226.54371044599003	3.63044058870131
1212	226.54179292143064	3.630935201551607
1213	226.5398807595024	3.631430659820138
1214	226.53797394945028	3.631926956738487
1215	226.53607248051912	3.632424085538234
1216	226.5341763419539	3.632922039450963
1217	226.5322855229995	3.6334208117082585
1218	226.53040001290088	3.633920395541702
1219	226.52851980090296	3.6344207841828755
1220	226.52664487625057	3.634921970863361
1221	226.52477522818873	3.6354239488147435
1222	226.52291084596234	3.6359267112686044
1223	226.52105171881632	3.6364302514565265
1224	226.51919783599556	3.636934562610093
1225	226.51734918674498	3.637439637960886
1226	226.5155057603095	3.6379454707404877
1227	226.51366754593408	3.6384520541804832
1228	226.51183453286365	3.6389593815124535
1229	226.51000671034305	3.639467445967981
1230	226.50818406761724	3.639976240778648
1231	226.50636659393115	3.6404857591760393
1232	226.50455427852972	3.6409959943917367
1233	226.50274711065782	3.641506939657321
1234	226.50094507956038	3.642018588204378
1235	226.49914817448234	3.6425309332644886
1236	226.49735638466865	3.643043968069235
1237	226.49556969936415	3.643557685850202
1238	226.4937881078138	3.644072079838971
1239	226.49201159926253	3.6445871432671235
1240	226.49024016295525	3.6451028693662457
1241	226.4884737881369	3.645619251367918
1242	226.48671246405237	3.6461362825037225
1243	226.48495617994658	3.646653956005242
1244	226.48320492506446	3.6471722651040612
1245	226.48145868865095	3.647691203031762
1246	226.4797174599509	3.6482107630199248
1247	226.4779812282093	3.6487309383001354
1248	226.47624998267105	3.6492517221039753
1249	226.4745237125811	3.649773107663027
1250	226.47280240718428	3.6502950882088747
1251	226.4710860557256	3.650817656973099
1252	226.4693746474499	3.6513408071872835
1253	226.46766817160218	3.6518645320830108
1254	226.46596661742737	3.6523888248918643
1255	226.4642699741703	3.652913678845426
1256	226.46257823107592	3.653439087175278
1257	226.46089137738917	3.6539650431130046
1258	226.45920940235501	3.6544915398901887
1259	226.45753229521827	3.655018570738411
1260	226.45586004522391	3.655546128889255
1261	226.45419264161686	3.6560742075743042
1262	226.45253007364207	3.656602800025141
1263	226.45087233054437	3.657131899473348
1264	226.44921940156874	3.657661499150507
1265	226.4475712759601	3.6581915922882033
1266	226.44592794296335	3.6587221721180154
1267	226.44428939182345	3.6592532318715314
1268	226.44265561178526	3.65978476478033
1269	226.44102659209375	3.6603167640759935
1270	226.43940232199378	3.6608492229901084
1271	226.43778279073038	3.6613821347542546
1272	226.43616798754834	3.661915492600016
1273	226.43455790169264	3.662449289758973
1274	226.43295252240821	3.662983519462711
1275	226.43135183893995	3.663518174942813
1276	226.42975584053283	3.664053249430859
1277	226.42816451643168	3.664588736158434
1278	226.42657785588148	3.6651246283571197
1279	226.42499584812714	3.6656609192584986
1280	226.42341848241358	3.6661976020941554
1281	226.42184574798569	3.6667346700956704
1282	226.42027763408842	3.667272116494628
1283	226.4187141299667	3.6678099345226087
1284	226.41715522486544	3.668348117411197
1285	226.41560090802955	3.668886658391977
1286	226.41405116870393	3.6694255506965283
1287	226.41250599613355	3.6699647875564345
1288	226.41096537956327	3.67050436220328
1289	226.4094293082381	3.6710442678686466
1290	226.40789777140284	3.671584497784117
1291	226.4063707583025	3.6721250451812724
1292	226.40484825818197	3.672665903291698
1293	226.40333026028617	3.6732070653469746
1294	226.40181675386003	3.673748524578687
1295	226.40030772814845	3.6742902742184156
1296	226.39880317239633	3.674832307497743
1297	226.39730307584867	3.675374617648255
1298	226.39580742775033	3.6759171979015317
1299	226.39431621734622	3.676460041489157
1300	226.39282943388125	3.6770031416427127
1301	226.3913470666004	3.677546491593781
1302	226.38986910474858	3.678090084573947
1303	226.38839553757066	3.6786339138147923
1304	226.38692635431158	3.6791779725478975
1305	226.38546154421627	3.679722254004849
1306	226.3840010965297	3.680266751417226
1307	226.38254500049666	3.6808114580166142
1308	226.38109324536217	3.681356367034595
1309	226.3796458203711	3.6819014717027496
1310	226.37820271476846	3.6824467652526636
1311	226.37676391779905	3.682992240915919
1312	226.37532941870788	3.683537891924096
1313	226.3738992067398	3.684083711508781
1314	226.37247327113977	3.684629692901553
1315	226.37105160115271	3.6851758293339976
1316	226.36963418602355	3.685722114037697
1317	226.36822101499718	3.6862685402442334
1318	226.3668120773185	3.68681510118519
1319	226.3654073622325	3.687361790092148
1320	226.36400685898406	3.6879086001966916
1321	226.36261055681805	3.6884555247304043
1322	226.3612184449795	3.6890025569248652
1323	226.35983051271322	3.6895496900116616
1324	226.35844674926423	3.690096917222374
1325	226.35706714387737	3.6906442317885846
1326	226.35569168579758	3.691191626941877
1327	226.3543203642698	3.6917390959138334
1328	226.35295316853896	3.692286631936038
1329	226.35159008784993	3.692834228240071
1330	226.35023111144767	3.693381878057518
1331	226.34887622857707	3.6939295746199585
1332	226.3475254284831	3.6944773111589764
1333	226.3461787004106	3.6950250809061567
1334	226.34483603360457	3.69557287709308
1335	226.34349741730986	3.696120692951329
1336	226.34216284077144	3.6966685217124855
1337	226.34083229323426	3.697216356608135
1338	226.33950576394312	3.697764190869859
1339	226.33818324214306	3.69831201772924
1340	226.33686471707892	3.6988598304178595
1341	226.3355501779957	3.6994076221673016
1342	226.33423961413826	3.699955386209149
1343	226.3329330147515	3.7005031157749855
1344	226.3316303690804	3.7010508040963916
1345	226.33033166636986	3.7015984444049512
1346	226.32903689586476	3.702146029932244
1347	226.32774604681006	3.7026935539098593
1348	226.32645910845068	3.7032410095693757
1349	226.32517607003152	3.7037883901423747
1350	226.32389692079752	3.70433568886044
1351	226.32262164999358	3.7048828989551574
1352	226.32135024686463	3.7054300136581055
1353	226.32008270065558	3.705977026200869
1354	226.3188190006114	3.70652392981503
1355	226.31755913597692	3.7070707177321713
1356	226.3163030959971	3.7076173831838766
1357	226.3150508699169	3.708163919401727
1358	226.3138024469812	3.708710319617307
1359	226.31255781643495	3.709256577062196
1360	226.311316967523	3.7098026849679813
1361	226.31007988949034	3.710348636566244
1362	226.30884657158185	3.710894425088564
1363	226.30761700304248	3.7114400437665274
1364	226.30639117311713	3.711985485831715
1365	226.30516907105073	3.7125307445157127
1366	226.30395068608817	3.7130758130500983
1367	226.30273600747444	3.713620684666458
1368	226.30152502445438	3.714165352596373
1369	226.30031772627294	3.714709810071427
1370	226.29911410217503	3.7152540503232023
1371	226.2979141414056	3.7157980665832815
1372	226.29671783320958	3.716341852083247
1373	226.29552516683182	3.716885400054683
1374	226.2943361315173	3.71742870372917
1375	226.2931507165109	3.7179717563382932
1376	226.29196891105758	3.718514551113633
1377	226.29079070440224	3.719057081286773
1378	226.2896160857898	3.7195993400892977
1379	226.28844504446513	3.720141320752787
1380	226.28727756967328	3.720683016508824
1381	226.28611365065905	3.7212244205889933
1382	226.28495327666738	3.721765526224875
1383	226.28379643694322	3.722306326648056
1384	226.28264312073148	3.722846815090114
1385	226.2814933172771	3.7233869847826346
1386	226.28034701582493	3.7239268289572003
1387	226.27920420561995	3.7244663408453946
1388	226.27806487590706	3.7250055136787985
1389	226.27692901593122	3.7255443406889936
1390	226.2757966149373	3.7260828151075667
1391	226.27466766217023	3.7266209301660975
1392	226.27354214687492	3.727158679096169
1393	226.27242005829635	3.7276960551293645
1394	226.27130138567935	3.728233051497268
1395	226.27018611826887	3.728769661431458
1396	226.26907424530987	3.7293058781635224
1397	226.26796575604723	3.7298416949250406
1398	226.2668606397259	3.7303771049475967
1399	226.26575888559077	3.7309121014627715
1400	226.26466048288677	3.7314466777021513
1401	226.2635654208588	3.731980826897318
1402	226.26247368875184	3.7325145422798487
1403	226.26138527581077	3.733047817081333
1404	226.26030017128048	3.73358064453335
1405	226.2592183644059	3.7341130178674846
1406	226.25813984443204	3.734644930315319
1407	226.2570646006037	3.7351763751084346
1408	226.25599262216585	3.735707345478415
1409	226.25492389836342	3.7362378346568414
1410	226.2538584184413	3.7367678358753
1411	226.25279617164446	3.737297342365371
1412	226.25173714721777	3.7378263473586353
1413	226.25068133440612	3.73835484408668
1414	226.24962872245453	3.7388828257810864
1415	226.24857930060787	3.7394102856734346
1416	226.24753305811103	3.7399372169953105
1417	226.24648998420895	3.7404636129782944
1418	226.24545006814657	3.7409894668539723
1419	226.2444132991688	3.7415147718539226
1420	226.24337966652055	3.742039521209732
1421	226.24234915944675	3.7425637081529803
1422	226.2413217671923	3.743087325915251
1423	226.2402974790021	3.743610367728128
1424	226.23927628412116	3.744132826823193
1425	226.2382581717943	3.7446546964320278
1426	226.23724313126652	3.745175969786218
1427	226.23623115178268	3.7456966401173446
1428	226.23522222258774	3.7462167006569898
1429	226.23421633292656	3.7467361446367358
1430	226.23321347204413	3.747254965288167
1431	226.2322136291853	3.747773155842866
1432	226.23121679359508	3.748290709532415
1433	226.23022295451833	3.7488076195883964
1434	226.22923210119995	3.7493238792423917
1435	226.2282442228849	3.749839481725986
1436	226.2272593088181	3.750354420270762
1437	226.22627734824448	3.750868688108302
1438	226.2252983304089	3.751382278470188
1439	226.2243222445563	3.751895184588002
1440	226.22334907993164	3.752407399693328
1441	226.22237882577983	3.75291891701775
1442	226.22141147134576	3.753429729792847
1443	226.22044700587438	3.7539398312502046
1444	226.21948541861056	3.7544492146214052
1445	226.21852669879928	3.75495787313803
1446	226.21757083568545	3.755465800031665
1447	226.21661781851395	3.75597298853389
1448	226.2156676365297	3.7564794318762877
1449	226.21472027897767	3.756985123290441
1450	226.2137757351028	3.757490056007936
1451	226.2128339941499	3.7579942232603507
1452	226.21189504536395	3.758497618279269
1453	226.21095887798987	3.759000234296276
1454	226.21002548127262	3.7595020645429527
1455	226.20909484445707	3.7600031022508817
1456	226.20816695678812	3.7605033406516455
1457	226.20724180751074	3.7610027729768274
1458	226.20631938586982	3.761501392458011
1459	226.20539968111032	3.7619991923267766
1460	226.2044826824771	3.762496165814709
1461	226.2035683792151	3.7629923061533903
1462	226.20265676056928	3.7634876065744027
1463	226.20174781578453	3.7639820603093295
1464	226.20084153410573	3.7644756605897545
1465	226.19993790477787	3.7649684006472572
1466	226.19903691704582	3.765460273713424
1467	226.19813856015452	3.7659512730198363
1468	226.1972428233489	3.766441391798076
1469	226.19634969587383	3.766930623279727
1470	226.1954591669743	3.767418960696369
1471	226.19457122589517	3.76790639727959
1472	226.19368586188142	3.768392926260967
1473	226.1928030641779	3.768878540872088
1474	226.19192282202957	3.7693632343445316
1475	226.19104512468132	3.7698469999098823
1476	226.19016996137816	3.7703298307997244
1477	226.1892973213649	3.7708117202456375
1478	226.1884271938865	3.7712926614792055
1479	226.18755956818788	3.771772647732011
1480	226.18669443351394	3.7722516722356385
1481	226.1858317791097	3.7727297282216696
1482	226.18497159421992	3.773206808921685
1483	226.18411386808964	3.7736829075672693
1484	226.1832585899637	3.774158017390005
1485	226.1824057490871	3.774632131621476
1486	226.1815553347047	3.7751052434932637
1487	226.18070733606146	3.7755773462369504
1488	226.17986174240227	3.776048433084118
1489	226.17901854297207	3.7765184972663532
1490	226.17817772701574	3.7769875320152373
1491	226.17733928377822	3.7774555305623485
1492	226.17650320250448	3.7779224861392735
1493	226.17566947243935	3.778388391977595
1494	226.17483808282785	3.778853241308896
1495	226.17400902291482	3.7793170273647587
1496	226.17318228194517	3.7797797433767637
1497	226.1723578491639	3.780241382576496
1498	226.17153571381587	3.7807019381955387
1499	226.170715865146	3.781161403465474
1500	226.16989829239927	3.7816197716178825
1501	226.1690829848205	3.7820770358843503
1502	226.16826993165472	3.7825331894964567
1503	226.16745912214674	3.7829882256857887
1504	226.16665054554156	3.7834421376839265
1505	226.16584419108403	3.78389491872245
1506	226.16504004801916	3.7843465620329466
1507	226.16423810559183	3.7847970608469974
1508	226.1634383530469	3.785246408396185
1509	226.16264077962938	3.7856945979120913
1510	226.16184537458412	3.7861416226262996
1511	226.16105212715613	3.7865874757703955
1512	226.1602610265902	3.7870321505759543
1513	226.15947206213136	3.7874756402745673
1514	226.15868522302446	3.787917938097812
1515	226.15790049851446	3.7883590372772726
1516	226.1571178778463	3.788798931044532
1517	226.15633735026483	3.789237612631173
1518	226.15555890501503	3.7896750752687764
1519	226.15478253134177	3.790111312188927
1520	226.15400821849005	3.7905463166232085
1521	226.15323595570467	3.790980081803202
1522	226.15246573223064	3.7914126009604883
1523	226.15169753731286	3.7918438673266532
1524	226.15093136019627	3.7922738741332784
1525	226.15016719012573	3.7927026146119465
1526	226.1494050163462	3.7931300819942413
1527	226.1486448281026	3.7935562695117437
1528	226.14788661463984	3.7939811703960364
1529	226.14713036520286	3.794404777878704
1530	226.14637606903653	3.7948270851913284
1531	226.14562371538582	3.7952480855654924
1532	226.14487329349564	3.7956677722327763
1533	226.1441247926109	3.7960861384247666
1534	226.14337820197653	3.7965031773730455
1535	226.1426335108374	3.7969188823091935
1536	226.1418907084385	3.7973332464647935
1537	226.14114978402475	3.7977462630714305
1538	226.140410726841	3.7981579253606848
1539	226.1396735261322	3.7985682265641416
1540	226.1389381711433	3.798977159913381
1541	226.1382046511192	3.7993847186399856
1542	226.13747295530484	3.7997908959755415
1543	226.13674307294508	3.8001956851516296
1544	226.13601499328487	3.800599079399833
1545	226.13528870556917	3.8010010719517315
1546	226.13456419904287	3.8014016560389106
1547	226.13384146295087	3.801800824892954
1548	226.1331204865381	3.8021985717454427
1549	226.1324012590495	3.802594889827958
1550	226.13168376973	3.802989772372085
1551	226.13096800782444	3.8033832126094063
1552	226.13025396257783	3.8037752037715045
1553	226.129541623235	3.804165739089962
1554	226.128830979041	3.8045548117963603
1555	226.12812201924066	3.804942415122283
1556	226.1274147330789	3.805328542299314
1557	226.12670910980063	3.8057131865590357
1558	226.1260051386508	3.8060963411330286
1559	226.12530280887435	3.806477999252877
1560	226.12460210971616	3.8068581541501656
1561	226.12390303042116	3.807236799056472
1562	226.12320556023425	3.807613927203385
1563	226.12250968840038	3.807989531822484
1564	226.1218154041645	3.808363606145351
1565	226.12112269677144	3.8087361434035696
1566	226.12043155546618	3.8091071368287244
1567	226.11974196949365	3.8094765796523946
1568	226.11905392809874	3.809844465106165
1569	226.11836742052637	3.810210786421619
1570	226.11768243602148	3.81057553683034
1571	226.11699896382896	3.810938709563906
1572	226.11631699319378	3.8113002978539035
1573	226.1156365133608	3.811660294931916
1574	226.11495751357498	3.8120186940295246
1575	226.1142799830812	3.8123754883783123
1576	226.11360391112441	3.8127306712098608
1577	226.11292928694957	3.8130842357557535
1578	226.11225609980153	3.813436175247574
1579	226.1115843389252	3.813786482916905
1580	226.1109139935656	3.814135151995328
1581	226.11024505296754	3.8144821757144256
1582	226.10957750637598	3.8148275473057818
1583	226.10891134303586	3.8151712600009797
1584	226.10824655219207	3.8155133070316025
1585	226.10758312308957	3.8158536816292274
1586	226.10692104497323	3.816192377025444
1587	226.106260307088	3.8165293864518324
1588	226.10560089867877	3.8168647031399745
1589	226.1049428089905	3.817198320321454
1590	226.1042860272681	3.8175302312278534
1591	226.10363054275646	3.8178604290907527
1592	226.10297634470055	3.818188907141741
1593	226.10232342234522	3.818515658612397
1594	226.10167176493547	3.818840676734303
1595	226.10102136171616	3.8191639547390404
1596	226.1003722019322	3.8194854858581975
1597	226.09972427482856	3.8198052633233526
1598	226.09907756965015	3.820123280366087
1599	226.09843207564188	3.820439530217988
1600	226.09778778204867	3.8207540061106355
1601	226.0971446781154	3.821066701275612
1602	226.09650275308704	3.821377608944501
1603	226.09586199620853	3.8216867223488866
1604	226.09522239672472	3.8219940347203485
1605	226.0945839438806	3.8222995392904715
1606	226.093946626921	3.8226032292908396
1607	226.09331043509096	3.822905097953033
1608	226.09267535763527	3.8232051385086327
1609	226.09204138379894	3.823503344189227
1610	226.09140850282688	3.8237997082263946
1611	226.09077670396397	3.824094223851718
1612	226.09014597645518	3.8243868842967825
1613	226.0895163095454	3.8246776827931686
1614	226.08888769247952	3.82496661257246
1615	226.0882601145025	3.825253666866242
1616	226.08763356485926	3.8255388389060907
1617	226.08700803279473	3.8258221219235944
1618	226.08638350755376	3.826103509150334
1619	226.08575997838136	3.8263829938178926
1620	226.0851374345224	3.826660569157852
1621	226.08451586522182	3.826936228401795
1622	226.0838952597245	3.827209964781306
1623	226.0832756072754	3.8274817715279674
1624	226.08265689711945	3.8277516418733604
1625	226.08203911850154	3.8280195690490677
1626	226.08142226066659	3.8282855462866734
1627	226.08080631285952	3.8285495668177596
1628	226.08019126432526	3.8288116238739094
1629	226.07957710430875	3.829071710686704
1630	226.07896382205485	3.829329820487729
1631	226.07835140680854	3.8295859465085624
1632	226.07773984781468	3.8298400819807936
1633	226.07712913431828	3.8300922201359997
1634	226.07651925556416	3.8303423542057646
1635	226.0759102007973	3.8305904774216737
1636	226.07530195926262	3.8308365830153073
1637	226.074694520205	3.8310806642182498
1638	226.0740878728694	3.8313227142620803
1639	226.0734820065007	3.8315627263783845
1640	226.07287691034387	3.831800693798744
1641	226.07227257364377	3.832036609754743
1642	226.07166898564537	3.832270467477965
1643	226.07106613559358	3.8325022601999876
1644	226.07046401273328	3.832731981152398
1645	226.06986260630944	3.832959623566781
1646	226.06926190556698	3.8331851806747146
1647	226.0686618997508	3.833408645707781
1648	226.06806257810578	3.833630011897566
1649	226.06746392987688	3.8338492724756525
1650	226.06686594430903	3.8340664206736212
1651	226.06626861064717	3.8342814497230555
1652	226.06567191813616	3.834494352855539
1653	226.06507585602094	3.834705123302654
1654	226.06448041354645	3.8349137542959815
1655	226.06388557995763	3.8351202390671073
1656	226.0632913444993	3.8353245708476127
1657	226.06269769641648	3.835526742869078
1658	226.06210462495406	3.835726748363091
1659	226.06151211935693	3.835924580561231
1660	226.06092016887007	3.8361202326950803
1661	226.06032876273835	3.8363136979962214
1662	226.0597378902067	3.8365049696962386
1663	226.05914754052003	3.8366940410267167
1664	226.0585577029233	3.836880905219235
1665	226.05796836666138	3.8370655555053763
1666	226.05737952097923	3.837247985116724
1667	226.05679115512174	3.8374281872848623
1668	226.05620325833388	3.8376061552413727
1669	226.0556158198605	3.8377818822178362
1670	226.05502882894652	3.8379553614458395
1671	226.05444227483693	3.8381265861569602
1672	226.05385614677658	3.838295549582786
1673	226.05327043401047	3.838462244954897
1674	226.05268512578343	3.8386266655048757
1675	226.05210021134044	3.838788804464306
1676	226.05151567992638	3.838948655064771
1677	226.0509315207862	3.8391062105378526
1678	226.0503477231648	3.839261464115132
1679	226.04976427630712	3.839414409028194
1680	226.04918116945805	3.839565038508621
1681	226.04859839186258	3.8397133457879953
1682	226.0480159327655	3.8398593240979
1683	226.04743378141185	3.8400029666699167
1684	226.0468519270465	3.8401442667356287
1685	226.04627035891437	3.840283217526621
1686	226.0456890662604	3.840419812274474
1687	226.0451080383295	3.8405540442107697
1688	226.04452726436654	3.8406859065670904
1689	226.0439467336165	3.8408153925750224
1690	226.04336643532432	3.8409424954661473
1691	226.04278635873484	3.841067208472044
1692	226.04220649309306	3.8411895248243004
1693	226.04162682764382	3.8413094377544965
1694	226.0410473516321	3.8414269404942143
1695	226.04046805430283	3.841542026275037
1696	226.03988892490088	3.8416546883285503
1697	226.0393099526712	3.841764919886332
1698	226.0387311268587	3.8418727141799707
1699	226.0381524367083	3.841978064441043
1700	226.0375738714649	3.842080963901137
1701	226.03699542037344	3.84218140579183
1702	226.03641707267886	3.8422793833447098
1703	226.03583881762606	3.842374889791355
1704	226.03526064445995	3.8424679183633508
1705	226.03468254242546	3.8425584622922795
1706	226.03410450076748	3.842646514809724
1707	226.033526508731	3.8427320691472664
1708	226.0329485555609	3.842815118536489
1709	226.03237063050207	3.8428956562089778
1710	226.03179272279945	3.84297367539631
1711	226.03121482169797	3.843049169330073
1712	226.03063691644257	3.8431221312418464
1713	226.03005899627814	3.843192554363216
1714	226.0294810504496	3.8432604319257613
1715	226.02890306820183	3.843325757161066
1716	226.02832503877985	3.8433885233007157
1717	226.02774695142853	3.843448723576288
1718	226.02716879539275	3.843506351219371
1719	226.02659055991745	3.8435613994615445
1720	226.0260122342476	3.843613861534391
1721	226.02543380762808	3.8436637306694927
1722	226.0248552693038	3.8437110000984354
1723	226.02427660851967	3.8437556630527983
1724	226.02369781452066	3.843797712764164
1725	226.02311887655168	3.8438371424641207
1726	226.02253978385758	3.843873945384244
1727	226.02196052568337	3.8439081147561214
1728	226.0213810912739	3.843939643811334
1729	226.02080146987416	3.843968525781465
1730	226.02022165072898	3.8439947538980963
1731	226.01964162308334	3.844018321392812
1732	226.01906137618215	3.8440392214971917
1733	226.01848089927034	3.8440574474428226
1734	226.01790018159284	3.8440729924612835
1735	226.0173192123945	3.8440858497841583
1736	226.0167379809203	3.8440960126430332
1737	226.01615647641518	3.844103474269485
1738	226.01557468812402	3.8441082278951
1739	226.0149926052917	3.8441102667514615
1740	226.01441021716323	3.84410958407015
1741	226.01382751298345	3.844106173082749
1742	226.01324448199733	3.8441000270208416
1743	226.01266111344978	3.84409113911601
1744	226.0120773965857	3.844079502599837
1745	226.01149332065003	3.844065110703907
1746	226.0109088748877	3.844047956659799
1747	226.0103240485436	3.8440280336991
1748	226.00973883086266	3.8440053350533896
1749	226.0091532110898	3.843979853954253
1750	226.00856717846992	3.8439515836332703
1751	226.00798072224802	3.8439205173220268
1752	226.0073938316689	3.8438866482521012
1753	226.00680649597757	3.8438499696550803
1754	226.00621870441893	3.843810474762546
1755	226.00563044623786	3.8437681568060813
1756	226.00504171067934	3.8437230090172676
1757	226.00445248698824	3.8436750246276867
1758	226.0038627644095	3.8436241968689235
1759	226.00327253218802	3.843570518972561
1760	226.00268177956877	3.8435139841701806
1761	226.00209049579664	3.843454585693363
1762	226.00149867011652	3.8433923167736967
1763	226.00090629177336	3.843327170642757
1764	226.0003133500121	3.8432591405321332
1765	225.99971983407764	3.8431882196734057
1766	225.99912573321487	3.843114401298155
1767	225.99853103666874	3.843037678637968
1768	225.99793573368416	3.842958044924422
1769	225.99733981350607	3.842875493389106
1770	225.99674326537937	3.8427900172635967
1771	225.99614607854897	3.8427016097794837
1772	225.99554824225982	3.842610264168342
1773	225.99494974575683	3.842515973661759
1774	225.9943505782849	3.8424187314913176
1775	225.99375072908896	3.8423185308885976
1776	225.9931501874139	3.8422153650851856
1777	225.99254894250475	3.8421092273126605
1778	225.99194698360628	3.8420001108026076
1779	225.99134429996352	3.841888008786608
1780	225.99074088082133	3.841772914496246
1781	225.99013671542465	3.841654821163102
1782	225.98953179301841	3.841533722018764
1783	225.98892610284753	3.8414096102948068
1784	225.98831963415688	3.841282479222818
1785	225.98771237619144	3.8411523220343815
1786	225.98710431819615	3.841019131961076
1787	225.98649544941583	3.8408829022344886
1788	225.98588575909548	3.840743626086198
1789	225.98527523648	3.8406012967477903
1790	225.98466387081427	3.840455907450844
1791	225.98405165134332	3.8403074514269466
1792	225.98343856731194	3.840155921907679
1793	225.9828246079651	3.8400013121246213
1794	225.98220976254777	3.83984361530936
1795	225.9815940203048	3.839682824693476
1796	225.98097737048113	3.839518933508553
1797	225.9803598023217	3.839351934986171
1798	225.9797413050714	3.8391818223579177
1799	225.97912186797518	3.8390085888553696
1800	225.9785014802779	3.838832227710115
1801	225.97788013122457	3.838652732153733
1802	225.97725781006002	3.838470095417809
1803	225.97663450602923	3.838284310733924
1804	225.97601020837715	3.83809537133366
1805	225.97538490634858	3.837903270448603
1806	225.97475858918855	3.8377080013103315
1807	225.97413124614192	3.837509557150431
1808	225.97350286645366	3.837307931200482
1809	225.97287343936864	3.837103116692072
1810	225.9722429541318	3.8368951068567774
1811	225.97161139998803	3.8366838949261863
1812	225.97097876618233	3.836469474131877
1813	225.97034504195955	3.8362518377054338
1814	225.9697102165646	3.8360309788784415
1815	225.96907427924245	3.835806890882481
1816	225.96843721923798	3.835579566949135
1817	225.96779902579618	3.835349000309986
1818	225.96715968816187	3.835115184196618
1819	225.96651919558002	3.8348781118406112
1820	225.96587753729554	3.8346377764735524
1821	225.9652347025534	3.8343941713270207
1822	225.96459068059843	3.8341472896325994
1823	225.9639454606756	3.833897124621873
1824	225.96329903202982	3.8336436695264227
1825	225.96265138390606	3.8333869175778332
1826	225.96200250554915	3.833126862007684
1827	225.96135238620406	3.83286349604756
1828	225.9607010151157	3.832596812929042
1829	225.96004838152896	3.8323268058837154
1830	225.95939447468888	3.832053468143161
1831	225.95873928384023	3.8317767929389634
1832	225.958082798228	3.831496773502703
1833	225.95742500709707	3.831213403065963
1834	225.95676589969244	3.8309266748603266
1835	225.95610546525896	3.8306365821173776
1836	225.95544369304156	3.830343118068699
1837	225.9547805722852	3.8300462759458695
1838	225.95411609223473	3.8297460489804767
1839	225.95345024213515	3.8294424304040997
1840	225.9527830112313	3.8291354134483244
1841	225.95211438876817	3.8288249913447308
1842	225.95144436399062	3.828511157324902
1843	225.95077292614363	3.8281939046204227
1844	225.95010006447205	3.8278732264628728
1845	225.94942576822086	3.827549116083838
1846	225.94875002663494	3.8272215667148988
1847	225.94807282895925	3.8268905715876396
1848	225.94739416443866	3.826556123933641
1849	225.94671402231813	3.826218216984488
1850	225.94603239184255	3.825876843971761
1851	225.94534926225685	3.8255319981270466
1852	225.944664622806	3.825183672681921
1853	225.94397846273483	3.824831860867973
1854	225.9432907712883	3.8244765559167835
1855	225.94260153771134	3.824117751059933
1856	225.94191075124888	3.823755439529009
1857	225.94121840114582	3.823389614555589
1858	225.94052447664706	3.823020269371259
1859	225.93982896699754	3.8226473972076
1860	225.93913186144223	3.822270991296195
1861	225.93843314922594	3.8218910448686283
1862	225.9377328195937	3.821507551156481
1863	225.93703086179033	3.8211205033913367
1864	225.9363272650608	3.8207298948047765
1865	225.9356220186501	3.820335718628386
1866	225.934915111803	3.819937968093746
1867	225.93420653376455	3.8195366364324377
1868	225.93349627377958	3.8191317168760466
1869	225.9327843210931	3.8187232026561557
1870	225.93207066494992	3.8183110870043455
1871	225.93135529459505	3.817895363152198
1872	225.93063819927335	3.817476024331301
1873	225.9299193682298	3.8170530637732307
1874	225.92919879070925	3.8166264747095755
1875	225.92847645595668	3.816196250371913
1876	225.92775235321696	3.8157623839918324
1877	225.92702647173505	3.815324868800907
1878	225.9262988007559	3.8148836980307297
1879	225.9255693295243	3.8144388649128764
1880	225.9248380472853	3.813990362678932
1881	225.92410494328377	3.81353818456048
1882	225.92337000676463	3.8130823237891005
1883	225.9226332269728	3.81262277359638
1884	225.9218945931532	3.8121595272138977
1885	225.92115409455076	3.81169257787324
1886	225.92041172041036	3.8112219188059866
1887	225.919667459977	3.8107475432437203
1888	225.91892130249553	3.810269444418025
1889	225.91817323721088	3.8097876155604844
1890	225.91742325336799	3.8093020499026764
1891	225.91667134021176	3.8088127406761885
1892	225.91591748698713	3.808319681112605
1893	225.91516168293902	3.8078228644435024
1894	225.9144039173123	3.8073222839004695
1895	225.91364417935196	3.8068179327150844
1896	225.91288245830287	3.806309804118933
1897	225.91211874341	3.8057978913435946
1898	225.9113530239182	3.8052821876206555
1899	225.9105852890724	3.8047626861816966
1900	225.90981552811763	3.804239380258301
1901	225.90904373029866	3.8037122630820503
1902	225.9082698848605	3.8031813278845306
1903	225.90749398104802	3.80264656789732
1904	225.9067160081062	3.8021079763520045
1905	225.90593595527992	3.8015655464801674
1906	225.90515381181407	3.8010192715133897
1907	225.90436956695362	3.8004691446832526
1908	225.90358320994352	3.7999151592213414
1909	225.90279473002857	3.7993573083592374
1910	225.9020041164538	3.7987955853285227
1911	225.90121135846408	3.798229983360784
1912	225.90041644530433	3.7976604956876003
1913	225.89961936621953	3.7970871155405526
1914	225.89882011045452	3.7965098361512304
1915	225.89801866725423	3.7959286507512098
1916	225.89721502586363	3.795343552572078
1917	225.89640917552762	3.7947545348454135
1918	225.89560110549107	3.7941615908028026
1919	225.89479080499896	3.793564713675826
1920	225.8939782632962	3.792963896696066
1921	225.8931634696277	3.792359133095109
1922	225.89234641323836	3.7917504161045326
1923	225.8915270833731	3.791137738955925
1924	225.89070546927687	3.7905210948808623
1925	225.88988156019457	3.789900477110934
1926	225.88905534537116	3.789275878877717
1927	225.8882268140515	3.788647293412799
1928	225.88739595548054	3.7880147139477605
1929	225.8865627589032	3.787378133714183
1930	225.88572721356442	3.78673754594365
1931	225.88488930870906	3.786092943867745
1932	225.88404903358207	3.7854443207180513
1933	225.8832063774284	3.78479166972615
1934	225.8823613294929	3.7841349841236247
1935	225.8815138790206	3.783474257142058
1936	225.8806640152563	3.7828094820130325
1937	225.87981172744497	3.7821406519681298
1938	225.87895700483156	3.781467760238937
1939	225.87809983666097	3.7807908000570296
1940	225.87724021217807	3.780109764653995
1941	225.87637812062783	3.7794246472614175
1942	225.87551355125518	3.7787354411108756
1943	225.87464649330505	3.7780421394339543
1944	225.87377693602227	3.7773447354622367
1945	225.87290486865183	3.776643222427306
1946	225.87203028043865	3.775937593560741
1947	225.87115316062764	3.775227842094129
1948	225.87027349846375	3.7745139612590495
1949	225.86939128319182	3.7737959442870874
1950	225.86850650405682	3.7730737844098234
1951	225.86761915030368	3.772347474858843
1952	225.86672921117733	3.7716170088657277
1953	225.86583667592262	3.7708823796620567
1954	225.86494153378456	3.7701435804794206
1955	225.864043774008	3.7694006045493937
1956	225.8631433858379	3.7686534451035643
1957	225.86224035851916	3.767902095373512
1958	225.86133468129668	3.767146548590822
1959	225.8604263434154	3.766386797987076
1960	225.8595153341203	3.7656228367938533
1961	225.85860164265623	3.764854658242744
1962	225.85768525826808	3.7640822555653246
1963	225.85676617020084	3.7633056219931804
1964	225.8558443676994	3.7625247507578923
1965	225.8549198400087	3.7617396350910473
1966	225.85399257637363	3.7609502682242226
1967	225.85306256603909	3.7601566433890037
1968	225.85212979825005	3.7593587538169744
1969	225.85119426225145	3.7585565927397155
1970	225.85025594728813	3.757750153388808
1971	225.84931484260505	3.7569394289958393
1972	225.84837093744713	3.7561244127923907
1973	225.84742422105927	3.7553050980100413
1974	225.84647468268648	3.754481477880379
1975	225.84552231157355	3.7536535456349833
