0.0	248.66614612581992	4.0
1.0	248.66733590167908	4.0
2.0	248.66852327558914	4.0
3.0	248.66970824958756	4.0
4.0	248.67089082571195	4.0
5.0	248.67207100599975	4.0
6.0	248.6732487924885	4.0
7.0	248.67442418721572	4.0
8.0	248.67559719221893	4.0
9.0	248.67676780953562	4.0
10.0	248.67793604120334	4.0
11.0	248.67910188925958	4.0
12.0	248.6802653557419	4.0
13.0	248.68142644268778	4.0
14.0	248.68258515213475	4.0
15.0	248.68374148612028	4.0
16.0	248.68489544668196	4.0
17.0	248.68604703585726	4.0
18.0	248.68719625568372	4.0
19.0	248.68834310819884	4.0
20.0	248.68948759544014	4.0
21.0	248.69062971944513	4.0
22.0	248.69176948225132	4.0
23.0	248.69290688589626	4.0
24.0	248.69404193241743	4.0
25.0	248.69517462385235	4.0
26.0	248.69630496223857	4.0
27.0	248.69743294961359	4.0
28.0	248.6985585880149	4.0
29.0	248.69968187948004	4.0
30.0	248.70080282604653	4.0
31.0	248.70192142975188	4.0
32.0	248.70303769263361	4.0
33.0	248.70415161672923	4.0
34.0	248.70526320407626	4.0
35.0	248.70637245671222	4.0
36.0	248.7074793766746	4.0
37.0	248.70858396600096	4.0
38.0	248.7096862267288	4.0
39.0	248.7107861608956	4.0
40.0	248.71188377053892	4.0
41.0	248.71297905769626	4.0
42.0	248.7140720244051	4.0
43.0	248.71516267270306	4.0
44.0	248.71625100462757	4.0
45.0	248.71733702221616	4.0
46.0	248.71842072750636	4.0
47.0	248.71950212253566	4.0
48.0	248.72058120934162	4.0
49.0	248.72165798996173	4.0
50.0	248.7227324664335	4.0
51.0	248.72380464079447	4.0
52.0	248.72487451508212	4.0
53.0	248.72594209133402	4.0
54.0	248.72700737158763	4.0
55.0	248.7280703578805	4.0
56.0	248.72913105225012	4.0
57.0	248.73018945673405	4.0
58.0	248.73124557336973	4.0
59.0	248.73229940419478	4.0
60.0	248.73335095124662	4.0
61.0	248.73440021656285	4.0
62.0	248.73544720218092	4.0
63.0	248.73649191013837	4.0
64.0	248.73753434247274	4.0
65.0	248.7385745012215	4.0
66.0	248.7396123884222	4.0
67.0	248.74064800611234	4.0
68.0	248.74168135632945	4.0
69.0	248.74271244111102	4.0
70.0	248.7437412624946	4.0
71.0	248.7447678225177	4.0
72.0	248.74579212321783	4.0
73.0	248.74681416663248	4.0
74.0	248.7478339547992	4.0
75.0	248.74885148975548	4.0
76.0	248.74986677353886	4.0
77.0	248.75087980818685	4.0
78.0	248.751890595737	4.0
79.0	248.75289913822675	4.0
80.0	248.75390543769367	4.0
81.0	248.7549094961753	4.0
82.0	248.75591131570906	4.0
83.0	248.75691089833256	4.0
84.0	248.75790824608328	4.0
85.0	248.75890336099874	4.0
86.0	248.75989624511647	4.0
87.0	248.76088690047393	4.0
88.0	248.76187532910873	4.0
89.0	248.7628615330583	4.0
90.0	248.7638455143602	4.0
91.0	248.7648272750519	4.0
92.0	248.765806817171	4.0
93.0	248.76678414275497	4.0
94.0	248.76775925384132	4.0
95.0	248.76873215246755	4.0
96.0	248.76970284067121	4.0
97.0	248.77067132048984	4.0
98.0	248.7716375939609	4.0
99.0	248.7726016631219	4.0
100.0	248.77356353001042	4.0
101.0	248.77452319666392	4.0
102.0	248.77548066511994	4.0
103.0	248.77643593741598	4.0
104.0	248.7773890155896	4.0
105.0	248.77833990167827	4.0
106.0	248.7792885977195	4.0
107.0	248.78023510575082	4.0
108.0	248.7811794278098	4.0
109.0	248.7821215659339	4.0
110.0	248.78306152216064	4.0
111.0	248.78399929852753	4.0
112.0	248.7849348970721	4.0
113.0	248.78586831983188	4.0
114.0	248.78679956884437	4.0
115.0	248.7877286461471	4.0
116.0	248.78865555377755	4.0
117.0	248.78958029377327	4.0
118.0	248.79050286817179	4.0
119.0	248.79142327901056	4.0
120.0	248.79234152832717	4.0
121.0	248.7932576181591	4.0
122.0	248.79417155054387	4.0
123.0	248.795083327519	4.0
124.0	248.79599295112197	4.0
125.0	248.79690042339038	4.0
126.0	248.7978057463617	4.0
127.0	248.79870892207342	4.0
128.0	248.7996099525631	4.0
129.0	248.8005088398682	4.0
130.0	248.8014055860263	4.0
131.0	248.80230019307487	4.0
132.0	248.80319266305148	4.0
133.0	248.8040829979936	4.0
134.0	248.80497119993873	4.0
135.0	248.80585727092443	4.0
136.0	248.80674121298821	4.0
137.0	248.80762302816757	4.0
138.0	248.80850271850005	4.0
139.0	248.80938028602313	4.0
140.0	248.81025573277432	4.0
141.0	248.8111290607912	4.0
142.0	248.81200027211122	4.0
143.0	248.81286936877194	4.0
144.0	248.81373635281088	4.0
145.0	248.81460122626552	4.0
146.0	248.8154639911734	4.0
147.0	248.816324649572	4.0
148.0	248.8171832034989	4.0
149.0	248.8180396549916	4.0
150.0	248.81889400608756	4.0
151.0	248.81974625882435	4.0
152.0	248.82059641523946	4.0
153.0	248.82144447737042	4.0
154.0	248.82229044725474	4.0
155.0	248.82313432692996	4.0
156.0	248.82397611843356	4.0
157.0	248.82481582380305	4.0
158.0	248.825653445076	4.0
159.0	248.8264889842899	4.0
160.0	248.82732244348225	4.0
161.0	248.8281538246906	4.0
162.0	248.8289831299524	4.0
163.0	248.82981036130525	4.0
164.0	248.83063552078661	4.0
165.0	248.83145861043403	4.0
166.0	248.83227963228498	4.0
167.0	248.83309858837703	4.0
168.0	248.83391548074766	4.0
169.0	248.8347303114344	4.0
170.0	248.83554308247477	4.0
171.0	248.83635379590626	4.0
172.0	248.83716245376644	4.0
173.0	248.83796905809274	4.0
174.0	248.83877361092277	4.0
175.0	248.839576114294	4.0
176.0	248.84037657024396	4.0
177.0	248.84117498081014	4.0
178.0	248.84197134803009	4.0
179.0	248.84276567394133	4.0
180.0	248.84355796058134	4.0
181.0	248.84434820998763	4.0
182.0	248.84513642419776	4.0
183.0	248.84592260524923	4.0
184.0	248.84670675517955	4.0
185.0	248.84748887602623	4.0
186.0	248.84826896982682	4.0
187.0	248.84904703861878	4.0
188.0	248.8498230844397	4.0
189.0	248.85059710932697	4.0
190.0	248.85136911531825	4.0
191.0	248.852139104451	4.0
192.0	248.85290707876274	4.0
193.0	248.85367304029097	4.0
194.0	248.85443699107321	4.0
195.0	248.85519893314697	4.0
196.0	248.8559588685498	4.0
197.0	248.85671679931917	4.0
198.0	248.85747272749265	4.0
199.0	248.85822665510773	4.0
200.0	248.8589785842019	4.0
201.0	248.8597285168127	4.0
202.0	248.86047645497766	4.0
203.0	248.86122240073428	4.0
204.0	248.86196635612006	4.0
205.0	248.86270832317254	4.0
206.0	248.86344830392923	4.0
207.0	248.86418630042766	4.0
208.0	248.86492231470532	4.0
209.0	248.86565634879975	4.0
210.0	248.86638840474845	4.0
211.0	248.86711848458896	4.0
212.0	248.86784659035877	4.0
213.0	248.8685727240954	4.0
214.0	248.86929688783638	4.0
215.0	248.8700190836192	4.0
216.0	248.87073931348144	4.0
217.0	248.87145757946053	4.0
218.0	248.87217388359403	4.0
219.0	248.87288822791945	4.0
220.0	248.87360061447433	4.0
221.0	248.87431104529614	4.0
222.0	248.8750195224224	4.0
223.0	248.87572604789068	4.0
224.0	248.8764306237385	4.0
225.0	248.8771332520033	4.0
226.0	248.87783393472264	4.0
227.0	248.87853267393402	4.0
228.0	248.879229471675	4.0
229.0	248.87992432998306	4.0
230.0	248.8806172508957	4.0
231.0	248.88130823645048	4.0
232.0	248.8819972886849	4.0
233.0	248.88268440963645	4.0
234.0	248.88336960134268	4.0
235.0	248.88405286584108	4.0
236.0	248.8847342051692	4.0
237.0	248.88541362136453	4.0
238.0	248.8860911164646	4.0
239.0	248.88676669250688	4.0
240.0	248.88744035152894	4.0
241.0	248.8881120955683	4.0
242.0	248.88878192666246	4.0
243.0	248.88944984684892	4.0
244.0	248.89011585816522	4.0
245.0	248.89077996264888	4.0
246.0	248.89144216233737	4.0
247.0	248.89210245926827	4.0
248.0	248.89276085547905	4.0
249.0	248.89341735300724	4.0
250.0	248.89407195389035	4.0
251.0	248.89472466016593	4.0
252.0	248.89537547387144	4.0
253.0	248.89602439704444	4.0
254.0	248.89667143172247	4.0
255.0	248.89731657994292	4.0
256.0	248.89795984374348	4.0
257.0	248.89860122516154	4.0
258.0	248.89924072623467	4.0
259.0	248.89987834900037	4.0
260.0	248.9005140954962	4.0
261.0	248.90114796775958	4.0
262.0	248.90177996782813	4.0
263.0	248.9024100977393	4.0
264.0	248.90303835953063	4.0
265.0	248.90366475523962	4.0
266.0	248.9042892869038	4.0
267.0	248.9049119565607	4.0
268.0	248.90553276624783	4.0
269.0	248.90615171800266	4.0
270.0	248.90676881386278	4.0
271.0	248.90738405586563	4.0
272.0	248.9079974460488	4.0
273.0	248.90860898644976	4.0
274.0	248.90921867910603	4.0
275.0	248.90982652605516	4.0
276.0	248.91043252933463	4.0
277.0	248.91103669098197	4.0
278.0	248.91163901303472	4.0
279.0	248.91223949753032	4.0
280.0	248.91283814650637	4.0
281.0	248.91343496200037	4.0
282.0	248.9140299460498	4.0
283.0	248.91462310069218	4.0
284.0	248.91521442796505	4.0
285.0	248.91580392990593	4.0
286.0	248.91639160855232	4.0
287.0	248.91697746594173	4.0
288.0	248.91756150411166	4.0
289.0	248.9181437250997	4.0
290.0	248.9187241309433	4.0
291.0	248.91930272368	4.0
292.0	248.91987950534732	4.0
293.0	248.9204544779828	4.0
294.0	248.92102764362386	4.0
295.0	248.92159900430812	4.0
296.0	248.92216856207307	4.0
297.0	248.9227363189562	4.0
298.0	248.92330227699503	4.0
299.0	248.9238664382271	4.0
300.0	248.92442880468988	4.0
301.0	248.92498937842095	4.0
302.0	248.92554816145778	4.0
303.0	248.92610515583792	4.0
304.0	248.92666036359884	4.0
305.0	248.9272137867781	4.0
306.0	248.92776542741322	4.0
307.0	248.92831528754166	4.0
308.0	248.928863369201	4.0
309.0	248.92940967442874	4.0
310.0	248.92995420526236	4.0
311.0	248.93049696373942	4.0
312.0	248.9310379518974	4.0
313.0	248.93157717177385	4.0
314.0	248.93211462540626	4.0
315.0	248.9326503148322	4.0
316.0	248.93318424208908	4.0
317.0	248.9337164092145	4.0
318.0	248.93424681824598	4.0
319.0	248.934775471221	4.0
320.0	248.93530237017708	4.0
321.0	248.93582751715172	4.0
322.0	248.9363509141825	4.0
323.0	248.93687256330688	4.0
324.0	248.93739246656241	4.0
325.0	248.93791062598658	4.0
326.0	248.9384270436169	4.0
327.0	248.93894172149095	4.0
328.0	248.93945466164618	4.0
329.0	248.9399658661201	4.0
330.0	248.94047533695027	4.0
331.0	248.9409830761742	4.0
332.0	248.94148908582937	4.0
333.0	248.94199336795333	4.0
334.0	248.9424959245836	4.0
335.0	248.94299675775767	4.0
336.0	248.94349586951307	4.0
337.0	248.9439932618873	4.0
338.0	248.9444889369179	4.0
339.0	248.94498289664241	4.0
340.0	248.9454751430983	4.0
341.0	248.9459656783231	4.0
342.0	248.9464545043543	4.0
343.0	248.94694162322946	4.0
344.0	248.94742703698608	4.0
345.0	248.9479107476617	4.0
346.0	248.9483927572938	4.0
347.0	248.9488730679199	4.0
348.0	248.94935168157753	4.0
349.0	248.9498286003042	4.0
350.0	248.95030382613743	4.0
351.0	248.95077736111472	4.0
352.0	248.9512492072736	4.0
353.0	248.9517193666516	4.0
354.0	248.95218784128622	4.0
355.0	248.95265463321496	4.0
356.0	248.95311974447537	4.0
357.0	248.95358317710497	4.0
358.0	248.95404493314126	4.0
359.0	248.95450501462173	4.0
360.0	248.95496342358393	4.0
361.0	248.95542016206537	4.0
362.0	248.95587523210355	4.0
363.0	248.956328635736	4.0
364.0	248.95678037500028	4.0
365.0	248.9572304519338	4.0
366.0	248.9576788685742	4.0
367.0	248.9581256269589	4.0
368.0	248.95857072912543	4.0
369.0	248.95901417711136	4.0
370.0	248.95945597295412	4.0
371.0	248.95989611869135	4.0
372.0	248.96033461636046	4.0
373.0	248.960771467999	4.0
374.0	248.96120667564452	4.0
375.0	248.96164024133446	4.0
376.0	248.9620721671064	4.0
377.0	248.96250245499786	4.0
378.0	248.96293110704633	4.0
379.0	248.96335812528932	4.0
380.0	248.96378351176435	4.0
381.0	248.96420726850894	4.0
382.0	248.96462939756063	4.0
383.0	248.9650499009569	4.0
384.0	248.96546878073528	4.0
385.0	248.9658860389333	4.0
386.0	248.96630167758843	4.0
387.0	248.96671569873823	4.0
388.0	248.96712810442023	4.0
389.0	248.96753889667193	4.0
390.0	248.96794807753082	4.0
391.0	248.96835564903444	4.0
392.0	248.9687616132203	4.0
393.0	248.96916597212592	4.0
394.0	248.96956872778884	4.0
395.0	248.96996988224652	4.0
396.0	248.9703694375365	4.0
397.0	248.97076739569633	4.0
398.0	248.9711637587635	4.0
399.0	248.97155852877552	4.0
400.0	248.9719517077699	4.0
401.0	248.9723432977842	4.0
402.0	248.97273330085585	4.0
403.0	248.97312171902243	4.0
404.0	248.97350855432148	4.0
405.0	248.97389380879048	4.0
406.0	248.97427748446694	4.0
407.0	248.9746595833884	4.0
408.0	248.97504010759235	4.0
409.0	248.97541905911632	4.0
410.0	248.97579643999782	4.0
411.0	248.97617225227438	4.0
412.0	248.97654649798352	4.0
413.0	248.97691917916273	4.0
414.0	248.97729029784955	4.0
415.0	248.9776598560815	4.0
416.0	248.97802785589604	4.0
417.0	248.97839429933074	4.0
418.0	248.97875918842314	4.0
419.0	248.97912252521067	4.0
420.0	248.97948431173091	4.0
421.0	248.9798445500214	4.0
422.0	248.98020324211961	4.0
423.0	248.98056039006306	4.0
424.0	248.9809159958893	4.0
425.0	248.98127006163577	4.0
426.0	248.98162258934008	4.0
427.0	248.98197358103968	4.0
428.0	248.9823230387721	4.0
429.0	248.98267096457488	4.0
430.0	248.98301736048552	4.0
431.0	248.98336222854155	4.0
432.0	248.98370557078044	4.0
433.0	248.98404738923978	4.0
434.0	248.98438768595702	4.0
435.0	248.98472646296972	4.0
436.0	248.98506372231535	4.0
437.0	248.98539946603145	4.0
438.0	248.98573369615556	4.0
439.0	248.9860664147252	4.0
440.0	248.98639762377786	4.0
441.0	248.98672732535104	4.0
442.0	248.9870555214823	4.0
443.0	248.9873822142091	4.0
444.0	248.987707405569	4.0
445.0	248.98803109759953	4.0
446.0	248.98835329233816	4.0
447.0	248.98867399182245	4.0
448.0	248.98899319808987	4.0
449.0	248.98931091317797	4.0
450.0	248.98962713912425	4.0
451.0	248.98994187796626	4.0
452.0	248.99025513174143	4.0
453.0	248.9905669024874	4.0
454.0	248.99087719224158	4.0
455.0	248.99118600304155	4.0
456.0	248.9914933369248	4.0
457.0	248.99179919592885	4.0
458.0	248.99210358209123	4.0
459.0	248.99240649744945	4.0
460.0	248.992707944041	4.0
461.0	248.99300792390343	4.0
462.0	248.99330643907422	4.0
463.0	248.99360349159093	4.0
464.0	248.99389908349104	4.0
465.0	248.9941932168121	4.0
466.0	248.99448589359162	4.0
467.0	248.99477711586707	4.0
468.0	248.99506688567598	4.0
469.0	248.99535520505592	4.0
470.0	248.9956420760444	4.0
471.0	248.99592750067887	4.0
472.0	248.9962114809969	4.0
473.0	248.996494019036	4.0
474.0	248.99677511683365	4.0
475.0	248.99705477642743	4.0
476.0	248.9973329998548	4.0
477.0	248.9976097891533	4.0
478.0	248.99788514636046	4.0
479.0	248.99815907351376	4.0
480.0	248.99843157265073	4.0
481.0	248.99870264580892	4.0
482.0	248.9989722950258	4.0
483.0	248.9992405223389	4.0
484.0	248.99950732978576	4.0
485.0	248.99977271940384	4.0
486.0	249.00003669323073	4.0
487.0	249.0002992533039	4.0
488.0	249.00056040166086	4.0
489.0	249.00082014033916	4.0
490.0	249.0010784713763	4.0
491.0	249.0013353968098	4.0
492.0	249.00159091867718	4.0
493.0	249.00184503901593	4.0
494.0	249.00209775986357	4.0
495.0	249.00234908325766	4.0
496.0	249.00259901123567	4.0
497.0	249.00284754583515	4.0
498.0	249.0030946890936	4.0
499.0	249.0033404430485	4.0
500.0	249.00358480973745	4.0
501.0	249.00382779119786	4.0
502.0	249.00406938946733	4.0
503.0	249.00430960658338	4.0
504.0	249.00454844458346	4.0
505.0	249.00478590550514	4.0
506.0	249.00502199138592	4.0
507.0	249.00525670426333	4.0
508.0	249.00549004617486	4.0
509.0	249.00572201915804	4.0
510.0	249.0059526252504	4.0
511.0	249.00618186648938	4.0
512.0	249.00640974491262	4.0
513.0	249.00663626255755	4.0
514.0	249.00686142146174	4.0
515.0	249.00708522366264	4.0
516.0	249.00730767119782	4.0
517.0	249.00752876610477	4.0
518.0	249.00774851042098	4.0
519.0	249.00796690618404	4.0
520.0	249.00818395543143	4.0
521.0	249.00839966020067	4.0
522.0	249.00861402252926	4.0
523.0	249.00882704445473	4.0
524.0	249.0090387280146	4.0
525.0	249.00924907524637	4.0
526.0	249.00945808818756	4.0
527.0	249.00966576887572	4.0
528.0	249.0098721193483	4.0
529.0	249.01007714164288	4.0
530.0	249.01028083779696	4.0
531.0	249.01048320984802	4.0
532.0	249.0106842598336	4.0
533.0	249.01088398979124	4.0
534.0	249.01108240175842	4.0
535.0	249.01127949777268	4.0
536.0	249.01147527987152	4.0
537.0	249.01166975009247	4.0
538.0	249.01186291047307	4.0
539.0	249.01205476305077	4.0
540.0	249.01224530986315	4.0
541.0	249.01243455294767	4.0
542.0	249.0126224943419	4.0
543.0	249.01280913608335	4.0
544.0	249.01299448020947	4.0
545.0	249.01317852875786	4.0
546.0	249.013361283766	4.0
547.0	249.0135427472714	4.0
548.0	249.0137229213116	4.0
549.0	249.01390180792407	4.0
550.0	249.01407940914635	4.0
551.0	249.01425572701598	4.0
552.0	249.0144307635705	4.0
553.0	249.0146045208473	4.0
554.0	249.01477700088407	4.0
555.0	249.01494820571818	4.0
556.0	249.01511813738725	4.0
557.0	249.01528679792872	4.0
558.0	249.01545418938014	4.0
559.0	249.01562031377904	4.0
560.0	249.0157851731629	4.0
561.0	249.01594876956926	4.0
562.0	249.01611110503563	4.0
563.0	249.01627218159953	4.0
564.0	249.01643200129848	4.0
565.0	249.01659056617	4.0
566.0	249.01674787825158	4.0
567.0	249.01690393958074	4.0
568.0	249.01705875219503	4.0
569.0	249.01721231813195	4.0
570.0	249.01736463942902	4.0
571.0	249.01751571812375	4.0
572.0	249.01766555625363	4.0
573.0	249.01781415585623	4.0
574.0	249.01796151896903	4.0
575.0	249.01810764762953	4.0
576.0	249.0182525438753	4.0
577.0	249.01839620974383	4.0
578.0	249.0185386472726	4.0
579.0	249.01867985849918	4.0
580.0	249.01881984546108	4.0
581.0	249.01895861019577	4.0
582.0	249.01909615474082	4.0
583.0	249.01923248113368	4.0
584.0	249.01936759141196	4.0
585.0	249.01950148761313	4.0
586.0	249.01963417177467	4.0
587.0	249.01976564593417	4.0
588.0	249.01989591212907	4.0
589.0	249.02002497239695	4.0
590.0	249.02015282877528	4.0
591.0	249.0202794833016	4.0
592.0	249.02040493801343	4.0
593.0	249.02052919494827	4.0
594.0	249.02065225614365	4.0
595.0	249.02077412363707	4.0
596.0	249.02089479946605	4.0
597.0	249.02101428566814	4.0
598.0	249.02113258428082	4.0
599.0	249.0212496973416	4.0
600.0	249.02136562688798	4.0
601.0	249.02148037495755	4.0
602.0	249.0215939435878	4.0
603.0	249.0217063348162	4.0
604.0	249.0218175506803	4.0
605.0	249.02192759321764	4.0
606.0	249.02203646446569	4.0
607.0	249.02214416646197	4.0
608.0	249.02225070124405	4.0
609.0	249.02235607084938	4.0
610.0	249.0224602773155	4.0
611.0	249.02256332267996	4.0
612.0	249.02266520898021	4.0
613.0	249.02276593825383	4.0
614.0	249.02286551253832	4.0
615.0	249.02296393387115	4.0
616.0	249.02306120428986	4.0
617.0	249.02315732583202	4.0
618.0	249.0232523005351	4.0
619.0	249.0233461304366	4.0
620.0	249.0234388175741	4.0
621.0	249.02353036398503	4.0
622.0	249.02362077170696	4.0
623.0	249.0237100427774	4.0
624.0	249.02379817923386	4.0
625.0	249.02388518311386	4.0
626.0	249.02397105645494	4.0
627.0	249.02405580129457	4.0
628.0	249.0241394196703	4.0
629.0	249.0242219136196	4.0
630.0	249.02430328518005	4.0
631.0	249.02438353638914	4.0
632.0	249.02446266928433	4.0
633.0	249.02454068590325	4.0
634.0	249.02461758828332	4.0
635.0	249.02469337846213	4.0
636.0	249.02476805847712	4.0
637.0	249.02484163036587	4.0
638.0	249.02491409616587	4.0
639.0	249.02498545791462	4.0
640.0	249.02505571764968	4.0
641.0	249.02512487740853	4.0
642.0	249.02519293922867	4.0
643.0	249.02525990514766	4.0
644.0	249.02532577720302	4.0
645.0	249.02539055743222	4.0
646.0	249.0254542478728	4.0
647.0	249.0255168505623	4.0
648.0	249.02557836753817	4.0
649.0	249.02563880083798	4.0
650.0	249.02569815249927	4.0
651.0	249.0257564245595	4.0
652.0	249.0258136190562	4.0
653.0	249.02586973802693	4.0
654.0	249.02592478350914	4.0
655.0	249.0259787575404	4.0
656.0	249.0260316621582	4.0
657.0	249.02608349940004	4.0
658.0	249.02613427130348	4.0
659.0	249.026183979906	4.0
660.0	249.02623262724515	4.0
661.0	249.0262802153584	4.0
662.0	249.0263267462833	4.0
663.0	249.02637222205735	4.0
664.0	249.0264166447181	4.0
665.0	249.026460016303	4.0
666.0	249.0265023388496	4.0
667.0	249.02654361439548	4.0
668.0	249.02658384497806	4.0
669.0	249.02662303263492	4.0
670.0	249.02666117940356	4.0
671.0	249.02669828732147	4.0
672.0	249.02673435842618	4.0
673.0	249.0267693947552	4.0
674.0	249.0268033983461	4.0
675.0	249.02683637123633	4.0
676.0	249.02686831546342	4.0
677.0	249.0268992330649	4.0
678.0	249.0269291260783	4.0
679.0	249.02695799654109	4.0
680.0	249.02698584649085	4.0
681.0	249.02701267796502	4.0
682.0	249.02703849300116	4.0
683.0	249.02706329363681	4.0
684.0	249.02708708190946	4.0
685.0	249.0271098598566	4.0
686.0	249.02713162951582	4.0
687.0	249.02715239292456	4.0
688.0	249.02717215212036	4.0
689.0	249.02719090914076	4.0
690.0	249.02720866602326	4.0
691.0	249.02722542480535	4.0
692.0	249.0272411875246	4.0
693.0	249.02725595621848	4.0
694.0	249.0272697329245	4.0
695.0	249.02728251968026	4.0
696.0	249.02729431852316	4.0
697.0	249.0273051314908	4.0
698.0	249.02731496062063	4.0
699.0	249.02732380795024	4.0
700.0	249.0273316755171	4.0
701.0	249.02733856535875	4.0
702.0	249.0273444795127	4.0
703.0	249.02734942001644	4.0
704.0	249.02735338890753	4.0
705.0	249.02735638822344	4.0
706.0	249.02735842000172	4.0
707.0	249.02735948627986	4.0
708.0	249.0273595890954	4.0
709.0	249.02735873048587	4.0
710.0	249.02735691248873	4.0
711.0	249.02735413714154	4.0
712.0	249.02735040648182	4.0
713.0	249.02734572254707	4.0
714.0	249.02734008737477	4.0
715.0	249.02733350300252	4.0
716.0	249.02732597146777	4.0
717.0	249.02731749480807	4.0
718.0	249.02730807506094	4.0
719.0	249.02729771426385	4.0
720.0	249.02728641445438	4.0
721.0	249.02727417767	4.0
722.0	249.02726100594822	4.0
723.0	249.02724690132658	4.0
724.0	249.02723186584262	4.0
725.0	249.0272159015338	4.0
726.0	249.02719901043767	4.0
727.0	249.02718119459175	4.0
728.0	249.02716245603355	4.0
729.0	249.02714279680058	4.0
730.0	249.02712221893037	4.0
731.0	249.02710072446038	4.0
732.0	249.0270783154282	4.0
733.0	249.02705499387133	4.0
734.0	249.02703076182726	4.0
735.0	249.02700562133356	4.0
736.0	249.02697957442766	4.0
737.0	249.02695262314714	4.0
738.0	249.02692476952953	4.0
739.0	249.02689601561227	4.0
740.0	249.02686636343296	4.0
741.0	249.02683581502905	4.0
742.0	249.0268043724381	4.0
743.0	249.0267720376976	4.0
744.0	249.0267388128451	4.0
745.0	249.0267046999181	4.0
746.0	249.02666970095407	4.0
747.0	249.0266338179906	4.0
748.0	249.02659705306513	4.0
749.0	249.02655940821526	4.0
750.0	249.02652088547848	4.0
751.0	249.02648148689227	4.0
752.0	249.02644121449416	4.0
753.0	249.0264000703217	4.0
754.0	249.02635805641236	4.0
755.0	249.02631517480367	4.0
756.0	249.02627142753317	4.0
757.0	249.02622681663837	4.0
758.0	249.02618134415675	4.0
759.0	249.02613501212588	4.0
760.0	249.02608782258324	4.0
761.0	249.02603977756635	4.0
762.0	249.02599087911273	4.0
763.0	249.0259411292599	4.0
764.0	249.02589053004533	4.0
765.0	249.02583908350664	4.0
766.0	249.02578679168127	4.0
767.0	249.02573365660675	4.0
768.0	249.0256796803206	4.0
769.0	249.02562486486033	4.0
770.0	249.0255692122635	4.0
771.0	249.02551272456753	4.0
772.0	249.02545540381004	4.0
773.0	249.02539725202848	4.0
774.0	249.02533827126038	4.0
775.0	249.0252784635433	4.0
776.0	249.02521783091467	4.0
777.0	249.02515637541208	4.0
778.0	249.02509409907302	4.0
779.0	249.025031003935	4.0
780.0	249.02496709203552	4.0
781.0	249.02490236541217	4.0
782.0	249.02483682610242	4.0
783.0	249.02477047614374	4.0
784.0	249.0247033175737	4.0
785.0	249.02463535242984	4.0
786.0	249.02456658274963	4.0
787.0	249.0244970105706	4.0
788.0	249.02442663793025	4.0
789.0	249.02435546686613	4.0
790.0	249.02428349941573	4.0
791.0	249.02421073761656	4.0
792.0	249.02413718350616	4.0
793.0	249.02406283912205	4.0
794.0	249.0239877065017	4.0
795.0	249.0239117876827	4.0
796.0	249.02383508470248	4.0
797.0	249.02375759959864	4.0
798.0	249.02367933440863	4.0
799.0	249.02360029117	4.0
800.0	249.02352047192028	4.0
801.0	249.02343987869696	4.0
802.0	249.02335851353757	4.0
803.0	249.0232763784796	4.0
804.0	249.0231934755606	4.0
805.0	249.02310980681807	4.0
806.0	249.02302537428952	4.0
807.0	249.02294018001248	4.0
808.0	249.02285422602446	4.0
809.0	249.02276751436298	4.0
810.0	249.02268004706556	4.0
811.0	249.0225918261697	4.0
812.0	249.02250285371295	4.0
813.0	249.02241313173275	4.0
814.0	249.0223226622667	4.0
815.0	249.02223144735228	4.0
816.0	249.022139489027	4.0
817.0	249.02204678932844	4.0
818.0	249.021953350294	4.0
819.0	249.0218591739613	4.0
820.0	249.0217642623678	4.0
821.0	249.02166861755106	4.0
822.0	249.02157224154854	4.0
823.0	249.0214751363978	4.0
824.0	249.02137730413634	4.0
825.0	249.02127874680167	4.0
826.0	249.0211794664313	4.0
827.0	249.0210794650628	4.0
828.0	249.0209787447336	4.0
829.0	249.02087730748127	4.0
830.0	249.02077515534336	4.0
831.0	249.0206722903573	4.0
832.0	249.02056871456068	4.0
833.0	249.020464429991	4.0
834.0	249.02035943868574	4.0
835.0	249.02025374268246	4.0
836.0	249.02014734401865	4.0
837.0	249.02004024473183	4.0
838.0	249.0199324468595	4.0
839.0	249.01982395243922	4.0
840.0	249.0197147635085	4.0
841.0	249.0196048821048	4.0
842.0	249.0194943102657	4.0
843.0	249.0193830500287	4.0
844.0	249.0192711034313	4.0
845.0	249.019158472511	4.0
846.0	249.01904515930534	4.0
847.0	249.01893116585185	4.0
848.0	249.01881649418803	4.0
849.0	249.01870114635142	4.0
850.0	249.01858512437948	4.0
851.0	249.01846843030978	4.0
852.0	249.01835106617983	4.0
853.0	249.01823303402713	4.0
854.0	249.01811433588918	4.0
855.0	249.01799497380355	4.0
856.0	249.0178749498077	4.0
857.0	249.01775426593917	4.0
858.0	249.0176329242355	4.0
859.0	249.01751092673416	4.0
860.0	249.01738827547268	4.0
861.0	249.0172649724886	4.0
862.0	249.01714101981938	4.0
863.0	249.01701641950262	4.0
864.0	249.0168911735758	4.0
865.0	249.0167652840764	4.0
866.0	249.016638753042	4.0
867.0	249.01651158251005	4.0
868.0	249.01638377451812	4.0
869.0	249.0162553311037	4.0
870.0	249.0161262543043	4.0
871.0	249.01599654615748	4.0
872.0	249.01586620870071	4.0
873.0	249.0157352439715	4.0
874.0	249.0156036540074	4.0
875.0	249.01547144084591	4.0
876.0	249.01533860652455	4.0
877.0	249.01520515308084	4.0
878.0	249.01507108255228	4.0
879.0	249.0149363969764	4.0
880.0	249.0148010983907	4.0
881.0	249.01466518883274	4.0
882.0	249.01452867034	4.0
883.0	249.01439154495	4.0
884.0	249.01425381470028	4.0
885.0	249.01411548162832	4.0
886.0	249.01397654777165	4.0
887.0	249.01383701516778	4.0
888.0	249.01369688585424	4.0
889.0	249.01355616186854	4.0
890.0	249.0134148452482	4.0
891.0	249.01327293803075	4.0
892.0	249.01313044225367	4.0
893.0	249.0129873599545	4.0
894.0	249.01284369317074	4.0
895.0	249.0126994439399	4.0
896.0	249.01255461429955	4.0
897.0	249.01240920628717	4.0
898.0	249.0122632219403	4.0
899.0	249.01211666329638	4.0
900.0	249.011969532393	4.0
901.0	249.0118218312677	4.0
902.0	249.0116735619579	4.0
903.0	249.0115247265012	4.0
904.0	249.01137532693508	4.0
905.0	249.01122536529704	4.0
906.0	249.01107484362464	4.0
907.0	249.01092376395536	4.0
908.0	249.01077212832675	4.0
909.0	249.01061993877627	4.0
910.0	249.0104671973415	4.0
911.0	249.0103139060599	4.0
912.0	249.01016006696906	4.0
913.0	249.01000568210642	4.0
914.0	249.00985075350957	4.0
915.0	249.00969528321593	4.0
916.0	249.0095392732631	4.0
917.0	249.00938272568857	4.0
918.0	249.00922564252986	4.0
919.0	249.00906802582446	4.0
920.0	249.00890987760994	4.0
921.0	249.00875119992375	4.0
922.0	249.00859199480345	4.0
923.0	249.00843226428654	4.0
924.0	249.00827201041054	4.0
925.0	249.00811123521297	4.0
926.0	249.00794994073135	4.0
927.0	249.0077881290032	4.0
928.0	249.00762580206597	4.0
929.0	249.00746296195726	4.0
930.0	249.00729961071457	4.0
931.0	249.00713575037543	4.0
932.0	249.0069713829773	4.0
933.0	249.00680651055774	4.0
934.0	249.00664113515424	4.0
935.0	249.00647525880436	4.0
936.0	249.00630888354556	4.0
937.0	249.0061420114154	4.0
938.0	249.00597464445136	4.0
939.0	249.005806784691	4.0
940.0	249.0056384341718	4.0
941.0	249.0054695949313	4.0
942.0	249.005300269007	4.0
943.0	249.00513045843638	4.0
944.0	249.00496016525702	4.0
945.0	249.00478939150642	4.0
946.0	249.0046181392221	4.0
947.0	249.00444641044157	4.0
948.0	249.00427420720231	4.0
949.0	249.0041015315419	4.0
950.0	249.00392838549783	4.0
951.0	249.0037547711076	4.0
952.0	249.00358069040874	4.0
953.0	249.00340614543876	4.0
954.0	249.00323113823518	4.0
955.0	249.0030556708355	4.0
956.0	249.00287974527728	4.0
957.0	249.002703363598	4.0
958.0	249.0025265278352	4.0
959.0	249.00234924002635	4.0
960.0	249.00217150220897	4.0
961.0	249.00199331642065	4.0
962.0	249.00181468469887	4.0
963.0	249.00163560908112	4.0
964.0	249.00145609160492	4.0
965.0	249.00127613430783	4.0
966.0	249.0010957392273	4.0
967.0	249.00091490840092	4.0
968.0	249.00073364386617	4.0
969.0	249.00055194766054	4.0
970.0	249.00036982182158	4.0
971.0	249.00018726838678	4.0
972.0	249.0000042893937	4.0
973.0	248.99982088687983	4.0
974.0	248.99963706288267	4.0
975.0	248.99945281943977	4.0
976.0	248.9992681585886	4.0
977.0	248.9990830823667	4.0
978.0	248.9988975928116	4.0
979.0	248.99871169196084	4.0
980.0	248.99852538185186	4.0
981.0	248.99833866452227	4.0
982.0	248.9981515420095	4.0
983.0	248.99796401635112	4.0
984.0	248.99777608958462	4.0
985.0	248.99758776374753	4.0
986.0	248.99739904087735	4.0
987.0	248.9972099230116	4.0
988.0	248.99702041218785	4.0
989.0	248.99683051044354	4.0
990.0	248.99664021981621	4.0
991.0	248.99644954234338	4.0
992.0	248.9962584800626	4.0
993.0	248.9960670350113	4.0
994.0	248.99587520922708	4.0
995.0	248.99568300474746	4.0
996.0	248.99549042360988	4.0
997.0	248.99529746785194	4.0
998.0	248.99510413951108	4.0
999.0	248.9949104406249	4.0
1000.0	248.99471637323083	4.0
1001.0	248.99452193936645	4.0
1002.0	248.99432714106922	4.0
1003.0	248.99413198037672	4.0
1004.0	248.99393645932642	4.0
1005.0	248.99374057995587	4.0
1006.0	248.99354434430253	4.0
1007.0	248.993347754404	4.0
1008.0	248.99315081229773	4.0
1009.0	248.99295352002125	4.0
1010.0	248.99275587961205	4.0
1011.0	248.99255789310772	4.0
1012.0	248.99235956254574	4.0
1013.0	248.9921608899636	4.0
1014.0	248.99196187739886	4.0
1015.0	248.991762526889	4.0
1016.0	248.99156284047154	4.0
1017.0	248.99136282018404	4.0
1018.0	248.99116246806398	4.0
1019.0	248.99096178614886	4.0
1020.0	248.9907607764762	4.0
1021.0	248.99055944108358	4.0
1022.0	248.99035778200843	4.0
1023.0	248.99015580128832	4.0
1024.0	248.98995350096072	4.0
1025.0	248.9897508830632	4.0
1026.0	248.98954794963325	4.0
1027.0	248.9893447027084	4.0
1028.0	248.98914114432614	4.0
1029.0	248.988937276524	4.0
1030.0	248.98873310133953	4.0
1031.0	248.9885286208102	4.0
1032.0	248.98832383697354	4.0
1033.0	248.98811875186706	4.0
1034.0	248.9879133675283	4.0
1035.0	248.98770768599476	4.0
1036.0	248.98750170930393	4.0
1037.0	248.98729543949338	4.0
1038.0	248.9870888786006	4.0
1039.0	248.98688202866308	4.0
1040.0	248.9866748917184	4.0
1041.0	248.98646746980398	4.0
1042.0	248.98625976495745	4.0
1043.0	248.9860517792162	4.0
1044.0	248.98584351461787	4.0
1045.0	248.98563497319992	4.0
1046.0	248.98542615699986	4.0
1047.0	248.98521706805525	4.0
1048.0	248.98500770840354	4.0
1049.0	248.98479808008227	4.0
1050.0	248.98458818512898	4.0
1051.0	248.98437802558118	4.0
1052.0	248.98416760347635	4.0
1053.0	248.98395692085205	4.0
1054.0	248.98374597974578	4.0
1055.0	248.98353478219505	4.0
1056.0	248.9833233302374	4.0
1057.0	248.9831116259103	4.0
1058.0	248.98289967125132	4.0
1059.0	248.9826874682979	4.0
1060.0	248.98247501908767	4.0
1061.0	248.98226232565807	4.0
1062.0	248.98204939004663	4.0
1063.0	248.98183621429084	4.0
1064.0	248.98162280042828	4.0
1065.0	248.9814091504964	4.0
1066.0	248.98119526653275	4.0
1067.0	248.98098115057485	4.0
1068.0	248.98076680466022	4.0
1069.0	248.98055223082633	4.0
1070.0	248.98033743111077	4.0
1071.0	248.980122407551	4.0
1072.0	248.97990716218453	4.0
1073.0	248.97969169704893	4.0
1074.0	248.97947601418167	4.0
1075.0	248.97926011562026	4.0
1076.0	248.97904400340227	4.0
1077.0	248.9788276795652	4.0
1078.0	248.9786111461465	4.0
1079.0	248.9783944051838	4.0
1080.0	248.9781774587145	4.0
1081.0	248.9779603087762	4.0
1082.0	248.97774295740638	4.0
1083.0	248.97752540664254	4.0
1084.0	248.97730765852225	4.0
1085.0	248.977089715083	4.0
1086.0	248.97687157836228	4.0
1087.0	248.97665325039762	4.0
1088.0	248.97643473322657	4.0
1089.0	248.9762160288866	4.0
1090.0	248.97599713941526	4.0
1091.0	248.97577806685004	4.0
1092.0	248.97555881322845	4.0
1093.0	248.97533938058803	4.0
1094.0	248.9751197709663	4.0
1095.0	248.9748999864008	4.0
1096.0	248.974680028929	4.0
1097.0	248.9744599005884	4.0
1098.0	248.97423960341658	4.0
1099.0	248.974019139451	4.0
1100.0	248.9737985107292	4.0
1101.0	248.97357771928873	4.0
1102.0	248.97335676716705	4.0
1103.0	248.9731356564017	4.0
1104.0	248.9729143890302	4.0
1105.0	248.97269296709004	4.0
1106.0	248.97247139261876	4.0
1107.0	248.9722496676539	4.0
1108.0	248.9720277942329	4.0
1109.0	248.97180577439335	4.0
1110.0	248.97158361017276	4.0
1111.0	248.97136130360863	4.0
1112.0	248.97113885673846	4.0
1113.0	248.97091627159978	4.0
1114.0	248.97069355023012	4.0
1115.0	248.97047069466697	4.0
1116.0	248.97024770694787	4.0
1117.0	248.97002458911032	4.0
1118.0	248.96980134319185	4.0
1119.0	248.96957797122997	4.0
1120.0	248.96935447526218	4.0
1121.0	248.96913085732604	4.0
1122.0	248.968907119459	4.0
1123.0	248.96868326369864	4.0
1124.0	248.96845929208243	4.0
1125.0	248.9682352066479	4.0
1126.0	248.9680110094326	4.0
1127.0	248.967786702474	4.0
1128.0	248.96756228780964	4.0
1129.0	248.96733776747706	4.0
1130.0	248.96711314351373	4.0
1131.0	248.96688841795716	4.0
1132.0	248.96666359284492	4.0
1133.0	248.9664386702145	4.0
1134.0	248.96621365210342	4.0
1135.0	248.96598854054915	4.0
1136.0	248.9657633375893	4.0
1137.0	248.96553804526127	4.0
1138.0	248.96531266560268	4.0
1139.0	248.965087200651	4.0
1140.0	248.96486165244374	4.0
1141.0	248.96463602301841	4.0
1142.0	248.96441031441256	4.0
1143.0	248.9641845286637	4.0
1144.0	248.96395866780935	4.0
1145.0	248.96373273388699	4.0
1146.0	248.96350672893416	4.0
1147.0	248.96328065498838	4.0
1148.0	248.96305451408716	4.0
1149.0	248.96282830826803	4.0
1150.0	248.96260203956848	4.0
1151.0	248.96237571002604	4.0
1152.0	248.96214932167823	4.0
1153.0	248.96192287656257	4.0
1154.0	248.96169637671656	4.0
1155.0	248.96146982417773	4.0
1156.0	248.9612432209836	4.0
1157.0	248.96101656917165	4.0
1158.0	248.96078987077942	4.0
1159.0	248.96056312784447	4.0
1160.0	248.96033634240425	4.0
1161.0	248.96010951649632	4.0
1162.0	248.95988265215817	4.0
1163.0	248.95965575142733	4.0
1164.0	248.95942881634133	4.0
1165.0	248.95920184893762	4.0
1166.0	248.95897485125383	4.0
1167.0	248.95874782532735	4.0
1168.0	248.9585207731958	4.0
1169.0	248.95829369689665	4.0
1170.0	248.95806659846738	4.0
1171.0	248.9578394799456	4.0
1172.0	248.95761234336874	4.0
1173.0	248.95738519077435	4.0
1174.0	248.9571580241999	4.0
1175.0	248.95693084568302	4.0
1176.0	248.95670365726113	4.0
1177.0	248.9564764609718	4.0
1178.0	248.9562492588525	4.0
1179.0	248.95602205294077	4.0
1180.0	248.95579484527414	4.0
1181.0	248.95556763789008	4.0
1182.0	248.95534043282615	4.0
1183.0	248.95511323211986	4.0
1184.0	248.9548860378087	4.0
1185.0	248.95465885193022	4.0
1186.0	248.95443167652192	4.0
1187.0	248.9542045136213	4.0
1188.0	248.9539773652659	4.0
1189.0	248.95375023349325	4.0
1190.0	248.9535231203408	4.0
1191.0	248.95329602784614	4.0
1192.0	248.95306895804674	4.0
1193.0	248.95284191298018	4.0
1194.0	248.9526148946839	4.0
1195.0	248.95238790519545	4.0
1196.0	248.95216094655234	4.0
1197.0	248.9519340207921	4.0
1198.0	248.95170712995224	4.0
1199.0	248.95148027607027	4.0
1200.0	248.9512534611837	4.0
1201.0	248.95102668733006	4.0
1202.0	248.95079995654686	4.0
1203.0	248.95057327087162	4.0
1204.0	248.95034663234185	4.0
1205.0	248.95012004299508	4.0
1206.0	248.9498935048688	4.0
1207.0	248.94966702000053	4.0
1208.0	248.94944059042783	4.0
1209.0	248.9492142181882	4.0
1210.0	248.94898790531911	4.0
1211.0	248.9487616538581	4.0
1212.0	248.94853546584272	4.0
1213.0	248.94830934331046	4.0
1214.0	248.94808328829882	4.0
1215.0	248.94785730284536	4.0
1216.0	248.94763138898753	4.0
1217.0	248.94740554876293	4.0
1218.0	248.947179784209	4.0
1219.0	248.94695409736332	4.0
1220.0	248.94672849026335	4.0
1221.0	248.94650296494663	4.0
1222.0	248.94627752345068	4.0
1223.0	248.94605216781298	4.0
1224.0	248.94582690007113	4.0
1225.0	248.94560172226258	4.0
1226.0	248.94537663642487	4.0
1227.0	248.94515164459548	4.0
1228.0	248.944926748812	4.0
1229.0	248.94470195111188	4.0
1230.0	248.94447725353265	4.0
1231.0	248.94425265811185	4.0
1232.0	248.94402816688697	4.0
1233.0	248.94380378189555	4.0
1234.0	248.94357950517508	4.0
1235.0	248.9433553387631	4.0
1236.0	248.9431312846971	4.0
1237.0	248.94290734501462	4.0
1238.0	248.94268352175317	4.0
1239.0	248.94245981695022	4.0
1240.0	248.94223623264338	4.0
1241.0	248.9420127708701	4.0
1242.0	248.94178943366794	4.0
1243.0	248.94156622307437	4.0
1244.0	248.9413431411269	4.0
1245.0	248.9411201898631	4.0
1246.0	248.9408973713205	4.0
1247.0	248.9406746875365	4.0
1248.0	248.94045214054873	4.0
1249.0	248.94022973239467	4.0
1250.0	248.94000746511182	4.0
1251.0	248.93978534073773	4.0
1252.0	248.93956336130987	4.0
1253.0	248.93934152886578	4.0
1254.0	248.939119845443	4.0
1255.0	248.93889831307902	4.0
1256.0	248.93867693381134	4.0
1257.0	248.93845570967753	4.0
1258.0	248.93823464271506	4.0
1259.0	248.93801373496146	4.0
1260.0	248.93779298845425	4.0
1261.0	248.93757240523092	4.0
1262.0	248.93735198732904	4.0
1263.0	248.93713173678609	4.0
1264.0	248.9369116556396	4.0
1265.0	248.93669174592705	4.0
1266.0	248.93647200968599	4.0
1267.0	248.93625244895395	4.0
1268.0	248.9360330657684	4.0
1269.0	248.93581386216692	4.0
1270.0	248.93559484018695	4.0
1271.0	248.93537600186608	4.0
1272.0	248.93515734924176	4.0
1273.0	248.93493888435154	4.0
1274.0	248.93472060923295	4.0
1275.0	248.9345025259235	4.0
1276.0	248.9342846364607	4.0
1277.0	248.93406694288205	4.0
1278.0	248.93384944722507	4.0
1279.0	248.93363215152732	4.0
1280.0	248.93341505782624	4.0
1281.0	248.9331981681594	4.0
1282.0	248.93298148456432	4.0
1283.0	248.9327650090785	4.0
1284.0	248.93254874373946	4.0
1285.0	248.93233269058473	4.0
1286.0	248.93211685165178	4.0
1287.0	248.93190122897815	4.0
1288.0	248.9316858246014	4.0
1289.0	248.93147064055896	4.0
1290.0	248.93125567888842	4.0
1291.0	248.93104094162726	4.0
1292.0	248.93082643081303	4.0
1293.0	248.93061214848322	4.0
1294.0	248.93039809667536	4.0
1295.0	248.93018427742695	4.0
1296.0	248.9299706927755	4.0
1297.0	248.92975734475854	4.0
1298.0	248.9295442354136	4.0
1299.0	248.92933136677817	4.0
1300.0	248.92911874088978	4.0
1301.0	248.92890635978594	4.0
1302.0	248.9286942255042	4.0
1303.0	248.928482340082	4.0
1304.0	248.92827070555694	4.0
1305.0	248.92805932396647	4.0
1306.0	248.92784819734817	4.0
1307.0	248.9276373277395	4.0
1308.0	248.927426717178	4.0
1309.0	248.9272163677012	4.0
1310.0	248.9270062813466	4.0
1311.0	248.9267964601517	4.0
1312.0	248.92658690615406	4.0
1313.0	248.92637762139114	4.0
1314.0	248.9261686079005	4.0
1315.0	248.92595986771965	4.0
1316.0	248.9257514028861	4.0
1317.0	248.92554321543736	4.0
1318.0	248.92533530741096	4.0
1319.0	248.92512768084438	4.0
1320.0	248.9249203377752	4.0
1321.0	248.92471328024087	4.0
1322.0	248.92450651027895	4.0
1323.0	248.92430002992694	4.0
1324.0	248.92409384122237	4.0
1325.0	248.92388794620274	4.0
1326.0	248.92368234690557	4.0
1327.0	248.92347704536837	4.0
1328.0	248.92327204362869	4.0
1329.0	248.923067343724	4.0
1330.0	248.92286294769184	4.0
1331.0	248.92265885756973	4.0
1332.0	248.92245507539516	4.0
1333.0	248.9222516032057	4.0
1334.0	248.92204844303882	4.0
1335.0	248.92184559693203	4.0
1336.0	248.92164306692288	4.0
1337.0	248.92144085504887	4.0
1338.0	248.9212389633475	4.0
1339.0	248.92103739385632	4.0
1340.0	248.92083614861284	4.0
1341.0	248.92063522965455	4.0
1342.0	248.920434639019	4.0
1343.0	248.9202343787437	4.0
1344.0	248.92003445086613	4.0
1345.0	248.91983485742384	4.0
1346.0	248.9196356004543	4.0
1347.0	248.91943668199514	4.0
1348.0	248.91923810408375	4.0
1349.0	248.91903986875772	4.0
1350.0	248.91884197805453	4.0
1351.0	248.9186444340117	4.0
1352.0	248.91844723866677	4.0
1353.0	248.91825039405722	4.0
1354.0	248.9180539022206	4.0
1355.0	248.9178577651944	4.0
1356.0	248.9176619850162	4.0
1357.0	248.91746656372342	4.0
1358.0	248.91727150335365	4.0
1359.0	248.9170768059444	4.0
1360.0	248.91688247353312	4.0
1361.0	248.9166885081574	4.0
1362.0	248.9164949118547	4.0
1363.0	248.9163016866626	4.0
1364.0	248.91610883461857	4.0
1365.0	248.91591635776012	4.0
1366.0	248.9157242581248	4.0
1367.0	248.91553253775012	4.0
1368.0	248.9153411986736	4.0
1369.0	248.9151502429327	4.0
1370.0	248.914959672565	4.0
1371.0	248.91476948960795	4.0
1372.0	248.91457969609917	4.0
1373.0	248.9143902940761	4.0
1374.0	248.91420128557627	4.0
1375.0	248.9140126726372	4.0
1376.0	248.9138244572964	4.0
1377.0	248.91363664159144	4.0
1378.0	248.91344922755974	4.0
1379.0	248.9132622172389	4.0
1380.0	248.91307561266638	4.0
1381.0	248.9128894158797	4.0
1382.0	248.91270362891643	4.0
1383.0	248.91251825381406	4.0
1384.0	248.91233329261007	4.0
1385.0	248.912148747342	4.0
1386.0	248.91196462004737	4.0
1387.0	248.91178091276367	4.0
1388.0	248.9115976275285	4.0
1389.0	248.9114147663793	4.0
1390.0	248.9112323313536	4.0
1391.0	248.9110503244889	4.0
1392.0	248.91086874782278	4.0
1393.0	248.9106876033927	4.0
1394.0	248.91050689323617	4.0
1395.0	248.91032661939076	4.0
1396.0	248.91014678389394	4.0
1397.0	248.9099673887832	4.0
1398.0	248.90978843609614	4.0
1399.0	248.90960992787024	4.0
1400.0	248.90943186614297	4.0
1401.0	248.9092542529519	4.0
1402.0	248.90907709033453	4.0
1403.0	248.90890038032836	4.0
1404.0	248.90872412497095	4.0
1405.0	248.90854832629978	4.0
1406.0	248.90837298635236	4.0
1407.0	248.90819810716624	4.0
1408.0	248.90802369077892	4.0
1409.0	248.9078497392279	4.0
1410.0	248.90767625455075	4.0
1411.0	248.90750323878493	4.0
1412.0	248.90733069396796	4.0
1413.0	248.90715862213736	4.0
1414.0	248.90698702533066	4.0
1415.0	248.9068159055854	4.0
1416.0	248.90664526493904	4.0
1417.0	248.90647510542914	4.0
1418.0	248.9063054290932	4.0
1419.0	248.90613623796875	4.0
1420.0	248.90596753409324	4.0
1421.0	248.9057993195043	4.0
1422.0	248.90563159623935	4.0
1423.0	248.90546436633596	4.0
1424.0	248.90529763183162	4.0
1425.0	248.90513139476386	4.0
1426.0	248.9049656571702	4.0
1427.0	248.90480042108814	4.0
1428.0	248.9046356885552	4.0
1429.0	248.90447146160892	4.0
1430.0	248.9043077422868	4.0
1431.0	248.90414453262633	4.0
1432.0	248.90398183466505	4.0
1433.0	248.90381965044048	4.0
1434.0	248.90365798199014	4.0
1435.0	248.90349683135153	4.0
1436.0	248.90333620056214	4.0
1437.0	248.90317609165956	4.0
1438.0	248.90301650668127	4.0
1439.0	248.9028574476648	4.0
1440.0	248.9026989166476	4.0
1441.0	248.9025409156673	4.0
1442.0	248.9023834467613	4.0
1443.0	248.90222651196717	4.0
1444.0	248.90207011332245	4.0
1445.0	248.90191425286463	4.0
1446.0	248.90175893263122	4.0
1447.0	248.90160415465974	4.0
1448.0	248.90144992098772	4.0
1449.0	248.90129623365266	4.0
1450.0	248.9011430946921	4.0
1451.0	248.9009905061435	4.0
1452.0	248.90083847004445	4.0
1453.0	248.90068698843237	4.0
1454.0	248.9005360633449	4.0
1455.0	248.90038569681948	4.0
1456.0	248.90023589089364	4.0
1457.0	248.9000866476049	4.0
1458.0	248.89993796899077	4.0
1459.0	248.89978985708876	4.0
1460.0	248.89964231393643	4.0
1461.0	248.89949534157122	4.0
1462.0	248.8993489420307	4.0
1463.0	248.89920311735239	4.0
1464.0	248.8990578695738	4.0
1465.0	248.8989132007324	4.0
1466.0	248.89876911286578	4.0
1467.0	248.8986256080114	4.0
1468.0	248.8984826882068	4.0
1469.0	248.89834035548947	4.0
1470.0	248.89819861189696	4.0
1471.0	248.89805745946677	4.0
1472.0	248.89791690023645	4.0
1473.0	248.89777693624347	4.0
1474.0	248.89763756952536	4.0
1475.0	248.89749880211966	4.0
1476.0	248.89736063606384	4.0
1477.0	248.89722307339548	4.0
1478.0	248.89708611615202	4.0
1479.0	248.89694976637102	4.0
1480.0	248.89681402609003	4.0
1481.0	248.89667889734648	4.0
1482.0	248.89654438217795	4.0
1483.0	248.89641048262195	4.0
1484.0	248.89627720071599	4.0
1485.0	248.89614453849754	4.0
1486.0	248.8960124980042	4.0
1487.0	248.89588108127344	4.0
1488.0	248.8957502903428	4.0
1489.0	248.89562012724974	4.0
1490.0	248.89549059403183	4.0
1491.0	248.8953616927266	4.0
1492.0	248.8952334253715	4.0
1493.0	248.89510579400408	4.0
1494.0	248.8949788006619	4.0
1495.0	248.8948524473824	4.0
1496.0	248.89472673620315	4.0
1497.0	248.89460166916163	4.0
1498.0	248.8944772482954	4.0
1499.0	248.89435347564194	4.0
1500.0	248.89423035323878	4.0
1501.0	248.89410788312344	4.0
1502.0	248.89398606733337	4.0
1503.0	248.89386490790622	4.0
1504.0	248.8937444068794	4.0
1505.0	248.89362456629047	4.0
1506.0	248.89350538817692	4.0
1507.0	248.8933868745763	4.0
1508.0	248.89326902752612	4.0
1509.0	248.89315184906386	4.0
1510.0	248.89303534122706	4.0
1511.0	248.89291950605326	4.0
1512.0	248.89280434557992	4.0
1513.0	248.89268986184462	4.0
1514.0	248.89257605688482	4.0
1515.0	248.89246293273808	4.0
1516.0	248.8923504914419	4.0
1517.0	248.8922387350338	4.0
1518.0	248.89212766555124	4.0
1519.0	248.8920172850318	4.0
1520.0	248.89190759551303	4.0
1521.0	248.89179859903237	4.0
1522.0	248.89169029762738	4.0
1523.0	248.89158269333558	4.0
1524.0	248.89147578819444	4.0
1525.0	248.89136958424152	4.0
1526.0	248.8912640835143	4.0
1527.0	248.89115928805032	4.0
1528.0	248.89105519988712	4.0
1529.0	248.89095182106217	4.0
1530.0	248.890849153613	4.0
1531.0	248.89074719957713	4.0
1532.0	248.89064596099212	4.0
1533.0	248.8905454398954	4.0
1534.0	248.89044563832456	4.0
1535.0	248.89034655831705	4.0
1536.0	248.89024820191045	4.0
1537.0	248.89015057114224	4.0
1538.0	248.89005366804994	4.0
1539.0	248.8899574946711	4.0
1540.0	248.8898620530432	4.0
1541.0	248.88976734520378	4.0
1542.0	248.88967337319033	4.0
1543.0	248.88958013904036	4.0
1544.0	248.88948764479142	4.0
1545.0	248.88939589248102	4.0
1546.0	248.88930488414667	4.0
1547.0	248.88921462182586	4.0
1548.0	248.88912510755614	4.0
1549.0	248.889036343375	4.0
1550.0	248.88894833132	4.0
1551.0	248.8888610734286	4.0
1552.0	248.88877457173837	4.0
1553.0	248.88868882828677	4.0
1554.0	248.8886038451114	4.0
1555.0	248.88851962424968	4.0
1556.0	248.8884361677392	4.0
1557.0	248.88835347761741	4.0
1558.0	248.8882715559219	4.0
1559.0	248.88819040469014	4.0
1560.0	248.88811002595963	4.0
1561.0	248.88803042176795	4.0
1562.0	248.88795159415255	4.0
1563.0	248.88787354515097	4.0
1564.0	248.88779627680074	4.0
1565.0	248.88771979113938	4.0
1566.0	248.8876440902044	4.0
1567.0	248.88756917603325	4.0
1568.0	248.88749505066355	4.0
1569.0	248.88742171613276	4.0
1570.0	248.88734917447843	4.0
1571.0	248.88727742773804	4.0
1572.0	248.88720647794912	4.0
1573.0	248.8871363271492	4.0
1574.0	248.88706697737575	4.0
1575.0	248.88699843066635	4.0
1576.0	248.8869306890585	4.0
1577.0	248.88686375458965	4.0
1578.0	248.8867976292974	4.0
1579.0	248.88673231521923	4.0
1580.0	248.8866678143927	4.0
1581.0	248.88660412885523	4.0
1582.0	248.88654126064444	4.0
1583.0	248.88647921179776	4.0
1584.0	248.88641798435273	4.0
1585.0	248.88635758034692	4.0
1586.0	248.8862980018178	4.0
1587.0	248.8862392508029	4.0
1588.0	248.88618132933973	4.0
1589.0	248.88612423946583	4.0
1590.0	248.88606798321865	4.0
1591.0	248.88601256263578	4.0
1592.0	248.8859579797547	4.0
1593.0	248.88590423661293	4.0
1594.0	248.885851335248	4.0
1595.0	248.8857992776974	4.0
1596.0	248.88574806599868	4.0
1597.0	248.88569770218933	4.0
1598.0	248.88564818830687	4.0
1599.0	248.88559952638883	4.0
1600.0	248.88555171847267	4.0
1601.0	248.885504766596	4.0
1602.0	248.8854586727963	4.0
1603.0	248.88541343911106	4.0
1604.0	248.8853690675778	4.0
1605.0	248.88532556023407	4.0
1606.0	248.88528291911734	4.0
1607.0	248.88524114626517	4.0
1608.0	248.88520024371505	4.0
1609.0	248.88516021350452	4.0
1610.0	248.88512105767106	4.0
1611.0	248.8850827782522	4.0
1612.0	248.8850453772855	4.0
1613.0	248.8850088568084	4.0
1614.0	248.88497321885848	4.0
1615.0	248.88493846547323	4.0
1616.0	248.88490459869016	4.0
1617.0	248.88487162054676	4.0
1618.0	248.88483953308062	4.0
1619.0	248.8848083383292	4.0
1620.0	248.88477803833004	4.0
1621.0	248.88474863512067	4.0
1622.0	248.88472013073857	4.0
1623.0	248.88469252722126	4.0
1624.0	248.8846658266063	4.0
1625.0	248.88464003093114	4.0
1626.0	248.88461514223334	4.0
1627.0	248.8845911625504	4.0
1628.0	248.88456809391988	4.0
1629.0	248.88454593837923	4.0
1630.0	248.884524697966	4.0
1631.0	248.8845043747177	4.0
1632.0	248.88448497067185	4.0
1633.0	248.88446648786595	4.0
1634.0	248.88444892833755	4.0
1635.0	248.88443229412414	4.0
1636.0	248.88441658726325	4.0
1637.0	248.88440180979237	4.0
1638.0	248.88438796374905	4.0
1639.0	248.88437505117082	4.0
1640.0	248.88436307409515	4.0
1641.0	248.88435203455956	4.0
1642.0	248.8843419346016	4.0
1643.0	248.88433277625876	4.0
1644.0	248.88432456156855	4.0
1645.0	248.8843172925685	4.0
1646.0	248.88431097129617	4.0
1647.0	248.884305599789	4.0
1648.0	248.88430118008455	4.0
1649.0	248.88429771422028	4.0
1650.0	248.88429520423378	4.0
1651.0	248.88429365216257	4.0
1652.0	248.88429306004412	4.0
1653.0	248.88429342991594	4.0
1654.0	248.88429476381557	4.0
1655.0	248.88429706378054	4.0
1656.0	248.88430033184835	4.0
1657.0	248.8843045700565	4.0
1658.0	248.88430978044255	4.0
1659.0	248.88431596504395	4.0
1660.0	248.88432312589828	4.0
1661.0	248.88433126504304	4.0
1662.0	248.88434038451572	4.0
1663.0	248.88435048635387	4.0
1664.0	248.88436157259497	4.0
1665.0	248.88437364527655	4.0
1666.0	248.88438670643612	4.0
1667.0	248.88440075811124	4.0
1668.0	248.8844158023394	4.0
1669.0	248.8844318411581	4.0
1670.0	248.88444887660486	4.0
1671.0	248.88446691071724	4.0
1672.0	248.88448594553267	4.0
1673.0	248.88450598308876	4.0
1674.0	248.88452702542295	4.0
1675.0	248.88454907457282	4.0
1676.0	248.8845721325758	4.0
1677.0	248.88459620146952	4.0
1678.0	248.88462128329144	4.0
1679.0	248.88464738007903	4.0
1680.0	248.88467449386988	4.0
1681.0	248.88470262670148	4.0
1682.0	248.8847317806113	4.0
1683.0	248.88476195763693	4.0
1684.0	248.88479315981587	4.0
1685.0	248.8848253891856	4.0
1686.0	248.8848586477837	4.0
1687.0	248.88489293764758	4.0
1688.0	248.88492826081486	4.0
1689.0	248.88496461932303	4.0
1690.0	248.88500201520958	4.0
1691.0	248.88504045051204	4.0
1692.0	248.8850799272679	4.0
1693.0	248.88512044751474	4.0
1694.0	248.88516201329003	4.0
1695.0	248.88520462663126	4.0
1696.0	248.88524828957603	4.0
1697.0	248.88529300416178	4.0
1698.0	248.88533877242608	4.0
1699.0	248.88538559640637	4.0
1700.0	248.88543347814024	4.0
1701.0	248.8854824196652	4.0
1702.0	248.88553242301873	4.0
1703.0	248.8855834902384	4.0
1704.0	248.88563562336165	4.0
1705.0	248.88568882442607	4.0
1706.0	248.88574309546914	4.0
1707.0	248.88579843852835	4.0
1708.0	248.88585485564127	4.0
1709.0	248.8859123488454	4.0
1710.0	248.88597092017824	4.0
1711.0	248.88603057167734	4.0
1712.0	248.88609130538015	4.0
1713.0	248.88615312332425	4.0
1714.0	248.88621602754714	4.0
1715.0	248.8862800200863	4.0
1716.0	248.8863451029793	4.0
1717.0	248.88641127826364	4.0
1718.0	248.88647854797682	4.0
1719.0	248.88654691415638	4.0
1720.0	248.88661637883982	4.0
1721.0	248.88668694406465	4.0
1722.0	248.8867586118684	4.0
1723.0	248.88683138428857	4.0
1724.0	248.8869052633627	4.0
1725.0	248.88698025112828	4.0
1726.0	248.88705634962287	4.0
1727.0	248.88713356088394	4.0
1728.0	248.88721188694902	4.0
1729.0	248.88729132985563	4.0
1730.0	248.88737189164127	4.0
1731.0	248.8874535743435	4.0
1732.0	248.88753637999977	4.0
1733.0	248.88762031064766	4.0
1734.0	248.88770536832465	4.0
1735.0	248.88779155506828	4.0
1736.0	248.88787887291605	4.0
1737.0	248.88796732390549	4.0
1738.0	248.88805691007408	4.0
1739.0	248.8881476334594	4.0
1740.0	248.8882394960989	4.0
1741.0	248.88833250003012	4.0
1742.0	248.8884266472906	4.0
1743.0	248.88852193991784	4.0
1744.0	248.88861837994935	4.0
1745.0	248.88871596942263	4.0
1746.0	248.88881471037524	4.0
1747.0	248.88891460484464	4.0
1748.0	248.8890156548684	4.0
1749.0	248.889117862484	4.0
1750.0	248.889221229729	4.0
1751.0	248.88932575864087	4.0
1752.0	248.88943145125714	4.0
1753.0	248.88953830961535	4.0
1754.0	248.88964633575299	4.0
1755.0	248.88975553170758	4.0
1756.0	248.88986589951662	4.0
1757.0	248.88997744121767	4.0
1758.0	248.8900901588482	4.0
1759.0	248.89020405444577	4.0
1760.0	248.89031913004789	4.0
1761.0	248.89043538769204	4.0
1762.0	248.89055282941575	4.0
1763.0	248.89067145725656	4.0
1764.0	248.89079127325192	4.0
1765.0	248.89091227943942	4.0
1766.0	248.89103447785658	4.0
1767.0	248.89115787054087	4.0
1768.0	248.89128245952983	4.0
1769.0	248.89140824686098	4.0
1770.0	248.89153523457182	4.0
1771.0	248.89166342469986	4.0
1772.0	248.89179281928264	4.0
1773.0	248.89192342035767	4.0
1774.0	248.89205522996247	4.0
1775.0	248.89218825013452	4.0
1776.0	248.8923224829114	4.0
1777.0	248.89245793033058	4.0
1778.0	248.89259459442957	4.0
1779.0	248.89273247724591	4.0
1780.0	248.89287158081711	4.0
1781.0	248.8930119071807	4.0
1782.0	248.89315345837414	4.0
1783.0	248.89329623643505	4.0
1784.0	248.89344024340085	4.0
1785.0	248.89358548130912	4.0
1786.0	248.89373195219733	4.0
1787.0	248.893879658103	4.0
1788.0	248.89402860106367	4.0
1789.0	248.89417878311687	4.0
1790.0	248.89433020630005	4.0
1791.0	248.8944828726508	4.0
1792.0	248.89463678420663	4.0
1793.0	248.89479194300498	4.0
1794.0	248.89494835108346	4.0
1795.0	248.8951060104795	4.0
1796.0	248.8952649232307	4.0
1797.0	248.8954250913745	4.0
1798.0	248.89558651694847	4.0
1799.0	248.89574920199013	4.0
1800.0	248.89591314853695	4.0
1801.0	248.89607835862648	4.0
1802.0	248.89624483429625	4.0
1803.0	248.89641257758373	4.0
1804.0	248.8965815905265	4.0
1805.0	248.89675187516198	4.0
1806.0	248.89692343352777	4.0
1807.0	248.89709626766137	4.0
1808.0	248.8972703796003	4.0
1809.0	248.89744577138202	4.0
1810.0	248.89762244504414	4.0
1811.0	248.89780040262409	4.0
1812.0	248.89797964615943	4.0
1813.0	248.89816017768766	4.0
1814.0	248.8983419992463	4.0
1815.0	248.89852511287287	4.0
1816.0	248.8987095206049	4.0
1817.0	248.8988952244799	4.0
1818.0	248.89908222653537	4.0
1819.0	248.89927052880884	4.0
1820.0	248.8994601333378	4.0
1821.0	248.89965104215983	4.0
1822.0	248.89984325731237	4.0
1823.0	248.90003678083298	4.0
1824.0	248.90023161475918	4.0
1825.0	248.90042776112847	4.0
1826.0	248.90062522197834	4.0
1827.0	248.9008239993464	4.0
1828.0	248.90102409527003	4.0
1829.0	248.90122551178686	4.0
1830.0	248.90142825093432	4.0
1831.0	248.90163231475	4.0
1832.0	248.90183770527142	4.0
1833.0	248.90204442453603	4.0
1834.0	248.9022524745814	4.0
1835.0	248.90246185744502	4.0
1836.0	248.9026725751644	4.0
1837.0	248.90288462977708	4.0
1838.0	248.90309802332055	4.0
1839.0	248.90331275783237	4.0
1840.0	248.90352883535002	4.0
1841.0	248.903746257911	4.0
1842.0	248.90396502755289	4.0
1843.0	248.90418514631313	4.0
1844.0	248.9044066162293	4.0
1845.0	248.90462943933886	4.0
1846.0	248.90485361767935	4.0
1847.0	248.9050791532883	4.0
1848.0	248.90530604820324	4.0
1849.0	248.90553430446167	4.0
1850.0	248.90576392410108	4.0
1851.0	248.90599490915903	4.0
1852.0	248.906227261673	4.0
1853.0	248.90646098368052	4.0
1854.0	248.9066960772191	4.0
1855.0	248.90693254432628	4.0
1856.0	248.90717038703954	4.0
1857.0	248.90740960739643	4.0
1858.0	248.90765020743444	4.0
1859.0	248.9078921891911	4.0
1860.0	248.90813555470393	4.0
1861.0	248.90838030601043	4.0
1862.0	248.90862644514814	4.0
1863.0	248.90887397415452	4.0
1864.0	248.90912289506716	4.0
1865.0	248.90937320992356	4.0
1866.0	248.9096249207612	4.0
1867.0	248.90987802961763	4.0
1868.0	248.91013253853035	4.0
1869.0	248.9103884495369	4.0
1870.0	248.91064576467474	4.0
1871.0	248.91090448598146	4.0
1872.0	248.91116461549453	4.0
1873.0	248.91142615525146	4.0
1874.0	248.9116891072898	4.0
1875.0	248.91195347364703	4.0
1876.0	248.9122192563607	4.0
1877.0	248.9124864574683	4.0
1878.0	248.91275507900735	4.0
1879.0	248.91302512301536	4.0
1880.0	248.9132965915299	4.0
1881.0	248.91356948658841	4.0
1882.0	248.91384381022849	4.0
1883.0	248.91411956448758	4.0
1884.0	248.91439675140322	4.0
1885.0	248.91467537301293	4.0
1886.0	248.91495543135423	4.0
1887.0	248.91523692846465	4.0
1888.0	248.9155198663817	4.0
1889.0	248.91580424714286	4.0
1890.0	248.91609007278566	4.0
1891.0	248.91637734534766	4.0
1892.0	248.91666606686633	4.0
1893.0	248.9169562393792	4.0
1894.0	248.9172478649238	4.0
1895.0	248.91754094553764	4.0
1896.0	248.9178354832582	4.0
1897.0	248.91813148012304	4.0
1898.0	248.91842893816965	4.0
1899.0	248.9187278594356	4.0
1900.0	248.91902824595832	4.0
1901.0	248.9193300997754	4.0
1902.0	248.91963342292433	4.0
1903.0	248.91993821744262	4.0
1904.0	248.9202444853678	4.0
1905.0	248.92055222873734	4.0
1906.0	248.92086144958884	4.0
1907.0	248.92117214995974	4.0
1908.0	248.9214843318876	4.0
1909.0	248.92179799740993	4.0
1910.0	248.92211314856422	4.0
1911.0	248.922429787388	4.0
1912.0	248.9227479159188	4.0
1913.0	248.9230675361941	4.0
1914.0	248.9233886502515	4.0
1915.0	248.9237112601284	4.0
1916.0	248.92403536786242	4.0
1917.0	248.92436097549103	4.0
1918.0	248.92468808505174	4.0
1919.0	248.92501669858208	4.0
1920.0	248.92534681811958	4.0
1921.0	248.9256784457017	4.0
1922.0	248.926011583366	4.0
1923.0	248.92634623315	4.0
1924.0	248.92668239709124	4.0
1925.0	248.92702007722716	4.0
1926.0	248.92735927559534	4.0
1927.0	248.92769999423325	4.0
1928.0	248.92804223517842	4.0
1929.0	248.9283860004684	4.0
1930.0	248.92873129214072	4.0
1931.0	248.92907811223282	4.0
1932.0	248.9294264627823	4.0
1933.0	248.92977634582658	4.0
1934.0	248.93012776340325	4.0
1935.0	248.9304807175498	4.0
1936.0	248.93083521030377	4.0
1937.0	248.93119124370267	4.0
1938.0	248.93154881978398	4.0
1939.0	248.93190794058523	4.0
1940.0	248.93226860814397	4.0
1941.0	248.9326308244977	4.0
1942.0	248.93299459168392	4.0
1943.0	248.93335991174015	4.0
1944.0	248.93372678670391	4.0
1945.0	248.9340952186127	4.0
1946.0	248.93446520950408	4.0
1947.0	248.93483676141557	4.0
1948.0	248.93520987638462	4.0
1949.0	248.9355845564488	4.0
1950.0	248.9359608036456	4.0
1951.0	248.93633862001255	4.0
1952.0	248.93671800758716	4.0
1953.0	248.93709896840696	4.0
1954.0	248.93748150450946	4.0
1955.0	248.93786561793215	4.0
1956.0	248.9382513107126	4.0
1957.0	248.93863858488825	4.0
1958.0	248.9390274424967	4.0
1959.0	248.9394178855754	4.0
1960.0	248.93980991616192	4.0
1961.0	248.94020353629372	4.0
1962.0	248.94059874800837	4.0
1963.0	248.94099555334336	4.0
1964.0	248.94139395433618	4.0
1965.0	248.94179395302442	4.0
1966.0	248.9421955514455	4.0
1967.0	248.94259875163704	4.0
1968.0	248.94300355563647	4.0
1969.0	248.94340996548135	4.0
1970.0	248.9438179832092	4.0
1971.0	248.94422761085752	4.0
1972.0	248.9446388504638	4.0
1973.0	248.9450517040656	4.0
1974.0	248.94546617370045	4.0
1975.0	248.9458822614058	4.0
1976.0	248.94629996921924	4.0
1977.0	248.94671929917823	4.0
1978.0	248.94714025332027	4.0
1979.0	248.94756283368295	4.0
1980.0	248.94798704230374	4.0
1981.0	248.94841288122018	4.0
1982.0	248.94884035246977	4.0
1983.0	248.94926945809001	4.0
1984.0	248.94970020011846	4.0
1985.0	248.9501325805926	4.0
1986.0	248.95056660154995	4.0
1987.0	248.95100226502805	4.0
1988.0	248.9514395730644	4.0
1989.0	248.9518785276965	4.0
1990.0	248.95231913096188	4.0
1991.0	248.95276138489808	4.0
1992.0	248.95320529154256	4.0
1993.0	248.9536508529329	4.0
1994.0	248.95409807110656	4.0
1995.0	248.9545469481011	4.0
1996.0	248.95499748595404	4.0
1997.0	248.95544968670285	4.0
1998.0	248.95590355238508	4.0
1999.0	248.95635908503823	4.0
2000.0	248.95681628669985	4.0
2001.0	248.95727515940743	4.0
2002.0	248.95773570519847	4.0
2003.0	248.9581979261105	4.0
2004.0	248.95866182418106	4.0
2005.0	248.95912740144763	4.0
2006.0	248.95959465994775	4.0
2007.0	248.96006360171896	4.0
2008.0	248.9605342287987	4.0
2009.0	248.96100654322456	4.0
2010.0	248.96148054703397	4.0
2011.0	248.96195624226456	4.0
2012.0	248.9624336309538	4.0
2013.0	248.96291271513917	4.0
2014.0	248.9633934968582	4.0
2015.0	248.96387597814845	4.0
2016.0	248.9643601610474	4.0
2017.0	248.96484604759257	4.0
2018.0	248.9653336398215	4.0
2019.0	248.96582293977164	4.0
2020.0	248.9663139494806	4.0
2021.0	248.96680667098582	4.0
2022.0	248.96730110632484	4.0
2023.0	248.96779725753518	4.0
2024.0	248.96829512665437	4.0
2025.0	248.9687947157199	4.0
2026.0	248.9692960267693	4.0
2027.0	248.96979906184006	4.0
2028.0	248.97030382296975	4.0
2029.0	248.97081031219588	4.0
2030.0	248.9713185315559	4.0
2031.0	248.97182848308742	4.0
2032.0	248.97234016882786	4.0
2033.0	248.97285359081482	4.0
2034.0	248.97336875108576	4.0
2035.0	248.97388565167822	4.0
2036.0	248.9744042946297	4.0
2037.0	248.97492468197774	4.0
2038.0	248.97544681575985	4.0
2039.0	248.97597069801353	4.0
2040.0	248.9764963307763	4.0
2041.0	248.9770237160857	4.0
2042.0	248.97755285597924	4.0
2043.0	248.97808375249437	4.0
2044.0	248.9786164076687	4.0
2045.0	248.97915082353973	4.0
2046.0	248.9796870021449	4.0
2047.0	248.98022494552185	4.0
2048.0	248.980764655708	4.0
2049.0	248.98130613474086	4.0
2050.0	248.98184938465803	4.0
2051.0	248.98239440749694	4.0
2052.0	248.98294120529516	4.0
2053.0	248.9834897800902	4.0
2054.0	248.98404013391954	4.0
2055.0	248.98459226882073	4.0
2056.0	248.9851461868313	4.0
2057.0	248.98570188998872	4.0
2058.0	248.98625938033052	4.0
2059.0	248.98681865989425	4.0
2060.0	248.98737973071738	4.0
2061.0	248.98794259483745	4.0
2062.0	248.988507254292	4.0
2063.0	248.9890737111185	4.0
2064.0	248.98964196735452	4.0
2065.0	248.9902120250375	4.0
2066.0	248.99078388620504	4.0
2067.0	248.99135755289458	4.0
2068.0	248.99193302714372	4.0
2069.0	248.9925103109899	4.0
2070.0	248.99308940647066	4.0
2071.0	248.99367031562355	4.0
2072.0	248.99425304048603	4.0
2073.0	248.99483758309566	4.0
2074.0	248.99542394548993	4.0
2075.0	248.99601212970637	4.0
2076.0	248.99660213778247	4.0
2077.0	248.99719397175582	4.0
2078.0	248.99778763366385	4.0
2079.0	248.99838312554414	4.0
2080.0	248.99898044943416	4.0
2081.0	248.99957960737146	4.0
2082.0	249.00018060139354	4.0
2083.0	249.00078343353792	4.0
2084.0	249.0013881058421	4.0
2085.0	249.0019946203436	4.0
2086.0	249.00260297907997	4.0
2087.0	249.0032131840887	4.0
2088.0	249.0038252374073	4.0
2089.0	249.0044391410733	4.0
2090.0	249.0050548971242	4.0
2091.0	249.00567250759755	4.0
2092.0	249.00629197453082	4.0
2093.0	249.00691329996155	4.0
2094.0	249.0075364859273	4.0
2095.0	249.0081615344655	4.0
2096.0	249.0087884476137	4.0
2097.0	249.00941722740947	4.0
2098.0	249.01004787589028	4.0
2099.0	249.01068039509363	4.0
2100.0	249.01131478705705	4.0
2101.0	249.01195105381808	4.0
