7784.823 150.93353 143.07599 2.6108563 1.1012577
7782.7773 303.1435 287.10947 5.438527 1.5545017
7780.7314 326.12466 308.4617 5.525247 1.6167995
7778.6855 320.87836 303.5348 4.7403483 1.5988028
7776.639 321.2596 303.44626 4.11475 1.5990967
7774.5933 322.80643 304.5514 3.8068514 1.601589
7772.5474 322.44434 304.75967 3.6926231 1.6003735
7770.501 319.47418 301.99738 3.7601845 1.593362
7768.455 320.35022 302.95947 4.0213885 1.5962465
7766.409 320.34625 302.99756 4.315285 1.5970287
7764.3633 319.67273 301.78973 4.2450175 1.5952369
7762.317 319.47733 301.67914 4.148987 1.5944893
7760.271 320.98355 303.479 4.500516 1.5991261
7758.225 323.28598 305.2507 5.4179077 1.6074512
7756.179 323.18515 305.06107 6.5315557 1.6105007
7754.133 322.30746 304.8128 6.9552393 1.6095418
7752.087 323.43616 305.7368 6.954592 1.612234
7750.041 325.25888 307.3168 6.978504 1.6166947
7747.9946 325.78293 307.9574 6.8295307 1.6174619
7745.9487 324.80328 306.65475 6.395683 1.6139483
7743.903 324.24442 305.7757 5.9833503 1.6115505
7741.857 324.66693 306.78662 5.8329806 1.611965
7739.8105 324.42767 306.70358 5.7219563 1.6110389
7737.7646 327.37042 309.61758 5.0196695 1.6161399
7735.7188 328.02957 309.75247 3.7486017 1.614143
7733.673 327.83102 309.22986 2.8381312 1.6110023
7731.6265 327.89816 309.42413 2.751489 1.610823
7729.5806 328.06555 309.7575 2.9780796 1.6119257
7727.5347 328.0717 309.77008 3.2387064 1.6127963
7725.4883 325.84113 307.49228 4.060968 1.6097779
7723.4424 326.9971 309.07373 5.1855035 1.6158099
7721.3965 328.2044 310.60275 6.2726455 1.621827
7719.3506 328.58044 310.8685 7.2297425 1.6254009
7717.304 328.8037 311.1997 7.659658 1.6271067
7715.2583 328.35358 310.59738 7.5894775 1.6259001
7713.2124 327.68024 309.53433 7.485584 1.6240419
7711.1665 328.8045 311.42416 7.3085513 1.6260657
7709.12 330.59476 312.7278 7.0148096 1.6296529
7707.074 329.18256 311.05475 6.853316 1.6259485
7705.0283 329.45966 311.7422 6.4728713 1.6254383
7702.982 329.74527 312.22592 5.6185827 1.6235476
7700.936 328.90634 311.32407 4.445563 1.6181461
7698.89 328.83212 311.38815 3.3143513 1.6147201
7696.844 328.68704 311.096 2.5458844 1.6121707
7694.798 330.31525 312.1752 2.2213738 1.615182
7692.752 327.6359 310.35843 2.2843099 1.6088613
7690.706 327.9507 310.9406 2.343158 1.6097828
7688.66 327.82486 310.3526 2.280761 1.6093006
7686.614 326.34155 309.11774 2.212999 1.605512
7684.568 325.97168 309.1508 2.149773 1.6044241
7682.522 323.46396 306.37885 2.0517592 1.5980296
7680.4756 321.71365 305.36218 2.0244124 1.5936221
7678.4297 321.27332 305.11267 2.0179777 1.5925648
7676.384 318.71878 301.9543 1.9187481 1.585994
7674.338 316.13116 299.73907 1.8624748 1.5794286
7672.2915 315.21646 299.56955 1.8273157 1.5770595
7670.2456 313.6002 297.95563 1.8000418 1.5729744
7668.1997 310.99002 295.35324 1.8565888 1.5666821
7666.154 309.0929 293.52728 1.8354851 1.561898
7664.1074 302.56607 287.15533 1.832822 1.5454736
7662.0615 299.77524 284.5408 1.8551373 1.5384833
7660.0156 295.89636 280.98163 1.9157257 1.5287225
7657.969 292.9033 277.9612 1.930698 1.5212356
7655.9233 288.49503 273.587 1.9342115 1.5098746
7653.8774 279.18622 264.95892 1.9714415 1.4857199
7651.8315 275.8265 261.9465 1.8944972 1.4766363
7649.785 269.26135 255.68114 1.8396132 1.4590064
7647.7393 261.05154 247.78389 1.775808 1.436671
7645.6934 254.60092 241.38507 1.712592 1.4188915
7643.6475 246.65689 233.99309 1.6855192 1.3967122
7641.601 238.77914 226.81621 1.6610849 1.3744829
7639.555 233.02007 220.98546 1.6413716 1.3579069
7637.5093 225.24458 213.31845 1.730351 1.3357266
7635.463 219.39369 208.34254 1.8979031 1.319167
7633.417 211.76472 200.92314 1.9407248 1.2964921
7631.371 206.61183 196.2188 1.9720873 1.2810374
7629.325 203.43219 193.29634 2.0428445 1.2715548
7627.279 201.53378 191.22441 2.1495738 1.2661674
7625.233 203.19678 192.89417 2.2355015 1.2715884
7623.187 208.49821 198.19939 2.2245667 1.2876831
7621.141 217.62411 207.1034 2.2233322 1.3151828
7619.0947 232.17177 221.71638 2.2151718 1.3577836
7617.049 236.79932 226.94514 2.129447 1.3710063
7615.003 218.28973 208.98175 1.9892725 1.3164037
7612.9565 185.84383 177.39374 1.8247144 1.2159588
7610.9106 155.06102 147.91971 1.7105237 1.1121485
7608.8647 130.86325 124.65077 1.7082691 1.0236714
7606.819 113.47309 107.94232 1.7330213 0.9550708
7604.7725 99.97211 95.23772 1.7615179 0.898204
7602.7266 96.36513 92.05537 1.6835896 0.8822518
7600.6807 103.213066 98.50708 1.6256955 0.91181254
7598.635 118.74533 113.24394 1.6727144 0.9761652
7596.5884 142.14081 135.6695 1.7966231 1.0663497
7594.5425 175.47443 167.57593 1.9517797 1.182506
7592.4966 219.1657 209.76062 2.066309 1.3194102
7590.45 260.4283 249.86424 2.1078758 1.4365053
7588.4043 290.75146 277.88382 2.1554668 1.516755
7586.3584 304.45724 290.5922 2.0732613 1.551324
7584.3125 310.69614 296.7235 2.058957 1.5667306
7582.266 315.31277 300.41266 2.3139586 1.5789276
7580.22 317.7797 302.1272 2.7167907 1.5862077
7578.1743 321.59647 306.25586 3.0323467 1.596591
7576.1284 324.25275 308.43628 3.1021948 1.60315
7574.082 322.23746 306.37915 3.014802 1.5979192
7572.036 325.1007 309.1843 2.920022 1.6046611
7569.99 325.52023 309.3113 2.8840609 1.6056348
7567.944 325.15823 308.76038 2.9297912 1.6048152
7565.898 328.36102 312.07156 3.0795634 1.6129832
7563.852 327.54514 311.40067 3.162381 1.6113544
7561.806 324.44107 308.1583 2.9337878 1.6031613
7559.76 322.6576 306.63553 2.7334309 1.5981758
7557.714 324.31204 308.29443 2.3053265 1.6009239
7555.668 323.06656 307.4624 2.033156 1.5970743
7553.622 318.98212 303.75888 2.0130684 1.5870405
7551.5757 315.86432 300.98148 2.0379858 1.5794854
7549.53 314.53577 300.35995 2.0783508 1.5763326
7547.484 313.9085 299.88174 2.0691204 1.5747238
7545.4375 308.76706 295.36038 1.9807398 1.5617024
7543.3916 304.85455 291.77585 1.9274392 1.5517565
7541.3457 302.18417 290.0263 1.9820279 1.5452082
7539.3 300.02335 288.55457 2.124141 1.5402384
7537.2534 297.55118 286.21747 2.3075535 1.5346296
7535.2075 294.85693 284.43448 2.5978768 1.5287677
7533.1616 292.6145 283.56482 3.0797176 1.5245351
7531.1157 288.09683 279.143 3.5300908 1.5144333
7529.0693 286.51276 277.84625 3.6442347 1.5107517
7527.0234 286.26004 278.15613 3.6918468 1.5101938
7524.9775 286.90106 278.32312 3.6990023 1.5118595
7522.931 288.21387 279.50012 3.665834 1.5151565
7520.8853 289.4256 280.725 3.6342316 1.5180942
7518.8394 291.78775 281.43863 3.502994 1.5236484
7516.7935 295.99112 285.1519 3.3018925 1.533826
7514.747 299.28003 288.55835 3.195889 1.5417616
7512.701 304.29474 292.97388 2.81505 1.5531102
7510.6553 307.92953 295.89404 2.2183604 1.5603733
7508.6094 309.90594 297.2745 1.8527149 1.5641689
7506.563 313.62036 299.9847 1.7681087 1.5730876
7504.517 318.01266 303.73285 1.7390777 1.5838364
7502.471 320.4938 306.82336 1.8009375 1.590111
7500.425 325.46146 311.41302 1.8382516 1.6023448
7498.379 328.57553 313.84445 1.8798279 1.6100124
7496.333 330.298 315.6489 2.0060465 1.6145337
7494.287 333.72263 318.61002 2.1432898 1.6231841
7492.2407 336.2791 320.62238 2.34584 1.6298811
7490.195 336.71973 321.5159 2.6345878 1.6317129
7488.149 339.32187 324.2055 2.8140697 1.6384555
7486.103 341.7013 326.34412 2.9112468 1.6444087
7484.0566 340.96487 325.87726 3.0270915 1.6430373
7482.0107 343.71384 328.20212 3.2065563 1.6499984
7479.965 344.781 328.96866 3.3551934 1.6528896
7477.9185 343.12518 327.556 3.4531996 1.64923
7475.8726 344.05978 328.72403 3.5131373 1.6516178
7473.8267 347.15964 331.79422 3.4688916 1.658869
7471.781 348.83932 332.9905 3.3176796 1.6623975
7469.7344 348.36743 332.35712 3.1570861 1.6607724
7467.6885 347.2558 331.42203 2.938426 1.6575452
7465.6426 348.26303 332.62195 2.7432249 1.6593788
7463.5967 348.11743 332.42804 2.601134 1.6586158
7461.5503 347.84824 331.83524 2.4161427 1.6574844
7459.5044 351.20618 334.83853 2.2138114 1.6648376
7457.4585 352.50046 336.18948 2.1043983 1.6674885
7455.412 348.6425 332.7873 1.9485538 1.657979
7453.366 350.77557 334.54922 1.8578131 1.6627489
7451.3203 352.58124 336.4233 1.891334 1.6670717
7449.2744 353.3204 337.32126 2.0478418 1.6691856
7447.228 354.7361 338.60843 2.248351 1.6730461
7445.182 354.48886 338.3719 2.3445032 1.6727507
7443.136 353.02582 336.8703 2.3429248 1.6692957
7441.0903 354.0645 337.6616 2.453153 1.6720803
7439.044 356.075 339.61932 2.5794935 1.6771646
7436.998 355.51236 339.46542 2.6513336 1.6760104
7434.952 355.96198 339.83075 2.6542408 1.6770643
7432.906 357.97766 341.42294 2.5991158 1.6816151
7430.86 357.44254 340.99637 2.5873876 1.6803058
7428.814 355.50394 339.31006 2.5664222 1.6757294
7426.768 357.03717 340.60843 2.3214188 1.6786159
7424.7217 357.60196 341.49554 2.1106539 1.6793299
7422.676 357.3361 341.20425 2.0727258 1.6786371
7420.63 359.53275 343.07422 2.083809 1.6837448
7418.584 360.99194 344.27115 2.008196 1.6869147
7416.5376 360.77975 343.94238 1.9144912 1.686162
7414.4917 361.253 344.2522 1.9973698 1.6874486
7412.446 360.93317 343.7913 2.3628879 1.6877401
7410.3994 358.95746 341.99667 2.8338208 1.6845319
7408.3535 358.89725 341.29984 2.9376466 1.6846964
7406.3076 360.6557 343.27338 2.9793277 1.6888639
7404.2617 361.5849 344.551 3.1176207 1.6914233
7402.2153 361.64197 344.10654 3.2505534 1.6919874
7400.1694 361.2265 343.34225 3.3845859 1.6913553
7398.1235 359.99603 342.51865 3.506786 1.6887212
7396.0776 359.10352 341.64954 3.4855804 1.6866127
7394.0312 358.33582 340.8141 3.5005867 1.6848788
7391.9854 358.44492 341.21915 3.3018856 1.684615
7389.9395 360.31573 342.55142 2.8384476 1.6876911
7387.893 360.90796 342.75165 2.4805033 1.6880898
7385.847 360.19308 342.608 2.3944402 1.6861653
7383.8013 359.868 342.3454 2.4525788 1.6855485
7381.7554 359.6842 341.3129 2.6645303 1.6857667
7379.709 360.88367 342.8934 3.1067042 1.6896852
7377.663 357.9466 340.498 3.605962 1.6842738
7375.617 358.56476 340.69885 3.7430055 1.6861721
7373.5713 359.26468 341.41733 3.7549965 1.6878321
7371.525 357.5149 339.98575 3.92051 1.6841697
7369.479 356.71017 339.17307 4.2172875 1.68311
7367.433 357.33102 339.9628 4.4855967 1.6853086
7365.3867 356.9756 339.4497 4.5558987 1.6846396
7363.341 354.60504 336.54788 4.5440474 1.6791275
7361.295 353.10327 335.67752 4.493926 1.6754549
7359.249 355.42136 338.0688 4.070523 1.6797049
7357.2026 357.1466 339.29297 3.3507776 1.681786
7355.1567 356.87915 339.0046 3.0303545 1.6803023
7353.111 357.2594 339.76425 3.5094268 1.6824479
7351.065 357.46494 340.10965 4.37659 1.6851981
7349.0186 357.51462 339.81207 5.005458 1.6871971
7346.9727 358.25955 341.1222 4.8594317 1.6885146
7344.927 357.50928 340.36508 4.600724 1.6860936
7342.8804 356.56094 339.42874 4.65658 1.6840333
7340.8345 357.3286 340.71075 4.938649 1.6866192
7338.7886 356.5823 340.11496 5.2256103 1.6857057
7336.7427 352.62256 335.94724 5.35248 1.6767582
7334.6963 349.93127 333.69818 5.302202 1.6704093
7332.6504 346.97128 331.21042 5.1433 1.6630665
7330.6045 347.17126 330.77606 4.560627 1.6620264
7328.5586 345.14438 329.16504 4.013272 1.6556827
7326.512 343.68744 328.36526 4.3823586 1.6532534
7324.4663 342.12976 326.70016 4.9727964 1.6513016
7322.4204 336.891 321.88873 4.977506 1.6389031
7320.374 331.68515 317.832 4.906403 1.6261774
7318.328 327.8711 314.30405 4.59823 1.6161169
7316.282 328.4526 314.88272 4.374604 1.6169463
7314.2363 328.9235 315.7509 4.4632363 1.6183653
7312.19 328.1866 314.53757 4.616033 1.6169204
7310.144 329.4054 315.42465 4.667935 1.6200265
7308.098 330.91565 317.45172 4.4954 1.6232649
7306.0522 328.302 314.83365 3.9457335 1.6153116
7304.006 325.71222 311.88556 3.2492387 1.6070534
7301.96 330.31107 316.5577 2.8755503 1.6170121
7299.914 334.1509 320.2811 2.7970061 1.6260273
7297.8677 337.32474 322.91934 2.8958824 1.6339562
7295.822 337.44165 323.0523 3.1671405 1.635012
7293.776 335.6213 321.4222 3.4401536 1.6313308
7291.73 336.28674 321.74786 3.4993339 1.6330707
7289.6836 339.35892 324.80768 3.6767693 1.6410164
7287.6377 344.11044 330.03384 4.5627556 1.654634
7285.592 349.71295 335.45444 5.514832 1.6704713
7283.5454 350.64124 336.54004 5.7361083 1.6731927
7281.4995 348.30826 333.9899 5.707935 1.6676388
7279.4536 342.2665 328.00165 5.800962 1.6536336
7277.4077 337.17474 323.06897 5.8007026 1.6415118
7275.3613 338.9803 324.44925 5.602563 1.6452502
7273.3154 343.30817 328.8194 5.290042 1.6547419
7271.2695 347.9814 333.18073 4.838118 1.6645787
7269.2236 351.89038 336.95813 4.689382 1.6731497
7267.1772 348.69662 334.04913 4.2593493 1.664441
7265.1313 345.79242 330.83624 3.3358784 1.6550895
7263.0854 347.49628 332.29303 2.6336722 1.6571276
7261.039 349.7742 334.84854 2.5152836 1.6621329
7258.993 350.98233 335.8445 2.6645327 1.665338
7256.9473 350.72876 335.3744 3.1221397 1.6661012
7254.9014 347.12622 332.2316 3.9106078 1.6597978
7252.855 346.38437 331.63025 4.656486 1.6600543
7250.809 348.37006 333.59903 5.395815 1.6668574
7248.763 348.33325 333.41592 5.89408 1.6681108
7246.7173 346.92346 331.947 6.0414844 1.6650852
7244.671 345.87158 331.20523 5.961805 1.662489
7242.625 344.46063 330.04523 5.7351384 1.6586345
7240.579 345.9167 331.37143 5.614887 1.6616244
7238.5327 346.3858 331.44434 5.494005 1.662444
7236.487 344.40256 329.66052 5.2441635 1.657059
7234.441 346.2971 331.6282 4.6248856 1.6597952
7232.395 352.0521 336.84766 3.7830632 1.6710199
7230.3486 357.40347 342.02863 3.0288448 1.6814215
7228.3027 360.0458 345.12387 2.4002585 1.6857706
7226.257 360.58417 345.30215 1.9185827 1.685644
7224.211 364.30084 348.03146 1.798911 1.6939089
7222.1646 365.50082 349.52274 1.7806785 1.6966124
7220.1187 366.05228 350.36383 1.7873074 1.6978961
7218.0728 365.49487 349.28717 1.7369726 1.6964811
7216.0264 366.436 349.99664 1.6936902 1.6984944
7213.9805 367.37384 351.4105 1.7260187 1.7007359
7211.9346 362.32895 346.49533 1.7131302 1.6890993
7209.8887 356.48038 340.2921 1.6245294 1.6752719
7207.8423 353.2657 337.1484 1.6133816 1.667761
7205.7964 344.89395 328.6122 1.6225184 1.6480592
7203.7505 341.40805 325.3708 1.6126093 1.6397436
7201.7046 343.7857 327.93597 1.5949856 1.645339
7199.658 345.35446 329.15186 1.6058539 1.6491472
7197.6123 344.2662 328.02457 1.6007514 1.646505
7195.5664 341.9377 326.2464 1.5636609 1.640848
7193.52 340.74872 324.87863 1.6360459 1.638286
7191.474 340.891 324.3059 1.6504154 1.6386157
7189.428 337.90482 321.984 1.6692204 1.6315253
7187.3823 337.50342 321.74408 1.7235991 1.6307381
7185.336 340.05426 324.09207 1.737361 1.6368806
7183.29 343.98502 327.97638 1.7503725 1.6462637
7181.244 348.3537 331.98312 1.8199055 1.6568004
7179.198 348.96756 332.63333 1.854717 1.658344
7177.152 348.62268 332.25287 1.8698465 1.6575822
7175.106 349.32495 333.066 1.9175855 1.6593605
7173.06 352.7212 335.74472 1.9471946 1.667415
7171.0137 355.7121 338.72418 1.9680732 1.6744587
7168.968 358.49896 341.8287 1.9807322 1.6809498
7166.922 364.61078 347.46115 1.9716798 1.6950682
7164.876 369.9159 352.50235 1.9699211 1.7073048
7162.8296 368.40778 351.46677 1.9738343 1.7037967
7160.7837 370.17642 353.33353 1.9340914 1.7077447
7158.738 372.2472 354.62854 1.9817547 1.7126101
7156.692 373.5578 356.36954 2.0553772 1.7158097
7154.6455 374.34613 357.31586 2.1035044 1.7177043
7152.5996 373.61465 356.10028 2.1324034 1.7161058
7150.5537 372.44684 354.98914 2.109885 1.7134129
7148.5073 373.75467 356.4529 2.0568345 1.716215
7146.4614 375.5479 358.33154 2.0692065 1.720322
7144.4155 373.012 356.09076 2.0547564 1.7145159
7142.3696 373.87277 357.48438 2.1191466 1.7166386
7140.323 373.67715 357.20404 2.1371052 1.7162467
7138.2773 376.43088 359.3985 2.1170514 1.72246
7136.2314 377.36346 360.13837 2.0748777 1.7244506
7134.1855 374.40408 357.11145 1.9915605 1.7175126
7132.139 377.2451 359.73596 1.9212099 1.7238152
7130.0933 377.89294 361.00064 1.8576651 1.7250156
7128.0474 378.70264 361.82983 1.8607218 1.7268544
7126.001 376.47812 359.34616 1.8898463 1.7219303
7123.955 376.6749 359.80734 1.8469776 1.7222459
7121.909 376.26385 359.81467 1.8734396 1.7213966
7119.8633 374.1926 357.59714 1.8707936 1.7167314
7117.817 374.74606 357.95822 1.7656018 1.717674
7115.771 375.99542 359.65842 1.8036069 1.720572
7113.725 376.6022 360.2882 1.8112073 1.7220033
7111.679 375.91412 359.29816 1.7834933 1.7203931
7109.633 376.5989 360.45935 1.8357234 1.7220412
7107.587 377.14658 361.36517 1.8610365 1.7233741
7105.541 375.3359 359.3808 1.8495091 1.7192404
7103.4946 374.84088 358.82632 1.8813789 1.718179
7101.4487 376.14777 360.2801 1.9439293 1.7213306
7099.403 374.71887 358.98972 2.0018399 1.7182077
7097.357 376.18402 360.92868 2.055311 1.721696
7095.3105 376.87888 361.62137 2.0516958 1.7232946
7093.2646 375.61057 360.32062 2.0311253 1.7203653
7091.2188 373.9451 359.13354 2.0976214 1.7167462
7089.173 373.10004 358.5782 2.155408 1.7149538
7087.1265 374.1741 359.29962 2.1342869 1.7173434
7085.0806 375.66815 360.47903 2.1362653 1.7207758
7083.0347 374.72983 359.5868 2.1772683 1.718715
7080.9883 374.58817 359.33182 2.1693022 1.718329
7078.9424 374.12625 358.8217 2.1261632 1.7172217
7076.8965 375.46002 360.26535 2.1348338 1.7202637
7074.8506 379.22488 364.1969 2.1414094 1.7287819
7072.804 379.15536 363.89276 2.1448748 1.7286553
7070.7583 376.03555 360.76483 2.105702 1.7214934
7068.7124 377.42538 362.75388 2.0170844 1.7243644
7066.6665 379.87802 364.97205 2.040569 1.7299885
7064.62 377.35883 361.93463 2.0762792 1.7244482
7062.574 376.09192 360.73022 2.0955877 1.7215943
7060.5283 375.82126 360.77057 2.1576488 1.7211226
7058.482 374.40836 359.35608 2.2235734 1.7181139
7056.436 375.26224 360.07794 2.212615 1.7200384
7054.39 376.82523 361.78287 2.2044337 1.7235732
7052.344 376.19598 361.3606 2.2542777 1.722258
7050.298 378.66614 363.68723 2.2321258 1.7277575
7048.252 379.3749 364.25317 2.235617 1.7294488
7046.206 379.21915 364.35712 2.2587526 1.7291249
7044.16 378.18286 363.16476 2.2163846 1.7266183
7042.114 376.03815 360.8982 2.1768575 1.7216574
7040.068 375.9034 360.68207 2.0995188 1.721141
7038.022 377.74652 362.52585 1.9349258 1.7248603
7035.9756 378.23697 363.55557 1.8273239 1.725693
7033.9297 378.27774 363.75058 1.8228458 1.7257884
7031.884 377.79782 362.77036 1.7514348 1.724514
7029.838 376.492 361.81732 1.7692262 1.7215972
7027.7915 373.54938 359.3108 1.7728033 1.7148901
7025.7456 372.01505 357.15402 1.7584832 1.7114235
7023.6997 375.43423 360.19757 1.8208781 1.7193487
7021.654 379.17416 364.33777 1.9090495 1.7279931
7019.6074 377.35062 362.12772 1.9413301 1.7240067
7017.5615 375.5643 359.62192 1.9753205 1.720088
7015.5156 377.79953 362.4322 2.000341 1.7251577
7013.469 376.5188 361.31757 2.0571587 1.722411
7011.4233 377.64084 361.76907 2.085577 1.725046
7009.3774 378.6839 362.59854 2.1003222 1.7274605
7007.3315 376.71356 361.1042 2.115936 1.7230177
7005.285 375.48105 359.68234 2.1132848 1.7202015
7003.2393 376.75684 360.4685 2.0764778 1.7230222
7001.1934 378.05536 362.68442 2.001384 1.72574
6999.1475 378.40445 362.86703 1.9634389 1.7264352
6997.101 378.91684 362.3463 1.9701624 1.7276392
6995.055 376.7223 360.6094 1.9405718 1.722577
6993.0093 374.96204 359.35706 1.9712454 1.7186477
6990.963 374.70908 358.8439 2.0566406 1.7182901
6988.917 375.7203 359.6265 2.1852813 1.7209334
6986.871 378.15143 362.08533 2.3271377 1.7268703
6984.825 380.35126 364.42334 2.3134391 1.7318336
6982.779 384.17056 367.65356 2.3342533 1.7404265
6980.733 378.9695 362.61423 2.4373605 1.7289294
6978.687 378.79153 362.49832 2.5137346 1.7287735
6976.641 380.54462 364.45673 2.5515337 1.7328942
6974.5947 380.3384 364.3938 2.5090206 1.7322861
6972.549 381.09308 364.8254 2.4765165 1.7338287
6970.503 381.69617 365.21262 2.4907873 1.7352197
6968.4565 381.62363 365.2586 2.316271 1.7345902
6966.4106 381.5298 365.22476 2.1035767 1.7338717
6964.3647 378.93402 362.10675 2.0959218 1.7280391
6962.319 376.88895 360.29477 2.2771952 1.7238547
6960.2725 375.0322 358.91702 2.5505238 1.7203783
6958.2266 375.13397 358.63956 2.623964 1.7208086
6956.1807 376.79254 360.0374 2.552526 1.7243656
6954.135 377.3473 361.0887 2.5978358 1.7257835
6952.0884 376.87207 360.6563 2.6736374 1.7249054
6950.0425 373.69055 357.6729 2.790905 1.7180136
6947.9966 375.31323 359.175 2.7428524 1.7215259
6945.95 374.2019 358.14743 2.8099704 1.7191637
6943.9043 372.93903 356.78543 2.8003523 1.7163126
6941.8584 373.56046 357.31137 2.6470718 1.7173125
6939.8125 374.38803 358.3571 2.460846 1.7186773
6937.766 375.28455 359.31842 2.2908623 1.7202874
6935.72 375.6177 359.45993 2.3296735 1.7211245
6933.6743 374.65173 358.6941 2.6377866 1.7197134
6931.6284 372.8432 357.2454 2.6826456 1.7157449
6929.582 374.52432 358.14334 2.5564 1.7192811
6927.536 374.1034 358.15555 2.5079837 1.7181768
6925.49 374.17706 358.81412 2.574042 1.7185025
6923.444 374.32 358.45874 2.6875088 1.7191776
6921.398 372.64175 356.67746 2.7686274 1.7155806
6919.352 372.8511 357.36682 2.7678058 1.7159854
6917.306 370.9134 355.44577 2.7346365 1.711536
6915.26 370.81497 355.4062 2.6572168 1.7111459
6913.214 366.43243 351.4989 2.4986608 1.7006658
6911.168 366.25082 351.28387 2.3220675 1.6997504
6909.122 363.98526 348.83356 2.2691126 1.6944062
6907.0757 361.0655 346.12872 2.2732024 1.687716
6905.03 360.67194 346.1568 2.2279496 1.6866103
6902.984 356.30554 342.16162 2.1833193 1.6763651
6900.9375 353.9445 339.9376 2.1286366 1.6707292
6898.8916 350.22565 336.3374 2.0847325 1.6618345
6896.8457 347.9214 334.15143 2.1802812 1.6567187
6894.8 346.12216 332.83075 2.2315779 1.6526352
6892.7534 346.00092 332.5968 2.2416136 1.6523187
6890.7075 348.35394 334.38907 2.1980536 1.6577452
6888.6616 351.3314 337.51526 2.0872521 1.6644949
6886.6157 355.0317 341.766 2.027694 1.6729547
6884.5693 358.84454 345.6384 2.0645354 1.6819392
6882.5234 354.58954 341.6948 2.1249382 1.6722432
6880.4775 343.7852 331.18442 2.042888 1.6465918
6878.431 330.4344 318.0884 2.103567 1.6148348
6876.3853 316.66992 304.4968 2.5039382 1.5823607
6874.3394 306.44507 294.58612 2.9559982 1.5581782
6872.2935 303.99716 292.12167 3.143175 1.5525033
6870.247 314.17004 301.77243 3.1184506 1.5777534
6868.201 338.19894 325.41806 3.0642762 1.6361243
6866.1553 363.07523 349.54095 3.0444121 1.6944214
6864.1094 377.34744 363.64313 3.1258662 1.7272016
6862.063 384.97952 370.65295 3.1512723 1.7444068
6860.017 385.62805 371.57202 3.1318572 1.7457731
6857.971 386.34738 372.52386 3.0920238 1.7472565
6855.925 387.83456 373.80423 2.9022944 1.7500905
6853.879 387.99814 373.85583 2.4979591 1.7493565
6851.833 390.03342 375.69427 2.1077018 1.7528474
6849.787 389.13303 375.13724 2.025447 1.7506413
6847.7407 388.50943 373.69626 2.1981616 1.7497846
6845.695 392.27014 377.68625 2.4562123 1.758776
6843.649 390.09073 375.8345 2.7627954 1.7547727
6841.603 387.99005 373.79956 3.0748105 1.7509102
6839.5566 386.74 372.8963 3.317639 1.7487111
6837.5107 385.6121 371.95102 3.4343152 1.7465353
6835.465 387.9465 373.7592 3.4178715 1.7516981
6833.4185 387.95325 373.42023 3.3375244 1.751472
6831.3726 388.71628 374.85324 3.2937727 1.7530359
6829.3267 388.16098 374.397 3.2796926 1.7517856
6827.281 389.78317 375.63535 3.1757107 1.7552052
6825.2344 388.2861 374.39795 3.027767 1.7514085
6823.1885 386.4573 373.03305 2.7160213 1.7464607
6821.1426 387.82364 373.9008 2.3758733 1.7486774
6819.0967 388.579 373.86896 2.128359 1.7497137
6817.0503 389.4774 374.9609 1.8228682 1.7508668
6815.0044 393.08115 378.60486 1.7242191 1.7586443
6812.9585 391.4071 376.3635 1.7188872 1.7548975
6810.912 389.35425 374.71692 1.6916088 1.7502182
6808.866 388.3995 373.78192 1.7382153 1.7482198
6806.8203 387.70667 372.6353 1.7038468 1.7466078
6804.7744 386.78494 371.6491 1.6496311 1.7444082
6802.728 387.96988 373.13608 1.7027193 1.74717
6800.682 390.48495 375.51105 1.7273644 1.7528613
6798.636 388.94894 373.3317 1.713975 1.7494607
6796.5903 388.64444 373.5882 1.7427075 1.7487898
6794.544 388.76407 373.6588 1.7363566 1.7490534
6792.498 390.0593 374.20306 1.6981801 1.751866
6790.452 390.75906 374.91357 1.7187161 1.7534577
6788.406 389.51263 373.98807 1.7198955 1.7506205
6786.36 387.4251 371.7669 1.7162724 1.7459822
6784.314 388.62946 372.88916 1.7655185 1.7488471
6782.268 392.28763 376.66226 1.7688622 1.7569308
6780.2217 390.24042 374.4657 1.7449889 1.7523439
6778.176 390.92975 375.04315 1.6928093 1.7537551
6776.13 390.82755 375.24615 1.7402681 1.7536348
6774.084 392.4692 377.0607 1.7558231 1.757341
6772.0376 391.47803 375.3013 1.7236733 1.7550604
6769.9917 388.9108 372.69226 1.7050083 1.7492747
6767.946 389.8207 374.51065 1.7202944 1.7513309
6765.8994 392.00058 376.3002 1.7556149 1.7563001
6763.8535 393.00308 376.3649 1.7625147 1.7585481
6761.8076 392.79828 376.6261 1.7481829 1.7580279
6759.7617 389.9331 374.28473 1.718399 1.7515873
6757.7153 392.31076 376.0324 1.7473723 1.7569464
6755.6694 392.69052 376.60602 1.7569318 1.7577686
6753.6235 390.40485 375.0152 1.7653997 1.7527016
6751.5776 390.65225 374.88055 1.7680653 1.753317
6749.5312 390.55508 374.4781 1.781286 1.7531574
6747.4854 387.8717 372.60645 1.8386543 1.7473019
6745.4395 388.5925 373.2158 1.8011539 1.7488095
6743.393 390.76974 374.85602 1.8090185 1.7536962
6741.347 389.08893 373.67798 1.8255574 1.7500027
6739.3013 387.99435 373.37546 1.8119425 1.7475168
6737.2554 388.89966 373.65527 1.8310932 1.7495885
6735.209 389.03516 373.27847 1.8282409 1.7498928
6733.163 387.66608 372.32907 1.7911329 1.746715
6731.117 388.42014 372.92267 1.7931259 1.748384
6729.0713 391.8352 376.03177 1.8040742 1.7560594
6727.025 391.22067 375.8892 1.8187305 1.7546959
6724.979 390.7388 375.41766 1.8437871 1.7536887
6722.933 391.44485 375.91895 1.8475562 1.7552814
6720.8867 392.11612 376.68106 1.7833298 1.7565776
6718.841 392.66867 377.72906 1.7604535 1.757754
6716.795 391.6862 376.3995 1.7933413 1.7556992
6714.749 389.9194 374.47034 1.8231567 1.7518487
6712.7026 390.846 376.28857 1.8590118 1.7539791
6710.6567 392.196 377.00226 1.8773911 1.7570405
6708.611 389.76675 374.60516 1.8656434 1.7516154
6706.565 391.27097 376.811 1.8447441 1.7548808
6704.5186 390.87332 376.49393 1.8550552 1.7540425
6702.4727 390.6548 375.70096 1.8317416 1.7535003
6700.427 391.45126 376.70053 1.8445199 1.7552629
6698.3804 391.8638 377.49207 1.8954555 1.7562683
6696.3345 392.99954 378.26266 1.8723308 1.758754
6694.2886 393.99808 379.32462 1.8082892 1.7608714
6692.2427 392.66156 378.50015 1.8074844 1.7578822
6690.1963 391.99496 377.61752 1.8070909 1.7563728
6688.1504 390.95612 376.35474 1.7796689 1.7540091
6686.1045 392.1526 378.09766 1.8142953 1.7568
6684.0586 391.22272 377.45618 1.8026167 1.7546842
6682.012 392.79724 378.78912 1.7845049 1.7580966
6679.9663 395.38785 381.27618 1.8200271 1.7639413
6677.9204 392.93634 379.10135 1.8516152 1.758576
6675.874 391.886 378.28854 1.8858755 1.7563429
6673.828 394.40192 380.7069 1.9066867 1.7620347
6671.782 393.68167 380.38742 1.833585 1.7602447
6669.7363 391.62485 378.6082 1.8801154 1.7557749
6667.69 392.01016 378.70615 1.9125525 1.7566997
6665.644 391.59637 377.74146 1.8743589 1.755645
6663.598 391.28314 377.26984 1.8697615 1.7549459
6661.5522 392.0183 378.1666 1.9022728 1.7566786
6659.506 393.35913 379.5649 1.9016347 1.7596464
6657.46 394.28943 380.56442 1.8882555 1.7617126
6655.414 390.85776 377.21375 1.8694128 1.7540039
6653.3677 393.2344 379.56226 1.8046824 1.7591237
6651.322 391.40155 377.7821 1.8636166 1.755226
6649.276 392.53415 379.15076 1.8403686 1.7576746
6647.23 392.79858 379.21823 1.8207214 1.7581785
6645.1836 391.13165 377.4592 1.8798505 1.7546542
6643.1377 389.68335 376.15137 1.8671806 1.7514161
6641.092 388.78473 375.11603 1.803097 1.7491933
6639.046 389.5074 375.79504 1.8456173 1.750926
6636.9995 388.36624 374.67188 1.8842312 1.7485467
6634.9536 392.43942 379.15732 1.8792821 1.7575879
6632.9077 390.3184 377.49844 1.8633122 1.7528147
6630.8613 387.4568 374.53265 1.860108 1.746453
6628.8154 386.87787 374.01904 1.8489305 1.7451218
6626.7695 385.6888 372.84335 1.8308161 1.7423756
6624.7236 385.8242 372.47504 1.8175517 1.7426527
6622.6772 387.54968 374.0908 1.7990007 1.7464813
6620.6313 386.15402 373.25632 1.7911547 1.7432941
6618.5854 384.49628 371.5557 1.8187851 1.7396686
6616.5396 384.6819 371.5045 1.823073 1.7401024
6614.493 385.72205 372.80676 1.8713902 1.7425854
6612.4473 384.51428 371.67032 1.8979586 1.7399598
6610.4014 381.93857 368.83124 1.8972505 1.7341845
6608.355 382.0781 368.94034 1.9300234 1.7345574
6606.309 382.3077 369.38095 1.9767886 1.7351801
6604.263 378.98193 365.83444 1.9827116 1.727731
6602.2173 376.238 362.68167 1.992113 1.721539
6600.171 375.61124 362.57117 2.0371847 1.7202338
6598.125 375.19214 362.4249 1.99917 1.7191863
6596.079 375.182 361.6865 1.9784291 1.7191083
6594.033 374.92618 361.40054 1.9087949 1.7183425
6591.987 371.14923 357.7896 1.9315363 1.709773
6589.941 368.0281 354.42703 2.026964 1.7029288
6587.895 367.76303 354.11945 2.0852475 1.7025039
6585.8486 365.1749 351.9258 2.139045 1.6966754
6583.8027 360.89722 347.71942 2.166906 1.6869341
6581.757 359.96658 346.25497 2.128271 1.6847104
6579.711 356.30713 342.94238 2.1940937 1.6762999
6577.6646 351.62735 338.69327 2.277663 1.6656255
6575.6187 350.3577 337.377 2.5151236 1.6632985
6573.5728 347.42798 334.41492 2.8104348 1.657226
6571.527 343.48215 330.74313 2.9424672 1.6482619
6569.4805 340.49896 327.9343 2.8841689 1.6410024
6567.4346 337.3699 324.5829 2.8039632 1.6333537
6565.3887 335.81918 322.84848 2.8844924 1.6298819
6563.3423 337.36438 324.5155 3.0463467 1.6340961
6561.2964 340.54794 327.54733 2.9682837 1.641402
6559.2505 342.33432 329.50427 2.970174 1.6456674
6557.2046 346.2501 333.01566 3.0360334 1.655115
6555.158 352.63486 338.95233 2.9786701 1.6698744
6553.1123 354.2428 340.76877 2.7387311 1.672976
6551.0664 354.46048 341.1025 2.475448 1.6727782
6549.0205 358.27228 344.75485 2.365923 1.6813194
6546.974 361.5375 347.924 2.405306 1.6890001
6544.928 363.97202 349.8283 2.4558032 1.694788
6542.8823 366.3404 352.24765 2.413027 1.7001032
6540.836 368.77884 355.3311 2.3731983 1.7056164
6538.79 368.94946 354.99478 2.3533766 1.7059703
6536.744 367.35233 353.85315 2.3398926 1.7022866
6534.698 372.2965 358.93182 2.3377059 1.7134835
6532.652 376.36487 362.23877 2.3217402 1.7227253
6530.606 374.86417 360.64096 2.320694 1.7193637
6528.56 375.41608 361.57147 2.3118246 1.7205269
6526.514 376.8289 362.81375 2.23417 1.7234944
6524.468 377.50204 363.22464 2.1850224 1.7249665
6522.422 378.04187 364.07867 2.0350595 1.7257166
6520.376 374.64432 361.13733 1.9756435 1.7178283
6518.3296 375.13583 360.91507 1.9432411 1.7189323
6516.2837 377.89963 363.60046 2.0022352 1.7253488
6514.238 378.88373 365.17224 2.063861 1.7276642
6512.192 380.82434 366.78308 2.122684 1.732224
6510.1455 383.3837 369.07678 2.2936206 1.738493
6508.0996 383.42825 369.8312 2.4825063 1.7390311
6506.0537 384.6389 371.0146 2.525956 1.7418817
6504.008 385.988 372.4935 2.4154534 1.7445697
6501.9614 384.71625 371.22925 2.412885 1.7417256
6499.9155 386.4708 372.94928 2.3654087 1.7455604
6497.8696 386.1069 372.70566 2.382318 1.7448134
6495.823 384.34006 371.18588 2.3488688 1.7407639
6493.7773 384.51276 371.32532 2.2516785 1.7408595
6491.7314 385.0526 371.95743 2.2100534 1.7419223
6489.6855 384.9218 371.97476 2.0988894 1.7413727
6487.639 385.47025 372.12607 1.8774474 1.7420925
6485.5933 386.22452 373.32193 1.8262373 1.7435806
6483.5474 386.10532 372.9723 1.9037181 1.7435131
6481.5015 386.27676 372.5679 2.0279343 1.744224
6479.455 386.20703 372.82343 2.103967 1.7442725
6477.409 386.0406 373.04364 2.1839917 1.7440727
6475.3633 385.11688 372.13953 2.3283858 1.7424349
6473.317 386.6693 373.85522 2.3637612 1.746049
6471.271 389.65683 377.27512 2.3049161 1.7525444
6469.225 390.09546 377.7522 2.349943 1.7536441
6467.179 391.81668 378.93027 2.3679304 1.7574886
6465.133 391.1325 378.7252 2.3693168 1.755982
6463.087 390.0521 378.3836 2.3529842 1.7535266
6461.041 390.36484 378.2167 2.3037465 1.7541201
6458.995 391.7029 379.36542 2.2315035 1.7568518
6456.9487 393.02173 380.79068 2.122869 1.7594998
6454.903 392.98892 380.86368 1.9994103 1.7591153
6452.857 393.37247 381.2438 1.9254763 1.7597435
6450.8105 393.66946 381.3398 1.8886458 1.7603068
6448.7646 390.96213 378.59863 1.8620267 1.754222
6446.7188 390.87833 378.41672 1.8848926 1.7541382
6444.673 394.45944 382.13834 1.8362088 1.7619367
6442.6265 392.85916 380.25824 1.8045843 1.7582963
6440.5806 392.04498 379.42868 1.7993579 1.7564702
6438.5347 393.65158 380.7217 1.7731732 1.7599651
6436.4883 395.01453 382.38348 1.7919874 1.7630756
6434.4424 395.3458 383.21942 1.8269113 1.7638794
6432.3965 394.1877 382.06854 1.8352183 1.7613117
6430.3506 392.1751 380.05286 1.8455642 1.7569116
6428.304 392.321 380.11023 1.8548893 1.757217
6426.2583 394.46304 382.5859 1.8789803 1.7620711
6424.2124 395.00156 383.03104 1.811166 1.7630868
6422.1665 393.3266 380.89426 1.8241819 1.7594078
6420.12 396.3917 384.08298 1.8920453 1.7663729
6418.074 397.0614 384.91168 1.8877065 1.7678616
6416.0283 395.67706 383.60355 1.8485167 1.7646708
6413.982 394.9999 383.05124 1.8589127 1.7631876
6411.936 394.0294 382.03918 1.8878571 1.7611217
6409.89 395.50775 383.44965 1.8491155 1.7642708
6407.844 398.18182 386.29398 1.7719065 1.7700125
6405.798 395.07916 383.32336 1.7916834 1.7631902
6403.752 392.4118 380.53107 1.8480493 1.7574519
6401.706 394.6216 383.28033 1.8773003 1.7624415
6399.66 397.81235 385.9328 1.809208 1.76927
6397.614 396.3221 384.75665 1.8765275 1.7661608
6395.568 395.29175 383.70062 1.9064289 1.7639917
6393.522 395.7624 383.5085 1.9023542 1.7650037
6391.4756 396.12802 384.0241 1.9740295 1.7660041
6389.4297 396.8529 384.569 1.9861313 1.7676598
6387.384 395.258 382.21277 2.0050726 1.7641511
6385.338 395.51642 382.66232 2.0104084 1.7647004
6383.2915 393.72128 381.63394 2.0311124 1.7607937
6381.2456 396.30762 383.44122 2.0027628 1.7665113
6379.1997 395.0178 382.05887 1.999356 1.763653
6377.154 392.8287 380.48935 2.5057645 1.7600459
6375.1074 395.99307 383.189 3.4964545 1.7696923
6373.0615 396.90298 383.89865 4.115248 1.7734059
6371.0156 396.09515 383.30823 4.166648 1.7717009
6368.969 398.56195 385.18097 4.1978517 1.7771986
6366.9233 396.60852 383.5229 4.2472396 1.7729872
6364.8774 396.7617 383.83612 4.3729477 1.7736686
6362.8315 395.8679 382.81842 4.4320903 1.7718041
6360.785 395.8696 383.01923 4.3688774 1.7716211
6358.7393 397.3566 383.85745 4.395657 1.7750627
6356.6934 397.02997 383.858 4.256037 1.7739403
6354.6475 396.71008 384.14148 3.607989 1.7715392
6352.601 396.0198 382.79382 2.672206 1.7676113
6350.555 395.90356 382.3904 2.1254382 1.7658949
6348.5093 396.22797 383.52762 2.1053212 1.7665598
6346.463 394.37845 381.25732 2.0572567 1.7623632
6344.417 397.35217 383.2634 1.9555916 1.7686791
6342.371 396.84024 383.94623 2.061962 1.7678368
6340.325 396.75375 383.45422 2.2244473 1.7680475
6338.279 395.78943 381.82718 2.2191072 1.7659011
6336.233 397.0281 383.40945 2.2084408 1.7686012
6334.187 398.33936 384.55344 2.223728 1.7714939
6332.141 397.18274 383.3131 2.2841752 1.7691408
6330.0947 397.36874 384.0045 2.3386014 1.7697217
6328.049 397.98715 384.4613 2.3212342 1.770994
6326.003 395.74823 381.9621 2.3274195 1.7660989
6323.9565 395.95688 382.48508 2.3021502 1.7664521
6321.9106 395.62378 381.7611 2.2407372 1.7655635
6319.8647 397.28934 383.25815 2.2627914 1.7692801
6317.819 397.27017 383.58475 2.3365839 1.7694832
6315.7725 395.56424 381.91602 2.4185393 1.7659341
6313.7266 393.38168 379.68613 3.7764523 1.7647078
6311.6807 393.933 380.6209 6.8618073 1.7738384
6309.635 395.69104 382.10587 9.033935 1.7832439
6307.5884 395.0842 381.3126 9.202449 1.7823611
6305.5425 394.05743 381.19345 9.251539 1.7801396
6303.4966 393.922 380.80093 9.274396 1.7798848
6301.45 393.0375 379.86047 9.277772 1.7778244
6299.4043 391.64447 378.6928 9.361782 1.7749783
6297.3584 391.49072 378.45276 9.415106 1.7748626
6295.3125 392.1905 379.22757 9.346441 1.7762665
6293.266 392.48505 379.53967 8.795285 1.7754343
6291.22 392.69507 380.01883 6.8374786 1.7710639
6289.1743 393.2388 380.565 3.9339075 1.7648147
6287.1284 392.53522 379.0001 2.2889519 1.7588181
6285.082 389.8984 376.26883 2.277916 1.7530063
6283.036 387.75153 375.0352 2.259201 1.7481627
6280.99 387.43793 374.2343 2.2901993 1.7475191
6278.944 388.0286 374.904 2.1944685 1.7486346
6276.898 390.20193 376.72556 2.160172 1.75334
6274.852 393.69223 380.46875 2.1070447 1.760938
6272.806 396.11652 383.08533 2.165728 1.766464
6270.76 397.8304 384.97028 2.2929094 1.7706234
6268.714 397.97458 385.40735 2.4670045 1.7714095
6266.668 399.2539 386.65985 2.5534158 1.7743995
6264.622 401.90015 389.255 2.4834256 1.7800215
6262.5757 402.01086 389.56244 2.4431643 1.780183
6260.53 401.06168 388.68494 2.4674609 1.7781694
6258.484 400.0869 387.92828 2.4785738 1.7760459
6256.4375 402.68326 390.0738 2.4243536 1.781613
6254.3916 402.93054 390.44305 2.4266336 1.7821033
6252.3457 403.44846 390.90216 2.435339 1.7832645
6250.3 402.37537 389.4248 2.4403226 1.7809473
6248.2534 402.75195 390.31967 2.47107 1.7818561
6246.2075 402.76834 390.69983 2.5251865 1.7820352
6244.1616 401.01007 388.72156 2.5891855 1.7783341
6242.1157 402.3977 390.0598 2.599996 1.7813847
6240.0693 403.7805 391.662 2.5631099 1.7843345
6238.0234 401.672 390.17487 2.5735612 1.779739
6235.9775 404.6642 392.59027 2.5430954 1.7861786
6233.931 401.1712 389.14154 2.5596042 1.778645
6231.8853 402.7301 390.41 2.5502496 1.7819651
6229.8394 405.66394 393.702 2.5183337 1.7882997
6227.7935 403.92508 391.64847 2.3502488 1.7840947
6225.747 402.83145 390.44427 2.1972032 1.781307
6223.701 403.3895 391.05548 2.0133097 1.7820193
6221.6553 402.768 390.2398 1.9142894 1.7803928
6219.6094 402.3403 389.91318 1.9680575 1.7796022
6217.563 405.25116 392.76892 1.9345853 1.7858447
6215.517 408.37195 396.00366 1.9679157 1.792759
6213.471 403.46683 391.54883 2.0034447 1.7821672
6211.425 404.84256 392.14084 1.9584285 1.7850525
6209.379 406.73688 394.58963 1.88022 1.7889447
6207.333 407.19925 395.0561 1.9184417 1.7901112
6205.287 407.73657 395.3377 1.9367862 1.791349
6203.2407 405.75137 393.30032 1.9057467 1.7869078
6201.195 406.54294 394.176 1.9107052 1.7886204
6199.149 408.3453 395.80212 1.9077445 1.7925565
6197.103 405.95422 393.406 1.8883914 1.7873045
6195.0566 404.6868 392.7112 1.9077449 1.7845591
6193.0107 406.0375 393.56778 1.8864126 1.787472
6190.965 408.0582 394.96704 1.8395026 1.7917739
6188.9185 405.39545 393.50427 1.8466796 1.7859724
6186.8726 408.67224 396.4173 1.8766104 1.7931614
6184.8267 408.86453 396.61035 1.8841292 1.7936484
6182.781 407.57324 395.3324 1.8838898 1.7908304
6180.7344 407.1639 395.205 1.9573075 1.7901149
6178.6885 407.377 395.3881 2.0151517 1.790722
6176.6426 407.01904 394.6665 1.9821218 1.7898673
6174.5967 407.44678 394.643 1.9157889 1.7906282
6172.5503 408.61566 395.6744 1.8974142 1.7930834
6170.5044 407.28055 394.908 1.9567106 1.790341
6168.4585 407.89804 394.43637 1.9858161 1.7917571
6166.412 407.96674 394.7517 1.9883283 1.7918793
6164.366 407.97577 394.6368 2.0068693 1.7919835
6162.3203 406.77478 393.65884 1.9961296 1.789299
6160.2744 408.83636 395.45667 1.904519 1.7935627
6158.228 408.74854 395.50153 1.8832914 1.7933531
6156.182 407.51517 394.2814 1.9558309 1.7908375
6154.136 408.73434 395.07108 1.9642594 1.7935311
6152.0903 409.9568 396.36978 1.9892939 1.7962765
6150.044 410.23813 397.0145 2.0519218 1.7969975
6147.998 409.99884 396.485 2.0005927 1.796345
6145.952 408.13867 393.90787 2.0189993 1.7923831
6143.906 408.67603 394.56253 2.0341136 1.7935629
6141.86 411.706 398.18076 1.9993917 1.8000965
6139.814 411.92325 397.89096 1.995019 1.8005157
6137.768 410.12424 396.53802 2.0039897 1.796614
6135.7217 409.57645 395.8095 1.9537655 1.7953323
6133.676 409.85483 395.91022 1.9457256 1.7959133
6131.63 411.343 396.59985 1.9184705 1.7990901
6129.584 412.75104 397.723 1.8584514 1.801996
6127.5376 412.97183 398.64133 1.8565335 1.802413
6125.4917 412.28696 397.54132 1.837874 1.8008802
6123.446 410.48514 395.76584 1.7800244 1.7968504
6121.3994 410.87494 396.62164 1.7956057 1.7977123
6119.3535 411.43616 396.87457 1.8450991 1.7990943
6117.3076 412.5728 398.0513 1.8667704 1.8016019
6115.2617 412.98373 398.28436 1.8128153 1.8023306
6113.2153 411.72476 396.9188 1.7834083 1.7995485
6111.1694 413.2019 398.64938 1.83927 1.8028758
6109.1235 414.13147 398.88943 1.8793374 1.8050294
6107.0776 413.72763 398.19943 1.8339137 1.8040206
6105.0312 414.65024 399.7891 1.8318232 1.8059412
6102.9854 413.89017 399.14456 1.8662076 1.8044229
6100.9395 412.03366 397.1802 1.83865 1.8003645
6098.893 413.78912 398.84418 1.839101 1.8041171
6096.847 413.60956 398.423 1.8221602 1.803681
6094.8013 412.45316 397.89554 1.8614049 1.8012784
6092.7554 415.82343 401.15668 1.7952815 1.8084328
6090.709 414.64618 400.14908 1.8047577 1.805901
6088.663 415.72314 401.04898 1.8350929 1.8082746
6086.617 414.9782 399.75824 1.834008 1.8067065
6084.5713 412.9894 397.8339 1.8145561 1.8023504
6082.525 414.34784 399.73633 1.7938725 1.8052195
6080.479 415.77884 400.764 1.7902434 1.808313
6078.433 416.91217 401.6319 1.8231771 1.8108385
6076.3867 417.37158 402.8934 1.8695803 1.8119658
6074.341 413.56018 398.93375 1.8756734 1.8037053
6072.295 413.59103 399.10645 1.856934 1.8036934
6070.249 413.10138 398.4472 1.84939 1.8026737
6068.2026 414.57645 399.69687 1.8906583 1.8059767
6066.1567 417.041 402.16977 1.8592716 1.8111888
6064.111 417.0898 401.30957 1.806846 1.81116
6062.065 418.71814 403.28897 1.88022 1.8148679
6060.0186 414.4959 400.3344 1.8960735 1.8057922
6057.9727 414.8583 400.14496 1.865975 1.8065219
6055.927 417.7576 402.63004 1.8438435 1.8127007
6053.8804 416.49774 402.3692 1.8278909 1.8099005
6051.8345 417.91284 404.01944 1.8508812 1.8130553
6049.7886 417.2423 403.34338 1.8323867 1.8115802
6047.7427 417.712 403.733 1.8440964 1.8125956
6045.6963 417.10675 402.873 1.8890636 1.8113729
6043.6504 418.95135 404.70865 1.8548801 1.8152997
6041.6045 419.62567 405.04358 1.8256568 1.8166574
6039.5586 419.75302 406.02026 1.8694968 1.8170359
6037.512 417.06403 403.51077 1.8848301 1.8112583
6035.4663 418.16275 403.71002 1.8832618 1.8136573
6033.4204 417.40726 403.23383 1.8986996 1.8120521
6031.374 417.45428 404.10486 1.8698992 1.8120512
6029.328 421.5047 407.93442 1.8381373 1.8207057
6027.282 420.79956 406.848 1.8644023 1.8192718
6025.2363 418.12247 404.5388 1.855923 1.8135204
6023.19 419.409 406.36395 1.8161397 1.8161482
6021.144 419.43457 405.99442 1.8556848 1.8163284
6019.098 419.58514 405.44827 1.8886362 1.8167316
6017.0522 420.99765 407.4149 1.8516457 1.819664
6015.006 418.04065 404.496 1.8654001 1.8132861
6012.96 420.76492 407.5417 1.9055357 1.8192166
6010.914 422.88284 409.2543 1.9026637 1.8237889
6008.8677 421.00116 407.00027 1.9190276 1.8198167
6006.822 422.07242 408.28082 1.956625 1.8221805
6004.776 422.5853 408.48242 1.9592326 1.8232839
6002.73 421.0616 406.7679 1.9297307 1.8199617
6000.6836 421.02267 407.52225 1.8922113 1.8197651
5998.6377 420.9277 407.4505 1.8995419 1.819586
5996.592 422.59875 408.31836 1.9505126 1.8233187
5994.546 421.28467 407.46396 1.9164563 1.8204005
5992.4995 423.0249 409.1979 1.918416 1.8241045
5990.4536 423.2715 409.5218 1.9203086 1.8246775
5988.4077 422.721 408.45776 1.9756149 1.8236481
5986.3613 421.5961 407.3518 1.981266 1.8212154
5984.3154 422.062 408.2223 1.989142 1.8222424
5982.2695 423.24875 409.1294 2.0047815 1.8248605
5980.2236 422.0937 408.1005 2.0065818 1.8223667
5978.1772 421.53674 408.0169 2.0514567 1.821263
5976.1313 424.01117 410.38675 2.106106 1.8267058
5974.0854 423.83963 410.12717 2.0982895 1.8263147
5972.0396 421.40088 407.69873 2.070444 1.8210251
5969.993 422.70114 408.9136 2.060885 1.8237755
5967.9473 421.6786 408.0088 2.0696201 1.8216407
5965.9014 422.25854 408.16104 2.0703623 1.8229121
5963.855 424.10812 410.48422 2.1129773 1.8269203
5961.809 423.6852 410.41882 2.09569 1.8259697
5959.763 426.70035 412.81656 2.160512 1.8325785
5957.7173 423.66367 410.0241 2.1489127 1.8260607
5955.671 424.60684 411.22363 2.1915963 1.8281714
5953.625 427.11588 413.6489 2.2248545 1.8336178
5951.579 426.17874 412.01843 2.1748037 1.831496
5949.533 425.91315 411.43158 2.1703634 1.8309339
5947.487 425.4184 411.652 2.1989706 1.8299555
5945.441 423.6844 409.41656 2.1727314 1.8261658
5943.395 422.56488 407.3869 2.1777875 1.8237863
5941.3486 422.84958 408.65842 2.244442 1.8245407
5939.3027 425.38446 411.1394 2.204542 1.8298798
5937.257 427.59937 413.28418 2.2492332 1.8346814
5935.211 428.13617 412.9543 2.217177 1.8357867
5933.1646 428.59158 413.8269 2.1851926 1.8366407
5931.1187 431.5975 416.58304 2.204055 1.8430495
5929.0728 429.9096 414.0553 2.2520518 1.8396242
5927.027 429.1597 413.78854 2.320835 1.8382119
5924.9805 430.00784 414.70367 2.3583546 1.8400562
5922.9346 427.3288 411.89642 2.347239 1.8343261
5920.8887 426.70795 411.34073 2.2689764 1.8328395
5918.8423 427.62292 411.93793 2.215763 1.834651
5916.7964 427.54535 412.2426 2.2791474 1.8346201
5914.7505 431.7665 416.2733 2.2776904 1.8435842
5912.7046 431.6058 415.37158 2.2022176 1.8431134
5910.658 432.54297 416.56998 2.2002273 1.8450373
5908.6123 428.3155 412.71487 2.3719366 1.836543
5906.5664 433.2287 417.24753 2.7929044 1.8479881
5904.5205 429.33435 413.5552 3.0931747 1.8404361
5902.474 427.3304 411.4763 3.402808 1.8369912
5900.428 430.47763 414.8861 3.9536636 1.8449758
5898.3823 428.33493 412.40314 4.443761 1.8416404
5896.336 428.6405 412.39166 4.6008735 1.842659
5894.29 429.78604 413.7459 4.585772 1.8450121
5892.244 429.5504 413.42215 4.5528064 1.8444573
5890.198 431.66708 415.31113 4.5423164 1.848934
5888.152 431.60876 415.26416 4.4823656 1.8486475
5886.106 432.40225 416.31976 4.1553435 1.8495063
5884.06 432.82004 416.75064 3.7390828 1.8493906
5882.014 431.88712 415.0775 3.4833126 1.8468331
5879.968 434.0818 417.65604 3.098613 1.8505377
5877.922 436.27325 419.9254 2.4756303 1.8536062
5875.876 438.4543 422.081 2.2791378 1.8576822
5873.8296 439.7507 422.97925 2.2582934 1.8603114
5871.7837 440.44354 423.49704 2.2596097 1.8617854
5869.738 438.34552 421.87997 2.2460217 1.8573574
5867.692 437.75256 420.60245 2.1787934 1.8559792
5865.6455 437.25473 420.20233 2.1709664 1.8548967
5863.5996 436.36246 420.25888 2.2175024 1.853095
5861.5537 438.34467 421.73706 2.1930878 1.8572319
5859.508 440.0723 423.05994 2.1411757 1.8607635
5857.4614 440.64935 423.91714 2.0838206 1.861791
5855.4155 441.91675 424.88052 1.9709384 1.8641099
5853.3696 439.87424 422.87683 1.9149399 1.8597232
5851.323 438.0781 421.01343 1.8612529 1.8558638
5849.2773 443.10422 426.28268 1.8671827 1.8663533
5847.2314 441.75055 425.24216 1.8386096 1.8634782
5845.1855 442.59293 425.5113 1.9430375 1.8655332
5843.139 442.2145 425.3619 1.9115552 1.8646251
5841.0933 441.4256 424.56616 1.8857696 1.8628916
5839.0474 443.8323 427.15076 1.901974 1.8679708
5837.0015 444.03418 427.1016 1.904753 1.8684295
5834.955 441.43747 424.63968 1.9294528 1.863065
5832.909 443.42648 426.7405 1.9541688 1.8672656
5830.8633 445.45337 428.20013 1.9416753 1.871513
5828.817 441.98505 425.18204 1.9149398 1.8642116
5826.771 441.74414 425.5711 1.8965132 1.8635992
5824.725 443.8286 427.4184 1.8978413 1.8679532
5822.679 441.97546 425.54907 1.9122632 1.8641193
5820.633 442.40817 425.35358 1.9272584 1.8650737
5818.587 440.29926 424.22852 1.924404 1.8606375
5816.541 443.87766 427.99326 1.8437645 1.8679192
5814.495 444.47244 428.25513 1.8571727 1.8691859
5812.4487 443.46805 427.39407 1.857938 1.8670857
5810.403 443.8041 428.28162 1.8714958 1.8678541
5808.357 445.08887 429.20514 1.885844 1.8705324
5806.3105 442.77588 426.80978 1.8825043 1.865727
5804.2646 442.40656 426.60907 1.8805965 1.8649788
5802.2188 445.06363 429.4435 1.87242 1.8704832
5800.173 444.9203 429.6031 1.8733101 1.8701614
5798.1265 443.95535 428.59702 1.8854257 1.868174
5796.0806 443.56067 428.03433 1.8808687 1.8673646
5794.0347 443.85132 428.36768 1.8588139 1.8678997
5791.989 446.63934 431.15106 1.8362815 1.873692
5789.9424 444.05975 428.26843 1.86705 1.8684052
5787.8965 442.2627 426.67764 1.8899207 1.864651
5785.8506 445.80316 430.34155 1.8665625 1.8719981
5783.804 445.56567 430.2385 1.8517694 1.8714896
5781.7583 445.43225 429.81714 1.9019196 1.871323
5779.7124 446.22614 430.52817 1.8719337 1.8728899
5777.6665 443.28836 427.92084 1.9104773 1.8668374
5775.62 443.8633 427.97244 1.8680266 1.867995
5773.574 447.03882 431.4235 1.8922224 1.8746469
5771.5283 445.8881 430.3751 1.8781931 1.8721977
5769.4824 443.97607 428.25085 1.8713845 1.8682036
5767.436 445.4769 430.0941 1.9200146 1.8714134
5765.39 446.50473 430.9456 1.8885022 1.87349
5763.344 446.59586 431.01086 1.8626634 1.8736434
5761.298 447.83847 432.54114 1.8691432 1.8762549
5759.252 448.0282 432.32822 1.8449792 1.8766003
5757.206 448.04434 432.91034 1.8236961 1.8765513
5755.16 447.88477 432.54898 1.8507084 1.8762743
5753.114 448.72635 433.37405 1.873715 1.8780816
5751.068 447.14847 431.38922 1.8524832 1.8747852
5749.022 446.46884 430.96558 1.8528777 1.8733597
5746.976 448.92902 433.20343 1.8716135 1.8785006
5744.9297 448.28928 432.13028 1.8762976 1.8772001
5742.884 450.0928 434.5913 1.8916057 1.8809907
5740.838 450.90845 435.26562 1.8814237 1.8826344
5738.7915 448.59082 433.04276 1.8754902 1.8777962
5736.7456 450.25513 434.33115 1.8520002 1.8811923
5734.6997 450.9741 435.01776 1.8599843 1.8827181
5732.654 449.21008 433.86536 1.9111819 1.8791842
5730.6074 450.3679 435.00128 1.9399483 1.8816447
5728.5615 452.8477 437.46814 1.9296823 1.8867617
5726.5156 452.22485 436.77576 1.9245766 1.8854427
5724.4697 450.50067 435.021 1.9539205 1.8819453
5722.4233 454.03616 438.53345 1.9345015 1.8892573
5720.3774 451.7753 435.78528 1.9526801 1.8846027
5718.3315 453.97937 438.0487 1.9396782 1.889103
5716.285 453.81787 437.74878 1.9219303 1.8887367
5714.2393 451.47473 435.5588 1.9460542 1.8839496
5712.1934 453.34476 437.17062 1.9183655 1.8877602
5710.1475 456.97263 440.46277 1.9281034 1.8952688
5708.101 456.0353 439.76974 1.9419475 1.8933461
5706.055 455.58325 438.63126 1.9262166 1.8924078
5704.0093 455.90027 438.98517 1.9760779 1.8931819
5701.9634 453.81757 437.1225 1.9711704 1.8888301
5699.917 457.04187 440.32956 1.9477646 1.8954347
5697.871 458.35022 440.94385 1.9527246 1.8981688
5695.825 455.966 438.26443 2.003246 1.8933773
5693.779 455.06815 438.0457 2.0409598 1.8916093
5691.733 454.9614 437.45538 1.9910532 1.89127
5689.687 459.1255 441.08365 1.9652123 1.899793
5687.641 459.85843 442.3163 1.9501657 1.9012278
5685.5947 456.66626 439.2452 1.948443 1.8946898
5683.549 456.74167 439.60638 1.9702137 1.8948883
5681.503 459.41373 441.16638 1.9735448 1.9003824
5679.457 456.93558 439.37778 1.9703208 1.8952857
5677.4106 458.98083 441.46753 1.9403 1.8994123
5675.3647 460.3772 442.21756 1.9430848 1.902294
5673.319 457.56183 439.45956 1.9164145 1.8964145
5671.2725 459.20236 441.17242 1.8838811 1.8997358
5669.2266 461.46936 443.42798 1.8732013 1.9043219
5667.1807 460.194 441.63968 1.917325 1.9018533
5665.135 461.05783 442.8031 1.9130979 1.903607
5663.0884 464.70972 446.5142 1.9220349 1.9110812
5661.0425 462.951 444.8881 1.8696622 1.9073534
5658.9966 462.45892 443.86896 1.8300214 1.9062579
5656.9507 463.66998 444.7603 1.8707303 1.9088398
5654.9043 462.64835 444.3863 1.8907366 1.9067857
5652.8584 465.17462 446.65295 1.8992038 1.9119668
5650.8125 466.06583 447.43152 1.8964978 1.9137621
5648.766 464.96777 446.4181 1.9155712 1.9115665
5646.72 465.606 447.00787 1.9369905 1.9129381
5644.6743 463.8818 445.49927 1.9251404 1.9093767
5642.6284 465.32114 446.28122 1.944376 1.9123944
5640.582 462.5685 443.88736 1.9617016 1.9068058
5638.536 467.13992 448.57376 1.9626782 1.9161568
5636.49 462.7655 444.1564 1.930742 1.9071267
5634.4443 466.92282 447.34943 1.9984614 1.9157941
5632.398 468.3273 449.41614 1.9669701 1.9185721
5630.352 466.85718 448.3 1.9897225 1.9156109
5628.306 464.38174 445.18652 1.9862616 1.9105269
5626.26 467.13187 448.2465 2.0197587 1.9162579
5624.214 469.77084 451.1406 2.0309112 1.9216863
5622.168 469.94797 451.07397 1.982854 1.9218808
5620.122 468.41376 449.0919 2.0291948 1.9188844
5618.0757 467.77344 448.70248 2.0528574 1.9176325
5616.03 466.9294 448.21097 2.0525475 1.9158821
5613.984 466.61115 447.89166 2.0836732 1.9153253
5611.9375 470.27292 451.5646 2.0708148 1.922758
5609.8916 472.40866 453.41452 2.0724983 1.9271023
5607.8457 470.3561 451.65887 2.0725958 1.922911
5605.8 468.37006 449.64435 2.0779881 1.9189185
5603.7534 469.63486 450.5056 2.0847409 1.9214921
5601.7075 471.33774 452.9392 2.114974 1.9249859
5599.6616 470.57684 451.94797 2.1285527 1.923496
5597.6157 472.09042 453.41827 2.1595435 1.9266652
5595.5693 472.7737 453.5824 2.1480658 1.9280405
5593.5234 469.7106 451.19128 2.1278632 1.9217445
5591.4775 473.16415 454.93198 2.1098807 1.928654
5589.431 467.22128 449.7686 6.201371 1.9264607
5587.3853 471.52008 453.9948 18.055788 1.9610682
5585.3394 471.99564 455.6563 27.445122 1.982006
5583.2935 468.17023 452.3928 29.278189 1.9782541
5581.247 470.46127 453.82266 29.018303 1.982649
5579.201 471.6854 455.2254 28.874258 1.9845934
5577.1553 470.73666 454.9666 28.858788 1.982435
5575.1094 472.13892 456.22803 28.946028 1.9854225
5573.063 473.2316 456.55072 28.740446 1.9872756
5571.017 470.82227 454.5705 29.029417 1.9831312
5568.971 473.76212 458.01968 27.243778 1.9850167
5566.925 474.4434 458.4812 17.94983 1.9666717
5564.879 470.22574 453.24133 6.246019 1.9327464
5562.833 475.97473 457.56918 1.9388032 1.9339085
5560.787 475.77896 458.63153 2.1011584 1.9339306
5558.7407 474.97235 457.41318 2.0687406 1.9322069
5556.695 477.01663 459.64014 2.127795 1.9364966
5554.649 477.97748 460.51102 2.105905 1.9383758
5552.603 476.02402 458.5834 2.0977957 1.9344094
5550.5566 474.63724 457.3042 2.108429 1.9316169
5548.5107 476.58624 458.56003 2.096251 1.9355458
5546.465 479.43146 461.7576 2.070979 1.9412581
5544.4185 479.3863 462.2596 2.0676935 1.9411525
5542.3726 476.3283 459.10693 2.0660374 1.9349626
5540.3267 479.46518 461.167 2.0295906 1.9411906
5538.281 477.3333 459.67764 2.0533032 1.9369425
5536.2344 476.30997 459.11578 2.039241 1.9348679
5534.1885 476.4942 459.09882 2.0328743 1.9352025
5532.1426 474.8295 457.3577 1.9951093 1.9317529
5530.0967 476.02267 458.61285 1.9820707 1.9341488
5528.0503 476.48947 459.43222 1.9936752 1.9351078
5526.0044 476.70398 458.93976 1.9413129 1.9354084
5523.9585 478.41476 460.53525 1.923841 1.9388238
5521.912 477.91852 460.48462 1.9419941 1.9378864
5519.866 475.59442 458.3016 1.9361855 1.9331753
5517.8203 477.88565 460.37817 1.8863369 1.9376765
5515.7744 481.32147 463.3519 1.9049326 1.9446557
5513.728 477.89673 460.63965 1.9795483 1.9379237
5511.682 477.313 459.73755 1.9145646 1.9366195
5509.636 479.76184 461.89374 1.9423422 1.9415835
5507.5903 477.51016 460.3265 1.9554133 1.93711
5505.544 479.09808 461.6962 1.9637803 1.9402581
5503.498 481.99368 464.40714 1.9755158 1.9461315
5501.452 484.26532 466.6521 1.935911 1.9506205
5499.406 478.16595 460.51392 1.9086077 1.938309
5497.36 481.6461 463.96994 1.8694901 1.9451867
5495.314 481.5802 463.7178 1.9316474 1.9451848
5493.268 476.5467 459.165 1.9065647 1.9350481
5491.2217 479.36194 461.98627 1.8930106 1.9406688
5489.176 487.11853 469.76312 1.8808248 1.9561858
5487.13 480.4673 463.20874 1.9116744 1.9429455
5485.084 476.96368 459.108 1.8508587 1.9357699
5483.0376 481.88577 463.8769 1.8323361 1.9455477
5480.9917 482.10794 464.17395 1.8534763 1.9460788
5478.946 479.9282 462.39047 1.8625319 1.941706
5476.8994 481.01132 462.55402 1.8531063 1.9438688
5474.8535 480.3952 462.04108 1.8549868 1.9426515
5472.8076 477.83243 459.6037 1.8492571 1.9374802
5470.7617 479.22415 460.9189 1.8295211 1.940238
5468.7153 480.99118 462.3118 1.8772862 1.9438795
5466.6694 480.64407 461.6371 1.8832573 1.943193
5464.6235 480.0901 461.67224 1.879188 1.9420924
5462.5776 480.03537 460.96106 1.891209 1.9420351
5460.5312 481.49567 462.06833 1.8429577 1.944868
5458.4854 481.6563 462.87836 1.8549799 1.9451907
5456.4395 479.3052 460.1345 1.864965 1.940463
5454.393 479.48712 460.0248 1.8532082 1.9407969
5452.347 481.68835 461.72614 1.8469014 1.9452251
5450.3013 481.0359 461.58185 1.8299805 1.943843
5448.2554 481.48672 462.30652 1.8764485 1.9448794
5446.209 481.38058 461.94962 1.8208107 1.9445387
5444.163 482.69797 462.1738 1.8467419 1.9472553
5442.117 482.44144 462.8418 1.8774353 1.9468156
5440.0713 482.71182 463.2241 1.8555405 1.9473046
5438.025 480.9914 461.35217 1.784428 1.9436668
5435.979 484.45413 463.6149 1.8383883 1.9507623
5433.933 484.19507 464.05304 1.8400149 1.9502411
5431.8867 482.6731 462.66693 1.8018574 1.9470518
5429.841 483.67453 463.18848 1.7693839 1.949023
5427.795 481.6298 461.39096 1.8133899 1.9449939
5425.749 482.64865 462.42508 1.8287967 1.947094
5423.7026 482.30472 462.2992 1.832516 1.9463916
5421.6567 482.05823 461.2829 1.7831411 1.9457986
5419.611 482.67496 461.93872 1.810106 1.9471135
5417.565 482.58948 462.34552 1.7914095 1.9468817
5415.5186 481.87155 461.43683 1.7584 1.9453473
5413.4727 485.04575 464.12677 1.8216244 1.951927
5411.427 484.5697 464.0018 1.7757164 1.9508444
5409.3804 485.19098 464.56113 1.8010993 1.952114
5407.3345 484.65094 464.1298 1.8038863 1.9510438
5405.2886 482.16202 461.3064 1.7768244 1.9460429
5403.2427 484.27066 463.4526 1.7738711 1.9502474
5401.1963 489.71967 468.84674 1.7862463 1.9611261
5399.1504 489.57614 468.88565 1.8136938 1.9609001
5397.1045 486.4516 465.59488 1.8206478 1.9546937
5395.0586 485.17633 464.06967 1.8101548 1.9521462
5393.012 485.96732 465.4319 1.8124526 1.9537212
5390.9663 487.91187 467.21262 1.8151003 1.9575984
5388.9204 484.09872 463.64938 1.8087852 1.9499356
5386.874 483.8604 463.46027 1.84602 1.9495366
5384.828 487.98462 467.32605 1.8571635 1.957826
5382.782 484.90637 464.01883 1.8635845 1.9516925
5380.7363 483.18564 462.44705 1.8604734 1.9482758
5378.69 485.27032 464.87814 1.8721281 1.9524304
5376.644 488.5978 467.96387 1.8736683 1.9590942
5374.598 484.89334 464.39496 1.8552542 1.9516643
5372.5522 486.25482 465.22885 1.8989812 1.9544988
5370.506 486.80896 466.57727 1.8757176 1.9555188
5368.46 488.46866 468.20264 1.830655 1.9587418
5366.414 485.84363 465.62476 1.815064 1.9534425
5364.3677 486.76367 465.71454 1.8368582 1.955349
5362.322 485.0924 465.10645 1.8651507 1.9520495
5360.276 485.33777 465.09735 1.8782879 1.9525877
5358.23 484.46173 464.31558 1.8912644 1.9508548
5356.1836 485.0463 464.30725 1.8820438 1.9520614
5354.1377 487.18103 467.3111 1.8180404 1.9561222
5352.092 485.31723 465.21872 1.9040688 1.9526088
5350.046 486.97922 467.1215 1.8003582 1.9556869
5347.9995 489.55145 468.66168 1.8035336 1.9608642
5345.9536 488.14407 467.99475 1.8676995 1.958187
5343.9077 488.81073 468.833 1.8857352 1.9595727
5341.8613 488.89435 469.1428 1.8682946 1.9597057
5339.8154 484.17685 463.8456 1.8738889 1.9502493
5337.7695 489.23917 469.58063 1.9215065 1.9605062
5335.7236 491.10117 471.46252 1.9082179 1.9641622
5333.6772 484.8365 465.47467 1.9141353 1.951703
5331.6313 487.09467 468.1459 1.9427333 1.9562725
5329.5854 490.49356 471.2126 1.9132473 1.9629567
5327.5396 488.73413 469.41486 1.8969836 1.9594108
5325.493 485.84628 466.43063 1.8587989 1.9536183
5323.4473 489.76205 470.5509 1.8912805 1.9614884
5321.4014 490.57156 471.5162 1.9290917 1.9631602
5319.355 488.28302 469.44492 1.8597287 1.9584736
5317.309 487.5458 468.29492 1.8406504 1.9569594
5315.263 490.01544 470.60513 1.8939699 1.9620097
5313.2173 487.94907 469.06836 1.9114337 1.9579178
5311.171 484.9258 466.1602 1.8958471 1.951802
5309.125 488.6733 469.5516 1.8397391 1.9591702
5307.079 489.59543 470.2946 1.8348078 1.9610051
5305.033 490.18103 470.8784 1.8656404 1.9622152
5302.987 488.3101 469.33282 1.8222702 1.9583842
5300.941 486.8589 467.84464 1.8031002 1.9554796
5298.895 489.31448 470.31827 1.8112036 1.9604138
5296.8486 487.77448 468.9918 1.8255845 1.9573547
5294.8027 487.19556 468.05386 1.810247 1.9561585
5292.757 488.38715 469.15805 1.7627951 1.9584287
5290.711 490.6796 471.28915 1.7927032 1.9630772
5288.6646 490.6747 471.57617 1.7947093 1.9630431
5286.6187 490.99023 472.15714 1.7873999 1.9636474
5284.5728 490.63693 471.50662 1.8121921 1.9630302
5282.527 489.80124 470.44513 1.8351443 1.9614325
5280.4805 491.77338 472.62457 1.7969817 1.9652339
5278.4346 490.24527 471.24237 1.7301166 1.9620501
5276.3887 492.86386 473.68112 1.7555239 1.9673247
5274.3423 490.20337 470.52698 1.7184976 1.9619354
5272.2964 488.5022 469.20203 1.7308615 1.958583
5270.2505 491.64542 472.44806 1.7364289 1.964846
5268.2046 492.2448 472.92172 1.7374077 1.9660307
5266.158 488.5559 469.04886 1.7514572 1.9587418
5264.1123 492.31573 472.82672 1.7363883 1.9662006
5262.0664 491.4555 472.47876 1.7462511 1.9644909
5260.0205 490.72037 471.4849 1.7867087 1.9631076
5257.974 492.34308 472.652 1.7669879 1.9663184
5255.928 491.5788 472.31992 1.7271329 1.9647118
5253.8823 490.25037 471.3882 1.7737566 1.9621756
5251.836 492.76312 473.7654 1.7696191 1.9671404
5249.79 492.79294 473.5429 1.8455573 1.9673818
5247.744 491.17273 472.1044 1.8691578 1.9642034
5245.698 491.98154 472.92245 1.8986658 1.9658723
5243.652 492.82877 473.7727 1.8080109 1.9673866
5241.606 494.07474 474.47574 1.8471518 1.9699146
5239.56 493.21707 473.3674 1.7833182 1.9680734
5237.514 496.18793 476.5631 1.8594825 1.9741416
5235.468 497.41174 477.88516 1.815065 1.976464
5233.422 495.03464 474.8739 1.8844701 1.9719296
5231.376 493.94833 473.3702 1.8292274 1.9696391
5229.3296 492.72653 472.80405 1.8555585 1.9672463
5227.2837 491.52 471.47345 1.8651812 1.9649109
5225.238 494.1085 473.65103 1.8454963 1.9700187
5223.192 492.74216 472.55457 1.8860159 1.9673345
5221.1455 492.52463 472.1527 1.9183712 1.9670098
5219.0996 496.60965 475.16666 1.8007632 1.9748532
5217.0537 493.5747 472.83725 1.8112711 1.9688511
5215.008 492.67413 471.79462 1.8003067 1.9670196
5212.9614 497.0533 475.94797 1.8588483 1.9758285
5210.9155 495.22726 473.60822 1.8879033 1.9723209
5208.8696 493.09204 471.87045 2.000976 1.9683679
5206.823 493.90897 472.89343 2.189791 1.9704382
5204.7773 493.61456 472.2593 2.1742382 1.9698055
5202.7314 492.84906 470.83984 2.2152164 1.9684087
5200.6855 493.76865 472.62204 2.2156055 1.9701997
5198.639 492.8279 471.35025 2.259432 1.9684283
5196.5933 492.42224 470.9524 2.2725174 1.9677007
5194.5474 490.26562 468.29398 2.2364283 1.9633706
5192.5015 486.38428 465.03665 2.2125874 1.9555346
5190.455 482.46265 461.62094 2.1405182 1.9475224
5188.409 475.73947 454.92737 1.9836146 1.9336175
5186.3633 472.69238 451.16718 1.8060912 1.9271227
5184.317 464.54932 444.0604 1.7775702 1.910428
5182.271 457.55896 437.2223 1.8055615 1.8961403
5180.225 459.87527 439.31158 1.768985 1.9008466
5178.179 459.09393 438.10257 1.6864944 1.8990846
5176.133 460.52087 439.8906 1.7246629 1.9020723
5174.087 455.2916 434.74274 1.6829973 1.8912163
5172.041 457.00555 436.56628 1.7443593 1.8949169
5169.995 456.50528 435.35867 1.7595582 1.8939029
5167.9487 454.90472 434.28836 1.762835 1.8906761
5165.903 463.04056 442.12982 1.8147978 1.9074843
5163.857 463.46234 442.55487 1.7326071 1.9081546
5161.8105 469.68338 447.92422 1.7782999 1.9209069
5159.7646 471.9203 450.58185 1.8224676 1.9255054
5157.7188 472.8797 451.7238 1.807593 1.9274119
5155.673 473.20917 452.1511 1.8682029 1.9282532
5153.6265 473.33667 451.9649 1.894825 1.928564
5151.5806 479.04456 457.45822 1.8577654 1.939977
5149.5347 478.85565 457.41638 1.8260726 1.939496
5147.489 479.05942 457.42618 1.8222541 1.939938
5145.4424 479.81693 457.93134 1.8762167 1.9416214
5143.3965 479.54962 458.1432 1.9040184 1.9411203
5141.3506 479.94263 458.20862 1.8564419 1.9418317
5139.304 482.77505 460.98184 1.8508809 1.9474859
5137.2583 482.7225 461.03455 1.8191036 1.9473051
5135.2124 484.38782 462.3615 1.8197883 1.9506481
5133.1665 479.4508 457.94986 1.8394483 1.9407622
5131.12 485.3197 463.45023 1.7692833 1.9523748
5129.074 487.06818 465.4331 1.6961613 1.955699
5127.0283 484.3354 461.97372 1.7999696 1.9505057
5124.9824 487.18655 465.49347 1.732096 1.9560055
5122.936 483.88657 462.23636 1.7218055 1.9494057
5120.89 485.35345 463.29587 1.7395997 1.9523628
5118.844 488.2732 466.18463 1.6449656 1.9580079
5116.798 486.3078 464.65643 1.7084111 1.9541851
5114.752 484.1283 462.53696 1.6974669 1.9498042
5112.706 484.70535 463.30353 1.7038279 1.9509743
5110.66 485.48706 463.24576 1.7273264 1.9525973
5108.614 487.49573 466.12787 1.7133448 1.9565794
5106.568 486.41873 464.95502 1.7222011 1.9544232
5104.522 489.9846 469.06003 1.6970327 1.9614944
5102.476 485.84656 463.75058 1.7325244 1.9533691
5100.4297 491.14157 470.02493 1.6905768 1.9638307
5098.384 485.18582 463.88843 1.7095449 1.9519721
5096.338 486.61334 465.28687 1.7122829 1.9548156
5094.2915 488.70737 466.9156 1.7000852 1.9589962
5092.2456 487.73593 466.86166 1.6988046 1.9570161
5090.1997 487.82565 467.069 1.7200488 1.9572338
5088.154 487.86923 466.77408 1.7088491 1.9573255
5086.1074 487.8207 466.60767 1.7038325 1.9572257
5084.0615 488.50116 468.05972 1.6684302 1.9584882
5082.0156 485.6238 464.99088 1.7031711 1.9528093
5079.9697 488.4105 468.00418 1.6913869 1.9583507
5077.9233 483.3993 462.72668 1.6896049 1.9483539
5075.8774 488.43762 468.14035 1.7128865 1.9584738
5073.8315 487.3266 467.1514 1.7160441 1.9562882
5071.785 491.2221 471.07675 1.6871518 1.9639424
5069.7393 488.7764 468.30325 1.6787117 1.9591035
5067.6934 490.0461 469.4591 1.7059892 1.961641
5065.6475 488.96686 468.34183 1.7337697 1.9595711
5063.601 489.619 469.177 1.6999532 1.9607921
5061.555 490.9979 469.8776 1.7074511 1.9635589
5059.5093 491.0211 470.21124 1.6870592 1.9635408
5057.4634 489.56848 468.7609 1.6814611 1.9606377
5055.417 490.9644 470.35226 1.7299725 1.9635408
5053.371 490.8435 470.00876 1.6876813 1.9632207
5051.325 489.0458 468.37906 1.6480879 1.9595368
5049.279 490.83606 470.02615 1.6935687 1.9631861
5047.233 492.61093 472.0799 1.6671522 1.9666547
5045.187 490.81555 470.0712 1.7053866 1.9632132
5043.141 489.34036 468.3628 1.6867459 1.9602286
5041.0947 490.81793 470.3974 1.6765817 1.9631019
5039.049 492.63638 472.1289 1.6522647 1.9666816
5037.003 488.51685 467.81854 1.6832198 1.9585686
5034.957 490.8368 469.74414 1.7156025 1.9632729
5032.9106 493.40262 472.86307 1.7277111 1.9683969
5030.8647 493.51688 472.81516 1.7000109 1.9685175
5028.819 491.94672 471.11517 1.7115993 1.9654589
5026.7725 489.9702 469.09744 1.6899859 1.9614975
5024.7266 489.46707 468.57394 1.7464689 1.9606069
5022.6807 495.42084 474.59207 1.7605649 1.9724624
5020.635 495.11234 474.1381 1.7894518 1.9719238
5018.5884 493.10944 471.68307 1.757486 1.9678499
5016.5425 493.33682 472.45187 1.7187879 1.9682345
5014.4966 492.48404 471.68793 1.7570279 1.9666414
5012.4507 490.6967 469.6284 1.7582729 1.9630771
5010.4043 488.4674 467.95154 1.7896926 1.9587272
5008.3584 491.93265 471.2618 1.8066852 1.9656456
5006.3125 496.21545 475.4154 1.7890328 1.9741023
5004.266 493.64658 472.65527 1.7841887 1.9690394
5002.22 491.17123 470.35333 1.787054 1.9641137
5000.1743 495.65027 474.93436 1.7892022 1.9729524
4998.1284 495.5637 474.65317 1.7990565 1.9728395
4996.082 494.74722 473.89655 1.7947798 1.9712003
4994.036 493.67145 472.59137 1.761984 1.9689909
4991.99 493.26498 472.2264 1.7808051 1.968253
4989.9443 494.13696 472.96637 1.780004 1.9699788
4987.898 498.27307 476.78625 1.7831767 1.9781569
4985.852 496.59473 474.72055 1.8108876 1.9749317
4983.806 494.36 472.4127 1.7942115 1.9704306
4981.76 491.7182 470.14713 1.8024193 1.9652394
4979.714 494.17755 472.68814 1.7744672 1.9700243
4977.668 493.15863 470.39584 1.8096311 1.9681288
4975.622 494.70355 472.83664 1.7957159 1.9711393
4973.5757 490.55228 468.92102 1.7981458 1.962923
4971.53 486.85406 465.27722 1.82543 1.955575
4969.484 491.16266 468.47748 1.8111668 1.9641765
4967.438 491.98203 469.61987 1.7933806 1.9657435
4965.3916 490.88885 469.04584 1.8445432 1.9636897
4963.3457 494.5065 471.9953 1.7782009 1.9707216
4961.3 493.85962 470.6064 1.7785516 1.9694765
4959.2534 492.37482 469.7138 1.790759 1.966482
4957.2075 489.57184 466.44742 1.7792431 1.9609059
4955.1616 492.47244 469.7316 1.7838672 1.9667339
4953.1157 491.7212 468.65244 1.7520179 1.9651394
4951.0693 492.87872 469.1932 1.7435963 1.9674385
4949.0234 490.8564 468.02036 1.7360642 1.9634048
4946.9775 491.1054 468.1494 1.7523671 1.9639158
4944.9316 489.95175 466.59833 1.7849897 1.9617426
4942.8853 492.5253 468.85345 1.736706 1.9667014
4940.8394 493.60934 470.4666 1.7631222 1.9689
4938.7935 493.42664 469.98932 1.7558037 1.9685152
4936.747 491.02594 467.4028 1.7513924 1.9637536
4934.701 486.9223 463.22928 1.6973028 1.9554795
4932.6553 492.3366 468.98816 1.6828392 1.9661934
4930.6094 490.83334 467.527 1.7164747 1.9632745
4928.563 488.08148 464.1284 1.7330303 1.9578685
4926.517 490.58585 466.6162 1.6982832 1.9627495
4924.471 491.5132 468.01877 1.7107315 1.9646307
4922.4253 488.63425 465.22223 1.7302159 1.9589254
4920.379 489.15683 465.81802 1.7405791 1.9600205
4918.333 487.70862 463.65543 1.6983687 1.9570203
4916.287 487.95822 464.20532 1.6992912 1.9575449
4914.2407 487.24426 463.71014 1.6914153 1.9560763
4912.195 489.8942 466.3445 1.7435136 1.9614844
4910.149 489.14676 464.93195 1.6980693 1.9598982
4908.103 490.12662 466.34143 1.7149011 1.9618899
4906.0566 486.7274 463.29346 1.7347708 1.9551703
4904.0107 487.97595 464.59384 1.755366 1.9577377
4901.965 486.79123 462.57767 1.7972648 1.9554859
4899.919 489.31918 465.6861 1.7778342 1.960418
4897.8726 484.53198 461.29202 1.7301846 1.9507681
4895.8267 483.5009 459.7802 1.7680964 1.9487994
4893.781 484.8912 460.55588 1.7662357 1.9515905
4891.7344 483.7681 460.48242 1.8085204 1.9494308
4889.6885 483.21222 459.88965 1.7728734 1.9482634
4887.6426 481.73355 458.45508 1.8172126 1.9453822
4885.5967 483.04636 459.67126 1.8055202 1.9480438
4883.5503 478.92557 455.1826 1.79519 1.9397283
4881.5044 483.82117 460.48892 1.793246 1.9495381
4879.4585 482.5262 459.0939 1.8062433 1.9469777
4877.4126 477.17438 453.4929 1.7786995 1.936179
4875.366 479.19894 455.79327 1.7387558 1.9401861
4873.3203 478.74402 456.0787 1.7364659 1.9392254
4871.2744 477.20645 454.55563 1.7351758 1.93613
4869.228 474.3747 451.24765 1.7467178 1.9304682
4867.182 469.7487 447.17712 1.7540104 1.921101
4865.136 467.97913 446.1166 1.6996042 1.917372
4863.0903 467.92154 445.8092 1.7118701 1.917282
4861.044 460.4355 438.24365 1.7438524 1.9020433
4858.998 464.74924 441.83588 1.7364135 1.9108765
4856.952 465.35568 443.10797 1.7291881 1.9120816
4854.9062 465.1811 443.3191 1.7778691 1.911861
4852.86 464.96576 443.0938 1.7732453 1.9113908
4850.814 462.1492 439.58054 1.7349205 1.9055661
4848.768 461.3519 439.7096 1.7878462 1.904018
4846.7217 461.60782 439.70645 1.8180836 1.9046625
4844.676 462.4553 440.59268 1.8641807 1.9065105
4842.63 467.4275 445.05115 1.8654686 1.9166839
4840.584 464.9982 443.76862 1.9122933 1.9118477
4838.5376 463.25043 441.86975 1.9015579 1.908226
4836.4917 464.85855 443.63657 1.9418739 1.9116215
4834.446 465.01254 443.54813 1.8965137 1.9118121
4832.4 468.9508 447.0143 1.8802718 1.9198298
4830.3535 466.02002 445.0132 1.8883941 1.9138384
4828.3076 462.12262 441.1711 1.9434552 1.9060299
4826.2617 468.96762 447.18182 1.8836936 1.9198347
4824.2153 470.37506 448.69064 1.8750056 1.9226627
4822.1694 467.17963 446.47913 1.8607414 1.9161401
4820.1235 472.8838 451.91556 1.8089602 1.9276354
4818.0776 469.43582 448.03436 1.825165 1.9206532
4816.0312 466.8469 445.8029 1.7674717 1.9152712
4813.9854 468.5001 447.30823 1.8094429 1.9187075
4811.9395 467.79022 446.74533 1.7734967 1.9171859
4809.8936 465.19135 444.42398 1.7099078 1.9117073
4807.847 465.6835 444.16666 1.7100446 1.9127309
4805.8013 471.83493 450.55283 1.6559123 1.9251102
4803.7554 469.0751 447.93768 1.6869042 1.9195602
4801.709 470.3905 449.04495 1.626275 1.9221116
4799.663 469.02634 447.11127 1.6391091 1.9193853
4797.617 475.69772 454.3781 1.668387 1.9329624
4795.5713 467.19467 446.34262 1.659521 1.9157197
4793.525 467.6999 446.60324 1.6479686 1.916691
4791.479 469.3721 448.1481 1.64309 1.9200872
4789.433 469.8135 448.14676 1.6199586 1.9209388
4787.387 473.34183 451.6258 1.6193179 1.9280902
4785.341 473.90906 452.32715 1.6231927 1.9292381
4783.295 471.38455 449.42154 1.6198941 1.9241234
4781.249 471.48325 449.81558 1.6091826 1.9243177
4779.2026 473.29443 451.74194 1.6253287 1.9280088
4777.1567 472.14896 450.65915 1.6255813 1.9256941
4775.111 472.92603 451.13654 1.6189562 1.9272977
4773.065 470.75546 449.13187 1.6246068 1.9228834
4771.0186 471.11166 449.647 1.5844078 1.9234878
4768.9727 474.61346 452.96185 1.5837288 1.9306147
4766.927 471.6797 450.272 1.5950685 1.924651
4764.8804 468.97806 446.927 1.5906885 1.9191939
4762.8345 468.646 447.35028 1.5921478 1.9185162
4760.7886 472.1097 450.33646 1.6098918 1.9255742
4758.7427 474.56473 452.93225 1.5222058 1.9303625
4756.6963 470.55264 448.8076 1.6006168 1.9224097
4754.6504 473.24936 451.8091 1.6041435 1.9278768
4752.6045 470.57416 449.24512 1.5852753 1.9223852
4750.5586 469.25467 448.14877 1.5955168 1.9197311
4748.512 471.4079 449.52426 1.5531793 1.9240007
4746.4663 470.98236 449.59247 1.5695286 1.9231818
4744.4204 470.0372 448.473 1.6238977 1.9214212
4742.374 475.8672 454.50214 1.620784 1.9332248
4740.328 472.26926 450.0589 1.6056379 1.9259083
4738.282 472.81952 450.56174 1.6079677 1.9269891
4736.2363 468.1267 446.57135 1.5769029 1.9173772
4734.19 475.44556 453.32455 1.5987064 1.9323328
4732.144 474.11966 452.0704 1.626261 1.9297111
4730.098 473.53653 450.5655 1.576919 1.9284564
4728.0522 470.70746 448.4583 1.6086991 1.9227366
4726.006 473.15674 450.50784 1.6479813 1.9278021
4723.96 472.32944 449.38242 1.6362513 1.9261127
4721.914 471.95248 448.5014 1.5916469 1.9252499
4719.8677 467.37653 444.7788 1.6272527 1.9159852
4717.822 472.29443 449.15738 1.6612145 1.9261196
4715.776 474.21323 451.54004 1.6526453 1.9299724
4713.73 473.2174 449.89062 1.6578357 1.9279939
4711.6836 468.20294 444.78217 1.6418412 1.917751
4709.6377 468.02963 444.61218 1.6440367 1.9174011
4707.592 472.74667 449.3452 1.6659582 1.9270207
4705.546 471.0881 447.10538 1.585511 1.9235127
4703.4995 474.79492 451.19763 1.6228962 1.9310927
4701.4536 470.58768 446.78094 1.7113167 1.922775
4699.4077 469.84164 446.12167 1.6353967 1.9210812
4697.3613 469.94815 446.05344 1.5793697 1.9211428
4695.3154 467.99115 443.7136 1.6249421 1.9173044
4693.2695 470.94922 447.2674 1.6557031 1.9233842
4691.2236 466.74915 442.95813 1.6776756 1.9148785
4689.1772 467.77008 443.6991 1.6695002 1.9169953
4687.1313 467.56003 443.01895 1.676784 1.9165859
4685.0854 466.91052 442.92377 1.6723955 1.9151739
4683.0396 466.42035 442.56366 1.7254342 1.914351
4680.993 463.5263 439.84192 1.685347 1.9083426
4678.9473 463.5548 439.2003 1.6963797 1.9084847
4676.9014 461.7778 437.52203 1.6959629 1.9047855
4674.855 466.44083 442.35815 1.668019 1.9142721
4672.809 461.43216 437.55966 1.6882641 1.9040537
4670.763 465.48807 440.80045 1.6480836 1.9122856
4668.7173 466.20554 441.9566 1.7081466 1.913895
4666.671 463.5152 439.97113 1.7193875 1.9084699
4664.625 464.5679 440.4809 1.7349917 1.9105854
4662.579 468.56744 443.7763 1.6606864 1.9186109
4660.533 464.72095 439.79684 1.636385 1.9106846
4658.487 461.05762 437.13416 1.670013 1.9032768
4656.441 462.5965 438.37466 1.654178 1.9063653
4654.395 463.1622 438.33694 1.6034634 1.9074472
4652.3486 462.01587 437.65308 1.6101573 1.9051211
4650.3027 462.2536 437.997 1.5955808 1.9055439
4648.257 462.89185 438.4202 1.5601318 1.9067633
4646.211 456.33368 432.63797 1.5291066 1.8932301
4644.1646 460.0079 435.39206 1.5052558 1.9007192
4642.1187 458.78656 434.81882 1.5194465 1.898219
4640.0728 459.7 435.46603 1.5334207 1.900168
4638.027 457.24078 433.61667 1.5645918 1.8952113
4635.9805 457.7235 433.63028 1.536493 1.8961084
4633.9346 462.1383 437.6121 1.5473593 1.9052216
4631.8887 458.87488 435.09894 1.5476975 1.8985393
4629.8423 458.48914 434.7408 1.5636771 1.8977824
4627.7964 460.48227 436.10052 1.5794076 1.9019233
4625.7505 459.80313 435.32065 1.5562594 1.9004434
4623.7046 454.79514 431.6724 1.5680391 1.8901674
4621.658 457.62103 433.5172 1.5549809 1.8959582
4619.6123 454.35446 431.13303 1.6012079 1.8893138
4617.5664 454.4706 430.33258 1.5775269 1.8895516
4615.5205 449.96692 426.33524 1.5855757 1.880201
4613.474 454.21283 430.41525 1.5587943 1.8889488
4611.428 453.31845 429.89368 1.5585419 1.8870926
4609.3823 454.10648 430.3281 1.5937203 1.8888425
4607.336 454.9177 430.33276 1.5280626 1.8903103
4605.29 450.5184 426.9554 1.5734324 1.881329
4603.244 454.39694 431.14862 1.5819526 1.8893992
4601.198 452.96024 429.2987 1.5427167 1.8863665
4599.152 449.83963 426.6131 1.5814062 1.8799567
4597.106 449.36694 425.85614 1.5768082 1.8789486
4595.06 448.4935 425.2498 1.5870394 1.8771513
4593.014 445.94513 422.6857 1.5974809 1.8718593
4590.968 450.333 426.595 1.6012627 1.8810624
4588.922 447.29764 424.14633 1.6069398 1.8747077
4586.876 447.71506 424.7243 1.6168578 1.8755833
4584.8296 442.41263 419.1111 1.6788726 1.8647684
4582.7837 446.7751 423.51065 1.6492488 1.8737873
4580.738 444.76035 422.053 1.600211 1.8694321
4578.692 446.89902 424.5594 1.5828935 1.8739018
4576.6455 445.16217 423.16815 1.6546446 1.8704859
4574.5996 444.893 421.75482 1.6157825 1.8697855
4572.5537 445.68768 423.3946 1.5986028 1.8714268
4570.508 446.25366 424.00806 1.5863469 1.8725727
4568.4614 442.0726 420.25723 1.587121 1.8638197
4566.4155 443.03177 420.61215 1.5686563 1.8657794
4564.3696 443.7507 421.18497 1.5696781 1.867296
4562.323 446.8129 424.82712 1.6129944 1.8738346
4560.2773 442.62106 420.46057 1.6037679 1.8650136
4558.2314 439.35458 417.7761 1.6173608 1.8582001
4556.1855 440.95184 418.9594 1.6295626 1.861598
4554.139 439.70258 417.51654 1.6852885 1.8591244
4552.0933 436.22238 414.3194 1.5946819 1.851531
4550.0474 440.34247 418.59766 1.643693 1.8603837
4548.0015 441.87036 419.2821 1.694114 1.863736
4545.955 435.2698 413.6977 1.6959826 1.84981
4543.909 439.67398 417.6207 1.677291 1.8590757
4541.8633 438.12772 416.51715 1.718423 1.8559461
4539.817 436.95728 414.72067 1.6758767 1.8533916
4537.771 433.26465 411.3831 1.6687894 1.8455638
4535.725 434.8655 413.1209 1.6568112 1.8488508
4533.679 438.57745 417.09448 1.6648421 1.8567476
4531.633 434.97668 414.1283 1.6752274 1.8491894
4529.587 434.48196 412.30017 1.6030842 1.8479906
4527.541 434.69907 413.0668 1.5956061 1.8484162
4525.495 430.64792 408.8634 1.5673727 1.8397256
4523.4487 429.23276 407.47357 1.5748501 1.8367463
4521.403 427.27423 405.45642 1.5053314 1.8324765
4519.357 426.16034 404.5409 1.5422143 1.8301307
4517.3105 426.39505 404.92636 1.5349573 1.8306366
4515.2646 430.7368 409.21716 1.5049994 1.8397855
4513.2188 430.38345 408.152 1.4830419 1.8390018
4511.173 430.7473 408.77203 1.4585221 1.8396963
4509.1265 426.64096 405.22876 1.4491823 1.8309637
4507.0806 425.44763 404.50296 1.5171449 1.8286062
4505.0347 422.15817 400.62268 1.4704514 1.8214371
4502.989 422.55325 400.85828 1.4717317 1.8222938
4500.9424 423.611 402.68195 1.4731673 1.8245674
4498.8965 421.51755 400.18457 1.4229078 1.8199466
4496.8506 416.67276 395.55988 1.4665 1.809651
4494.804 424.37088 403.0902 1.4392334 1.8261346
4492.7583 422.706 401.34818 1.3889827 1.8224233
4490.7124 422.08856 400.59018 1.3982711 1.8211396
4488.6665 416.19922 395.29022 1.4322966 1.8085141
4486.62 421.35785 400.21643 1.4154886 1.8195978
4484.574 413.6848 392.32172 1.3917761 1.8030251
4482.5283 416.2008 394.8956 1.3803064 1.808354
4480.4824 417.82266 396.66144 1.4015126 1.811963
4478.436 411.0234 389.48334 1.37257 1.7971745
4476.39 412.53433 390.73215 1.3552228 1.8003918
4474.344 406.69992 385.38867 1.3757707 1.7877356
4472.298 413.04422 392.3047 1.369787 1.801591
4470.252 406.70035 385.69778 1.3608384 1.7877578
4468.206 412.69238 390.62207 1.3478305 1.8007823
4466.16 407.12625 385.7849 1.3435695 1.7886508
4464.114 407.26596 385.51028 1.3387719 1.7889208
4462.068 411.19 389.43732 1.329709 1.7974502
4460.022 410.49808 388.32858 1.3551991 1.7960649
4457.976 408.97043 387.11066 1.3416672 1.7926985
4455.9297 407.49243 385.9268 1.3511037 1.7894748
4453.884 405.7647 383.89716 1.3696674 1.7857513
4451.838 404.2835 382.77008 1.3753657 1.7825264
4449.7915 403.12305 380.85928 1.3760012 1.7800592
4447.7456 401.7588 380.38144 1.4000033 1.7770934
4445.6997 401.2554 379.4941 1.408972 1.7760249
4443.654 403.04102 381.1194 1.3959693 1.7798854
4441.6074 397.06396 375.03735 1.423352 1.7668196
4439.5615 401.04333 378.93982 1.3588465 1.7753931
4437.5156 399.64957 377.52847 1.4187459 1.7724783
4435.4697 397.19934 375.2763 1.4093381 1.7670507
4433.4233 393.2098 371.15866 1.4184806 1.7582583
4431.3774 396.02963 373.424 1.4137725 1.7644992
4429.3315 392.7118 370.7366 1.4636686 1.7572429
4427.285 397.2192 375.22577 1.4461507 1.7672477
4425.2393 391.78702 369.80902 1.4421548 1.7552245
4423.1934 392.42017 369.82916 1.5051091 1.7568225
4421.1475 388.9999 367.27325 1.5119449 1.749159
4419.101 392.1857 370.15356 1.5307494 1.7563354
4417.055 388.90857 366.83963 1.5036361 1.7489748
4415.0093 384.9256 362.53717 1.5265036 1.7401164
4412.9634 390.35278 368.36227 1.5127039 1.7522534
4410.917 386.7408 364.40085 1.4717132 1.7440172
4408.871 379.98337 358.67575 1.4330353 1.7287735
4406.825 380.95645 358.78543 1.373706 1.7308091
4404.779 382.25967 360.197 1.3836751 1.7337408
4402.733 377.4764 355.98462 1.3464441 1.7228662
4400.687 382.00873 360.33945 1.3074559 1.7329727
4398.641 379.7732 357.77478 1.2370877 1.7277235
4396.5947 378.0271 356.09802 1.2435355 1.7238387
4394.549 377.36557 356.05698 1.1925967 1.7221771
4392.503 377.37277 355.64432 1.1617014 1.7221115
4390.457 378.25708 356.33212 1.1535225 1.7240721
4388.4106 376.19116 354.02405 1.1809317 1.7195148
4386.3647 372.6501 351.2031 1.192703 1.7114944
4384.319 370.37326 348.5762 1.1667274 1.7061714
4382.2725 373.41855 351.7314 1.1771528 1.7131712
4380.2266 372.23343 350.69498 1.1621096 1.7104462
4378.1807 374.73618 353.02814 1.1450653 1.716158
4376.135 372.6779 351.87958 1.2064118 1.7116276
4374.0884 372.565 350.98547 1.1449906 1.711136
4372.0425 369.1882 348.0259 1.1575087 1.7034687
4369.9966 366.60245 344.78754 1.1595638 1.6975584
4367.9507 368.56323 347.05093 1.1602409 1.702038
4365.9043 370.07343 348.78415 1.1648912 1.7055063
4363.8584 362.27832 341.15152 1.1316189 1.6874994
4361.8125 365.0033 343.35815 1.1210015 1.6937835
4359.766 361.76376 340.7107 1.1491652 1.686395
4357.72 361.97083 341.03613 1.1444689 1.6868751
4355.6743 357.07755 336.22495 1.1308954 1.6754336
4353.6284 358.66718 337.7714 1.1128981 1.6790903
4351.582 358.70435 337.50723 1.1122205 1.6792214
4349.536 358.04727 337.24298 1.0691528 1.6775585
4347.49 359.1064 338.40448 1.0150119 1.6798958
4345.4443 355.3122 335.45688 1.0800632 1.6712085
4343.398 352.0618 331.1163 1.0740452 1.6635925
4341.352 350.57413 330.80115 1.0645925 1.6600856
4339.306 354.79074 334.94305 1.0697011 1.6700186
4337.26 350.5057 330.9281 1.0685902 1.6599293
4335.214 345.8612 325.4961 1.0637144 1.6489323
4333.168 342.25113 322.28577 1.0856885 1.6404536
4331.122 346.7979 326.84454 1.0955433 1.6512785
4329.0757 346.56857 326.67932 1.0621916 1.6506934
4327.03 340.43323 320.89044 1.1136898 1.636229
4324.984 339.01102 318.8447 1.1217383 1.6328697
4322.938 342.99274 323.4476 1.1233511 1.6423953
4320.8916 340.98306 321.25302 1.1160487 1.6375808
4318.8457 340.7788 321.50473 1.111513 1.6370989
4316.8 337.14154 317.89124 1.0932369 1.6283606
4314.7534 341.71823 322.36127 1.090996 1.6392382
4312.7075 336.6603 317.25958 1.0617478 1.6270317
4310.6616 332.642 314.56915 1.059958 1.6174393
4308.6157 336.81552 318.10065 1.0190097 1.627361
4306.5693 338.00043 319.06042 1.0321144 1.6302505
4304.5234 333.96506 315.389 1.028019 1.6205252
4302.4775 336.09592 317.6831 0.96943337 1.6254843
4300.4316 340.0044 320.9327 0.99685216 1.6348968
4298.3853 337.25537 318.26157 0.9284635 1.628139
4296.3394 342.71808 323.54343 0.95974594 1.6413144
4294.2935 340.60843 321.77972 0.9975932 1.6363591
4292.247 334.02658 315.41788 0.9910439 1.6205324
4290.201 336.33344 317.8873 0.995821 1.6260965
4288.1553 342.44614 323.28134 1.0292356 1.6408266
4286.1094 342.06235 323.11514 1.0595576 1.6399881
4284.063 336.00003 317.1623 1.007195 1.6253498
4282.017 334.64676 316.0991 1.0169799 1.622163
4279.971 334.54187 315.77744 0.9810957 1.6217605
4277.9253 336.37296 317.5192 1.0516611 1.6263845
4275.879 331.49106 313.11508 1.0309314 1.614561
4273.833 332.67972 313.6334 1.093819 1.617578
4271.787 340.7782 321.49823 1.064113 1.6370115
4269.7407 336.56467 317.35602 1.0112748 1.6267366
4267.695 334.48645 316.14737 1.0694013 1.6219015
4265.649 336.90015 318.45297 1.0384793 1.6276804
4263.603 332.82968 313.96713 1.049568 1.6177936
4261.5566 330.615 311.84955 1.03728 1.6124913
4259.5107 327.72955 309.35306 1.0277911 1.6054666
4257.465 331.64777 313.22946 1.0087484 1.6148916
4255.419 330.09842 311.6762 0.97405785 1.6110346
4253.3726 332.48618 313.80905 1.0110435 1.6169891
4251.3267 330.40918 312.02463 0.9989225 1.6119741
4249.281 327.90857 309.72195 0.98640156 1.6058104
4247.2344 328.2852 309.65686 0.91500497 1.6064563
4245.1885 323.91226 305.29742 0.94897234 1.5959097
4243.1426 323.5831 304.93738 0.9344554 1.5950832
4241.0967 321.5489 303.31464 0.89839214 1.589976
4239.0503 324.8028 306.13428 0.9055639 1.5979971
4237.0044 315.55563 297.86404 0.8971199 1.5752102
4234.9585 319.43567 301.73987 0.8912609 1.5848135
4232.9126 322.20724 303.75916 0.89592916 1.5916927
4230.866 317.87723 299.80814 0.89077073 1.5809627
4228.8203 316.69116 298.57413 0.92204744 1.578145
4226.7744 309.70245 292.0947 0.8660508 1.5606235
4224.728 315.0637 296.9034 0.8932634 1.5740875
4222.682 319.11737 301.27972 0.89245135 1.5840807
4220.636 315.5128 297.50668 0.86178976 1.5750654
4218.5903 313.1315 295.18445 0.8931425 1.5692108
4216.544 315.44437 298.06937 0.9018596 1.5750363
4214.498 315.7169 297.49078 0.8626806 1.5755764
4212.452 310.8847 293.28934 0.87366 1.563574
4210.4062 310.94534 293.08377 0.9155192 1.563854
4208.36 310.76862 293.4183 0.8855438 1.5634012
4206.314 310.05054 291.54794 0.8822406 1.5615726
4204.268 311.1382 293.4497 0.9064755 1.5643533
4202.2217 310.16125 292.6641 0.9256681 1.5619866
4200.176 306.08182 288.29938 0.8964808 1.5516359
4198.13 306.99884 287.9063 0.9164848 1.5539893
4196.084 307.51938 289.13077 0.8922172 1.5552566
4194.0376 308.0542 290.05652 0.9328505 1.5566797
4191.9917 306.1516 288.52325 0.91153306 1.551907
4189.946 303.67688 285.78577 0.9537379 1.5457672
4187.9 303.1889 284.23547 0.9111889 1.5444032
4185.8535 303.0123 284.96478 0.9659775 1.5441529
4183.8076 300.41153 282.3385 0.99233204 1.5376453
4181.7617 301.0122 282.68896 1.0040827 1.5392064
4179.7153 302.1335 283.50037 0.98716575 1.5420524
4177.6694 299.91782 281.70605 1.0545725 1.5366054
4175.6235 298.16458 279.81183 1.0250194 1.5320313
4173.5776 299.16595 280.72928 1.0648766 1.5347657
4171.5312 300.07907 281.53058 1.078311 1.537116
4169.4854 297.2773 278.91568 1.0458189 1.5299654
4167.4395 294.1754 276.34564 1.0960048 1.5221716
4165.3936 296.02542 277.50235 1.0582895 1.5267435
4163.347 293.71692 275.4932 1.0389314 1.5207534
4161.3013 292.56293 274.40958 0.9765094 1.517665
4159.2554 289.31662 271.13272 0.9553128 1.5091898
4157.209 290.9682 272.7072 0.885106 1.5132247
4155.163 288.73395 270.50677 0.9131883 1.507509
4153.117 288.83115 271.05344 0.86845464 1.5076326
4151.0713 288.92648 270.3678 0.8343481 1.5078151
4149.025 281.87756 264.5963 0.83654606 1.4894218
4146.979 283.1127 265.62653 0.86029536 1.4927499
4144.933 283.8492 266.17035 0.8361725 1.494618
4142.887 284.9455 267.12762 0.8555247 1.4976008
4140.841 280.36526 262.82214 0.85566694 1.4855746
4138.795 279.77875 262.44315 0.8300082 1.4839336
4136.749 279.68903 261.8836 0.8798304 1.4839002
4134.7026 275.1431 257.7831 0.87126565 1.471763
4132.6567 275.86353 258.29446 0.85538334 1.4736855
4130.611 273.8417 256.43948 0.88413227 1.4684123
4128.565 272.9771 255.43488 0.82405996 1.4659379
4126.5186 278.97263 261.14807 0.8074043 1.4816781
4124.4727 278.80692 260.8626 0.83111584 1.4814428
4122.427 270.70587 252.91545 0.814717 1.4597906
4120.381 275.1987 257.61554 0.7928307 1.4717518
4118.3345 270.12582 252.91753 0.77220714 1.4581513
4116.2886 266.85016 250.00583 0.78374255 1.4494083
4114.2427 269.31058 251.4256 0.7010859 1.4557384
4112.1963 262.00616 245.34877 0.7830503 1.4363316
4110.1504 267.42883 249.92706 0.72359204 1.4507649
4108.1045 266.19778 249.22166 0.7365033 1.4474686
4106.0586 262.36838 244.94922 0.7081108 1.4370277
4104.012 259.44104 242.46138 0.70097846 1.4290149
4101.9663 256.69427 240.99602 0.7484888 1.4217876
4099.9204 256.4741 239.86119 0.74457717 1.421085
4097.8745 257.3149 240.52742 0.7370177 1.4233537
4095.8281 251.88486 235.21385 0.7660941 1.4084936
4093.7822 253.48445 236.84813 0.7443655 1.4128761
4091.736 252.32726 236.00583 0.7912084 1.4098837
4089.6902 250.62154 234.52878 0.7642793 1.4050575
4087.644 253.47633 237.06871 0.8047685 1.413102
4085.5981 252.34186 236.14294 0.80099607 1.4100361
4083.552 242.59526 226.41513 0.8255706 1.3827121
4081.506 244.24008 228.58769 0.8282853 1.3874562
4079.46 242.16437 226.39928 0.81428164 1.3815486
4077.414 243.37047 227.11641 0.867355 1.3851378
4075.368 238.04361 222.30496 0.8612972 1.3700105
4073.3218 237.55006 221.86475 0.84099656 1.3685066
4071.276 237.9508 222.7415 0.8325084 1.3696731
4069.2297 240.63437 225.53705 0.83844835 1.3773891
4067.1838 233.81898 218.39116 0.79233986 1.3576745
4065.1377 235.33945 220.25955 0.7917993 1.3620965
4063.0918 234.45682 219.35612 0.822243 1.3596781
4061.0457 238.1273 222.9575 0.7986572 1.370145
4058.9998 234.90958 219.4858 0.743976 1.3606513
4056.9536 234.88951 219.3838 0.7552197 1.3607615
4054.9077 225.71544 211.36359 0.73532695 1.3339512
4052.8616 231.06721 216.28036 0.71279675 1.3495779
4050.8154 226.51016 211.78804 0.75564593 1.3364244
4048.7695 222.77637 208.4918 0.7617454 1.325517
4046.7234 222.73688 208.55315 0.77371025 1.3254341
4044.6775 220.46349 206.29143 0.72950304 1.3185923
4042.6313 226.10637 211.5605 0.7075844 1.3351144
4040.5854 221.30072 206.87506 0.6841235 1.3209062
4038.5393 223.48143 209.50308 0.69873065 1.327438
4036.4934 220.20338 206.23582 0.6717571 1.3176355
4034.4473 217.40535 204.13454 0.684206 1.3093797
4032.4014 216.00539 202.0593 0.6333867 1.3049957
4030.3552 212.21558 198.15611 0.61876315 1.2934916
4028.309 209.37662 196.02876 0.63843 1.2849956
4026.2632 216.24298 202.73079 0.6207899 1.3056985
4024.217 213.48401 199.83556 0.64256376 1.297469
4022.1711 211.14362 197.63899 0.6351086 1.2903006
4020.125 206.32594 193.05157 0.63736236 1.275724
4018.079 207.90138 195.14969 0.6236322 1.2805343
4016.033 205.65286 193.00461 0.66914755 1.273846
4013.987 199.58835 187.13097 0.6740776 1.2551246
4011.941 196.93839 184.6668 0.6270526 1.2466811
4009.895 202.29482 189.87653 0.6188822 1.2633891
4007.8489 193.04044 180.8913 0.5935922 1.2343273
4005.8027 193.37218 181.10577 0.62188876 1.2355086
4003.7568 193.02557 180.99738 0.577616 1.2342997
4001.7107 189.48547 177.71626 0.5545565 1.2229159
3999.6648 185.01053 173.47607 0.51333594 1.208342
3997.6187 181.91078 170.297 0.50305825 1.1982608
3995.5728 179.20639 167.98729 0.52606523 1.1896088
3993.5266 178.45296 167.05362 0.5210423 1.1871358
3991.4807 169.1371 158.66866 0.5150501 1.1560553
3989.4346 166.46176 156.0065 0.53178686 1.1471268
3987.3887 159.70923 149.73352 0.5293551 1.123903
3985.3425 146.1765 137.06366 0.51467574 1.0757818
3983.2964 140.94556 132.06688 0.5058527 1.0567324
3981.2505 125.14544 117.63724 0.48273107 0.9965063
3979.2043 109.35875 102.55669 0.43729842 0.932698
3977.1584 88.45775 83.022934 0.44372636 0.8403365
3975.1123 70.33803 65.99349 0.40676424 0.7511432
3973.0664 54.049515 50.525597 0.42577997 0.66118026
3971.0203 47.579575 44.395794 0.37969568 0.62140423
3968.9744 52.780155 49.32439 0.37085238 0.6532455
3966.9282 67.47827 63.000275 0.36152446 0.73577857
3964.8823 85.63265 80.05667 0.35863173 0.82693684
3962.8362 100.154724 93.63273 0.38002256 0.8926833
3960.79 109.37919 102.4376 0.417692 0.932604
3958.7441 121.45424 114.00374 0.42994726 0.981881
3956.698 119.63678 112.062546 0.4268067 0.97453254
3954.652 118.34131 110.62538 0.46294633 0.969497
3952.606 114.701485 107.3769 0.43974337 0.9546242
3950.56 107.07487 100.214676 0.49508914 0.92313415
3948.514 97.69203 91.72543 0.44665506 0.8825912
3946.468 86.29859 80.813446 0.46425968 0.83051294
3944.4219 73.21175 68.68626 0.44086692 0.7666209
3942.376 57.93402 54.31142 0.42250082 0.6841096
3940.3298 45.341957 42.450405 0.40596932 0.6076041
3938.2837 36.661015 34.256454 0.3887052 0.54871947
3936.2378 32.521576 30.320196 0.34755918 0.51787835
3934.1917 34.423157 32.18859 0.34409192 0.5321012
3932.1458 40.561714 37.85572 0.33994222 0.5752544
3930.0996 52.422504 48.890778 0.3407893 0.6511642
3928.0537 66.68854 62.11122 0.35086158 0.7317908
3926.0076 78.67684 73.50236 0.34445104 0.7930696
3923.9617 91.39194 85.60569 0.38615054 0.854015
3921.9155 100.16278 93.48397 0.42339054 0.8930724
3919.8696 109.830925 102.58782 0.4809425 0.93474084
3917.8235 115.964 107.971924 0.49593621 0.9600441
3915.7773 118.993576 110.92803 0.50036734 0.9722169
3913.7314 122.51568 114.34899 0.51555896 0.9864306
3911.6853 121.225136 112.997246 0.5292049 0.98121387
3909.6394 126.980415 118.30612 0.5203921 1.0039454
3907.5933 124.55457 115.775055 0.49552453 0.9943695
3905.5474 127.5243 118.86332 0.45749578 1.0057079
3903.5012 125.72453 117.22123 0.4556465 0.9986965
3901.4553 125.71648 117.4405 0.41623214 0.9984911
3899.4092 127.38987 118.681366 0.38306862 1.0048815
3897.3633 127.11338 118.23228 0.37198856 1.0036303
3895.3171 127.321335 118.21783 0.36317804 1.0043355
3893.271 129.90569 120.82482 0.3278631 1.0142757
3891.225 127.83501 119.303444 0.34120974 1.0063187
3889.179 126.09877 117.03993 0.3189875 0.9994905
3887.133 124.69199 116.110596 0.31806538 0.9939541
3885.087 123.38265 114.59708 0.31580138 0.9887923
3883.041 124.484695 115.8839 0.29429153 0.9930205
3880.9949 122.1089 113.57828 0.27936783 0.9835825
3878.949 123.882744 115.144684 0.29063365 0.99067813
3876.9028 121.89888 113.21001 0.26487592 0.98260576
3874.857 122.49994 113.9162 0.28033543 0.9851682
3872.8108 117.90937 109.719955 0.27350426 0.966833
3870.7646 118.40703 109.65832 0.29876116 0.9688498
3868.7188 117.899086 110.018196 0.27421513 0.96684206
3866.6726 116.327866 108.00632 0.28999698 0.9604789
3864.6267 113.95683 105.90582 0.30312255 0.9509182
3862.5806 109.860435 102.00152 0.28304568 0.93373054
3860.5347 110.325676 102.15712 0.3271722 0.9360042
3858.4885 107.725105 99.93653 0.30160007 0.9249456
3856.4426 105.10008 97.40401 0.30257487 0.913737
3854.3965 101.509315 94.36902 0.317613 0.89845896
3852.3506 100.11928 92.86485 0.3302075 0.8924992
3850.3044 93.11012 86.31879 0.31978944 0.86119825
3848.2583 90.03351 83.53631 0.32264233 0.84720534
3846.2124 81.570946 75.76715 0.30353835 0.8071169
3844.1663 75.57938 70.19314 0.34467164 0.7778455
3842.1204 69.37699 64.20458 0.35385066 0.74619347
3840.0742 65.70834 60.9056 0.34980315 0.72677267
3838.0283 64.16024 59.49853 0.38270447 0.71861833
3835.9822 64.892426 60.13438 0.35167408 0.7223156
3833.9363 69.18406 64.007256 0.35787132 0.74508774
3831.8901 73.24487 67.8469 0.32607242 0.7660903
3829.8442 78.156235 72.84541 0.32918033 0.7908409
3827.798 83.820946 77.75117 0.31080925 0.8180493
3825.752 85.59038 79.39349 0.32928982 0.8266642
3823.706 86.52934 80.34084 0.2983225 0.8307327
3821.66 88.12058 81.55859 0.30189013 0.8382732
3819.614 90.257904 83.79067 0.28183275 0.84807754
3817.5679 91.195274 84.57033 0.2916848 0.8523685
3815.522 91.791374 85.35638 0.23870222 0.85489225
3813.4758 91.25609 84.527336 0.27203935 0.8525708
3811.43 90.338104 83.41696 0.25716093 0.8482192
3809.3838 88.78965 82.56554 0.24325293 0.8410715
3807.338 89.10506 82.562004 0.23215213 0.8425349
3805.2917 87.41857 81.16624 0.21803619 0.83459187
3803.2456 86.71872 80.516266 0.23775236 0.8313714
3801.1997 85.395515 79.228806 0.23369047 0.8252228
3799.1536 86.32728 80.11783 0.23258418 0.8295127
3797.1077 85.76731 79.57056 0.24050772 0.8269982
3795.0615 82.8985 76.97047 0.2251023 0.8132135
3793.0156 86.13677 79.632965 0.24636844 0.8287373
3790.9695 84.42016 78.32115 0.241941 0.8206233
3788.9236 85.10892 79.01776 0.23475292 0.8238642
3786.8774 81.95722 75.87803 0.25358775 0.80882883
3784.8315 81.17146 75.11297 0.20437738 0.8047088
3782.7854 81.72889 75.4451 0.20144548 0.8073316
3780.7393 81.38287 75.31916 0.2149984 0.8058242
3778.6934 82.00014 76.11683 0.22566631 0.8089769
3776.6472 78.60522 72.811966 0.21468477 0.7922788
3774.6013 78.42923 72.70698 0.2176215 0.7915689
3772.5552 75.48189 69.74644 0.19135205 0.77647614
3770.5093 74.342384 68.789734 0.19885615 0.77083886
3768.4631 73.48385 68.06599 0.19811372 0.76648194
3766.4172 71.56849 66.26428 0.18956414 0.75658697
3764.371 69.09822 63.865635 0.17357613 0.74368024
3762.3252 68.626724 63.571476 0.19860785 0.7413773
3760.279 64.92684 59.98215 0.19396532 0.72151977
3758.233 65.38182 60.527534 0.19824943 0.72406083
3756.187 66.62113 61.846195 0.19867715 0.73089725
3754.1409 64.948074 60.038506 0.21172668 0.72182935
3752.095 61.808846 57.217506 0.22248547 0.7047881
3750.0488 62.715897 57.995514 0.22289364 0.7097427
3748.003 61.86703 57.287 0.23698117 0.70506555
3745.9568 60.476276 55.783546 0.23591806 0.69729346
3743.911 60.742897 56.218445 0.23650132 0.6988988
3741.8647 58.81777 54.616234 0.26156273 0.68838036
3739.8188 56.619965 52.57207 0.25063255 0.6754595
3737.7727 55.139404 51.225746 0.22850291 0.66680294
3735.7266 54.890038 50.870045 0.23402476 0.665376
3733.6807 55.853317 51.795345 0.22024179 0.67089826
3731.6345 54.882507 50.96621 0.21918039 0.6653107
3729.5886 55.378197 51.41923 0.16913548 0.6677831
3727.5425 55.0454 51.247658 0.17986105 0.6661002
3725.4966 55.67368 51.541237 0.15370613 0.6694546
3723.4504 53.601566 49.651695 0.14354879 0.65714276
3721.4045 53.830452 49.816635 0.14328828 0.6584772
3719.3584 51.388428 47.695984 0.13683754 0.6438581
3717.3123 51.481018 47.855015 0.16104175 0.6446008
3715.2664 49.8037 46.015064 0.14320503 0.6341659
3713.2202 50.608086 47.026028 0.15280232 0.63934463
3711.1743 49.56298 46.147327 0.16062886 0.6330472
3709.1282 49.280598 45.479614 0.14273272 0.6308434
3707.0823 47.76175 44.221287 0.17534398 0.6218218
3705.0361 47.812687 44.39854 0.15235455 0.6220058
3702.9902 47.346157 43.830563 0.1632613 0.61911184
3700.944 46.323185 43.055843 0.15329753 0.61265934
3698.8982 46.81603 43.54342 0.14714706 0.6157914
3696.852 45.037163 41.722267 0.1433472 0.6042958
3694.806 44.423218 41.172558 0.12736127 0.6001666
3692.76 44.393757 41.23715 0.12064111 0.5999659
3690.7139 44.040245 40.85604 0.095962405 0.5975009
3688.668 42.587017 39.403275 0.09973648 0.5876461
3686.6218 41.820778 38.780445 0.09861123 0.582681
3684.576 41.570343 38.578968 0.08413783 0.58094186
3682.5298 40.30154 37.281853 0.1057984 0.5724682
3680.484 41.042057 38.13254 0.08730998 0.5775735
3678.4377 41.94274 38.85583 0.09064717 0.5835526
3676.3918 41.66082 38.627514 0.094520845 0.5816205
3674.3457 40.004074 37.26226 0.08568601 0.57054055
3672.2996 39.91457 37.0877 0.09762334 0.5699484
3670.2537 37.983276 35.19592 0.09733714 0.5563732
3668.2075 36.877647 34.141384 0.1167961 0.5487352
3666.1616 37.6834 34.96449 0.10558527 0.5545288
3664.1155 36.54201 33.94049 0.11788925 0.5464232
3662.0696 36.82881 34.324112 0.09770575 0.5484271
3660.0234 35.999813 33.350033 0.11371343 0.5425061
3657.9775 36.311962 33.71075 0.113830976 0.54473686
3655.9314 36.08379 33.6023 0.111030795 0.5431679
3653.8855 35.088894 32.68699 0.09401235 0.53588647
3651.8394 34.49929 32.049725 0.09641286 0.5314489
3649.7932 34.75626 32.37105 0.08246226 0.5332238
3647.7473 33.984562 31.452879 0.07265641 0.5275036
3645.7012 32.856403 30.354057 0.08729 0.5189569
3643.6553 34.060112 31.660835 0.103183396 0.5283037
3641.6091 32.74957 30.402103 0.10140236 0.5183781
3639.5632 33.148243 30.71932 0.11905669 0.52166104
3637.517 31.537111 29.15826 0.11189843 0.5093774
3635.4712 30.908081 28.521109 0.100755 0.5043544
3633.425 31.466654 29.118471 0.08832776 0.5084611
3631.3792 29.949663 27.872036 0.09279491 0.4969315
3629.333 29.383123 27.367863 0.09921763 0.49262732
3627.2869 29.76001 27.444134 0.09077571 0.495408
3625.241 29.498373 27.317535 0.094851546 0.49348375
3623.1948 28.753824 26.64446 0.10264713 0.48763654
3621.149 27.723148 25.724659 0.09025311 0.47918618
3619.1028 26.977629 25.009089 0.08424781 0.4729032
3617.057 26.050383 24.062708 0.08636815 0.4651251
3615.0107 25.705166 23.657207 0.07573522 0.46198934
3612.9648 25.7525 23.832834 0.051349934 0.46223977
3610.9187 25.58 23.698563 0.068208106 0.46104625
3608.8728 25.510681 23.508322 0.04582421 0.46006787
3606.8267 24.517776 22.604635 0.0374549 0.4515066
3604.7805 24.375349 22.43059 0.031400084 0.450225
3602.7346 24.438732 22.454308 0.050994232 0.45095634
3600.6885 23.826204 22.046457 0.03678905 0.44534662
3598.6426 23.526035 21.595776 0.032148536 0.44265166
