# wavelength calibrated_flux
3598.6547499657995 0.0
3600.7063898445135 8.276651798379222e-18
3602.758029723228 -4.1250907099719165e-18
3604.809669601942 3.0155584183428004e-18
3606.8613094806565 -2.234396065083959e-18
3608.9129493593705 -6.60624385443881e-19
3610.964589238085 -1.15490253576179e-18
3613.016229116799 1.3565790782043094e-18
3615.0678689955134 -3.307856480917546e-18
3617.1195088742274 -6.7315046792536286e-18
3619.1711487529415 7.853536152537491e-18
3621.222788631656 7.772499006011197e-18
3623.27442851037 3.541436146807136e-18
3625.3260683890844 4.241979160435075e-21
3627.3777082677984 -1.9900926164889342e-20
3629.429348146513 -4.387993561694926e-18
3631.480988025227 6.247308062210036e-19
3633.5326279039414 3.3007836968305948e-18
3635.5842677826554 3.5474394389432696e-19
3637.6359076613694 -7.040560889598588e-18
3639.687547540084 9.543103949407003e-19
3641.739187418798 -3.2165681036146548e-18
3643.7908272975124 1.2636716397558362e-19
3645.8424671762264 5.904271073203981e-19
3647.894107054941 4.210893635744837e-18
3649.945746933655 2.498732741179838e-18
3651.997386812369 1.0663005718106e-18
3654.0490266910833 1.0834131170714806e-18
3656.1006665697973 -1.7684920613481327e-19
3658.152306448512 -1.981392694399123e-18
3660.203946327226 2.190351373849533e-18
3662.2555862059403 2.274067715891453e-18
3664.3072260846543 1.852997373859302e-19
3666.3588659633688 2.776081971104924e-19
3668.410505842083 1.4743776373119547e-18
3670.462145720797 -6.210909052225266e-18
3672.5137855995113 3.3977078062165266e-18
3674.5654254782253 -4.840131157447478e-18
3676.6170653569397 6.647895049567333e-18
3678.6687052356538 -2.4911222760352407e-18
3680.7203451143682 3.657693420317778e-19
3682.7719849930822 -1.979825149604901e-18
3684.8236248717967 -5.314172574799461e-19
3686.8752647505107 -9.36904303947825e-19
3688.9269046292247 -1.0908133639442028e-18
3690.978544507939 3.261873366559252e-18
3693.030184386653 -4.649759597228677e-19
3695.0818242653677 6.692650455889912e-19
3697.1334641440817 -2.216666887418659e-18
3699.185104022796 3.645822788400691e-18
3701.23674390151 2.1223593437855917e-18
3703.2883837802246 -1.977517276335679e-18
3705.3400236589387 4.646979015299949e-19
3707.3916635376527 2.3222931461530645e-18
3709.443303416367 -1.3151703063701447e-18
3711.494943295081 -6.718721719609428e-19
3713.5465831737956 2.9746821061891897e-18
3715.5982230525096 -2.6073818279951096e-18
3717.649862931224 4.541951914523944e-18
3719.701502809938 1.786561898948666e-18
3721.7531426886526 -2.9477009165669553e-18
3723.8047825673666 1.0123895054577492e-18
3725.8564224460806 2.901703698805333e-18
3727.908062324795 -8.019204522843043e-19
3729.959702203509 2.4388685136593116e-18
3732.0113420822236 2.8051587968128754e-18
3734.0629819609376 -3.0799393300545674e-18
3736.114621839652 -6.559533383366276e-19
3738.166261718366 -4.094583857803204e-19
3740.2179015970805 -1.2704211584995138e-18
3742.2695414757945 2.3789013182488384e-18
3744.3211813545086 -2.8059525559321714e-18
3746.372821233223 2.652283734441672e-18
3748.424461111937 3.9080844074114655e-18
3750.4761009906515 -7.897752338746374e-19
3752.5277408693655 -4.88951041086297e-20
3754.57938074808 5.342664820096068e-19
3756.631020626794 -9.148006106386008e-19
3758.6826605055085 2.94192061578808e-19
3760.7343003842225 1.6866480142094437e-18
3762.7859402629365 3.4617350336345173e-18
3764.837580141651 3.8422857710267234e-18
3766.889220020365 1.4451629018940542e-18
3768.9408598990794 5.606182173808346e-19
3770.9924997777935 3.9713749519259546e-18
3773.044139656508 1.8367936471615603e-18
3775.095779535222 -6.748465563335349e-20
3777.1474194139364 2.857556528594295e-18
3779.1990592926504 -2.484730284092976e-20
3781.2506991713644 7.569395511283986e-19
3783.302339050079 -2.312937616604646e-19
3785.353978928793 -4.425114012272081e-19
3787.4056188075074 -2.1465292524279444e-19
3789.4572586862214 1.6153909535677348e-19
3791.508898564936 1.39840292422046e-18
3793.56053844365 -6.238065767855072e-19
3795.6121783223643 1.6219433585230697e-19
3797.6638182010784 1.46432636474659e-18
3799.7154580797924 9.654266967982689e-19
3801.767097958507 -1.0077700842073269e-18
3803.818737837221 2.4487740700549656e-18
3805.8703777159353 -1.4773662304663503e-18
3807.9220175946493 3.891849459539863e-19
3809.973657473364 -1.8657710288349213e-19
3812.025297352078 2.584051298304e-18
3814.076937230792 -1.4426276777947015e-18
3816.1285771095063 -1.1638723014178584e-18
3818.1802169882203 1.8315281933004536e-18
3820.231856866935 -1.4788306009915417e-18
3822.283496745649 6.699766240381541e-19
3824.3351366243633 -2.393137644942067e-19
3826.3867765030773 -3.120292065416836e-19
3828.4384163817917 -5.45163452067595e-19
3830.4900562605058 1.5766424703208734e-18
3832.5416961392198 1.3794049865498072e-18
3834.5933360179342 -6.473091941531427e-19
3836.6449758966482 3.3702460405855134e-19
3838.6966157753627 -5.255195286652971e-19
3840.7482556540767 1.2073528037739951e-18
3842.799895532791 -5.3527319652127945e-20
3844.851535411505 3.1554311350250543e-19
3846.903175290219 -7.916539808454957e-19
3848.9548151689337 4.732081143984981e-19
3851.0064550476477 -3.632272129835848e-19
3853.058094926362 5.420784576115989e-19
3855.109734805076 1.9373768665894327e-20
3857.1613746837907 8.008912450612823e-19
3859.2130145625047 1.4916227941556734e-18
3861.264654441219 3.9077149378895204e-18
3863.316294319933 -1.0336350819888585e-18
3865.367934198647 6.171732059358293e-19
3867.4195740773616 9.884094621814642e-19
3869.4712139560756 -1.4749722761282843e-18
3871.52285383479 1.6149797186348225e-20
3873.574493713504 -1.806197683386754e-19
3875.6261335922186 -6.853609537999507e-19
3877.6777734709326 -1.461454395948223e-18
3879.729413349647 -9.059474681701882e-19
3881.781053228361 4.896527420658944e-19
3883.832693107075 7.968720384458438e-19
3885.8843329857896 2.379501479658883e-18
3887.9359728645036 7.469666222466414e-19
3889.987612743218 1.5892753528951094e-18
3892.039252621932 -1.524316133107448e-19
3894.0908925006465 1.131281922434202e-18
3896.1425323793605 5.987003855814307e-19
3898.194172258075 -9.080995629779454e-19
3900.245812136789 7.142944147923052e-19
3902.297452015503 2.281987618519787e-18
3904.3490918942175 -2.010721619826704e-19
3906.4007317729315 1.2945807782217502e-18
3908.452371651646 8.121053651831751e-19
3910.50401153036 7.532892546410049e-19
3912.5556514090745 7.70209998476083e-19
3914.6072912877885 -7.59507518143954e-19
3916.658931166503 1.1257450267235634e-19
3918.710571045217 8.430650661595563e-19
3920.762210923931 2.923241425387933e-19
3922.8138508026454 -7.059441644072012e-19
3924.8654906813595 1.2332701928799834e-19
3926.917130560074 7.621706311458234e-19
3928.968770438788 1.0345436840689636e-19
3931.0204103175024 3.0638057975234824e-19
3933.0720501962164 -6.447079098556956e-19
3935.123690074931 2.321359269609256e-18
3937.175329953645 -2.0899398782181957e-18
3939.226969832359 4.31305118953791e-19
3941.2786097110734 7.149314314071821e-19
3943.3302495897874 -4.319451100582142e-19
3945.381889468502 1.6094508027509658e-18
3947.433529347216 6.512389425317605e-19
3949.4851692259303 9.521077843532231e-20
3951.5368091046444 -1.3506680603770079e-18
3953.588448983359 4.344760293997025e-19
3955.640088862073 6.47567740337258e-19
3957.691728740787 7.608916209042808e-19
3959.7433686195013 4.2295314888211713e-19
3961.7950084982153 -1.6255100204708988e-20
3963.84664837693 -2.8233377864141557e-19
3965.898288255644 -4.247547368850312e-19
3967.9499281343583 -6.069531080843354e-20
3970.0015680130723 -1.2326520978831306e-19
3972.0532078917868 -1.3253951989775212e-19
3974.104847770501 1.1254304065706225e-18
3976.156487649215 -1.1186293473760258e-18
3978.2081275279293 -5.036783643972903e-19
3980.2597674066433 5.099747607886165e-19
3982.3114072853577 6.083143573690478e-19
3984.3630471640718 5.503225984312191e-19
3986.414687042786 5.2079302447454835e-19
3988.4663269215002 2.2858623568918043e-19
3990.5179668002147 7.508124514039605e-19
3992.5696066789287 1.169672888509428e-19
3994.6212465576427 1.3761800179141439e-18
3996.672886436357 1.602386454222772e-18
3998.724526315071 -2.5495692323959557e-19
4000.7761661937857 1.9480149819146704e-18
4002.8278060724997 1.2829862745929926e-18
4004.879445951214 6.975135199345847e-19
4006.931085829928 -6.393522905906284e-20
4008.9827257086426 7.528887321973062e-19
4011.0343655873567 2.1175446447952947e-18
4013.0860054660707 1.76793911965916e-18
4015.137645344785 1.0699023650045364e-18
4017.189285223499 1.7693730993716867e-18
4019.2409251022136 1.0234444126835099e-18
4021.2925649809276 1.3572903408516886e-18
4023.344204859642 1.4373490839206355e-18
4025.395844738356 2.1194028822588342e-18
4027.4474846170706 2.9526446059087614e-18
4029.4991244957846 5.121350545484223e-19
4031.5507643744986 1.0143227913740962e-18
4033.602404253213 2.2957697923860695e-18
4035.654044131927 1.0553753379639903e-18
4037.7056840106416 6.781039899106762e-19
4039.7573238893556 1.5010931144934938e-18
4041.8089637680696 1.540450157074604e-18
4043.860603646784 -1.664838396935358e-18
4045.9122435254985 1.124543114359795e-18
4047.9638834042125 1.2534086447182963e-18
4050.0155232829266 6.485302598852363e-19
4052.067163161641 3.251741041639325e-18
4054.118803040355 1.1557949002591598e-18
4056.1704429190695 1.0297690335739384e-18
4058.2220827977835 7.354548280865301e-19
4060.2737226764975 4.50467636482005e-19
4062.325362555212 1.8758016214084676e-19
4064.377002433926 -2.4771284610221887e-19
4066.4286423126405 1.8184347188907837e-19
4068.4802821913545 1.2465749969247013e-18
4070.531922070069 1.4251591565902938e-18
4072.583561948783 1.5047258656604822e-18
4074.6352018274974 1.2701639390236193e-18
4076.6868417062115 2.690444403054296e-18
4078.7384815849255 9.596098286744138e-19
4080.79012146364 2.380195530539026e-18
4082.841761342354 1.972177399569422e-18
4084.8934012210684 8.4271279067423795e-19
4086.9450410997824 2.5457065828125203e-19
4088.996680978497 3.866172294893538e-18
4091.048320857211 2.6488644003262697e-19
4093.0999607359254 5.707751701670004e-19
4095.1516006146394 7.93154498756746e-19
4097.203240493353 -2.5990896883949875e-19
4099.254880372067 2.492612868944869e-18
4101.306520250782 -5.284034094580105e-20
4103.358160129496 7.190083141282378e-19
4105.40980000821 7.81267535764062e-19
4107.461439886924 2.6413138880391847e-18
4109.513079765639 1.5029173726265726e-18
4111.564719644353 4.259658126978804e-18
4113.616359523067 2.185351753186513e-18
4115.667999401781 2.7113057886914205e-18
4117.719639280496 1.2915082224186485e-18
4119.77127915921 2.417326910685517e-18
4121.822919037924 3.335269605763425e-19
4123.874558916638 9.311608339445736e-19
4125.926198795352 3.2602307617083862e-18
4127.977838674067 1.3040019213966976e-18
4130.029478552781 2.3298267923623196e-18
4132.081118431495 1.5586479988062973e-18
4134.132758310209 1.99462270635484e-18
4136.184398188923 2.4270381354498008e-18
4138.236038067638 1.91292711214809e-18
4140.287677946352 3.1495568650359975e-18
4142.339317825066 2.8776945088116534e-18
4144.39095770378 3.112586639555633e-18
4146.442597582494 2.7714220918685156e-18
4148.494237461209 1.767315333054018e-18
4150.545877339923 1.633615477614086e-18
4152.597517218637 -2.5406780620401525e-19
4154.649157097352 9.32123095701204e-19
4156.700796976066 1.8818330249859427e-18
4158.75243685478 8.511051048560966e-19
4160.804076733494 -1.1064233856826928e-18
4162.855716612208 1.314762389705438e-18
4164.907356490923 1.3430955566789125e-18
4166.958996369637 2.4164005339432536e-18
4169.010636248351 9.676671154592818e-19
4171.062276127065 1.6533644270423378e-18
4173.113916005779 3.247228169423009e-19
4175.165555884494 1.184556706934714e-18
4177.217195763208 -6.155803951173647e-20
4179.268835641922 1.09850311739937e-18
4181.320475520636 5.957309162126846e-19
4183.37211539935 2.0891352943432205e-18
4185.423755278065 3.1259180989931964e-18
4187.475395156779 8.031289421295983e-19
4189.527035035493 1.2183342195589203e-18
4191.578674914207 7.482489767610329e-19
4193.630314792922 3.4043900435162985e-18
4195.681954671636 3.4313092808686242e-18
4197.73359455035 1.6137264880002444e-18
4199.785234429064 8.107738062782368e-19
4201.836874307779 8.167933502098399e-20
4203.888514186493 1.6854057788382284e-18
4205.940154065207 1.4159795092385313e-18
4207.991793943921 1.8232214210709446e-19
4210.043433822635 2.62544168519977e-18
4212.09507370135 3.34563460237329e-18
4214.146713580064 4.092008993312064e-18
4216.198353458778 3.0724999055954798e-18
4218.249993337492 2.2543123148255114e-18
4220.301633216206 2.97391764943295e-18
4222.353273094921 3.457965593521337e-18
4224.404912973635 4.7653803256634005e-18
4226.456552852349 4.1572418856932005e-18
4228.508192731063 3.7395183493299855e-18
4230.559832609778 4.522492706065118e-18
4232.611472488492 1.331753665101168e-18
4234.663112367206 2.1397796767605387e-18
4236.71475224592 3.1491367512089843e-18
4238.766392124635 3.473292812553485e-18
4240.818032003349 3.83442026067927e-18
4242.869671882063 3.611976676346789e-18
4244.921311760777 2.654326766212366e-18
4246.972951639491 4.197729206135985e-18
4249.024591518206 4.980471689112243e-18
4251.07623139692 4.27331722894553e-18
4253.127871275634 3.8868017161727665e-18
4255.179511154348 2.7588493567030664e-18
4257.231151033062 3.498467836441592e-18
4259.282790911777 2.747171480699389e-18
4261.334430790491 3.341680955039008e-18
4263.386070669205 4.311080126848004e-18
4265.437710547919 1.5543200390185015e-18
4267.489350426634 1.8859889743060113e-18
4269.540990305348 4.011112834334695e-18
4271.592630184062 2.7112713182719545e-18
4273.644270062776 2.553048499220252e-18
4275.695909941491 1.931281030021696e-18
4277.747549820205 5.344264359933342e-18
4279.799189698919 5.107282058931971e-18
4281.850829577633 3.844663234364525e-18
4283.902469456347 3.005581406094252e-18
4285.954109335062 2.9379462025389033e-18
4288.005749213776 4.553425363186576e-18
4290.05738909249 3.6691232062263354e-18
4292.109028971204 5.5808552531412765e-18
4294.160668849918 3.500817750569091e-18
4296.212308728633 5.537797094203589e-18
4298.263948607347 6.738912675110277e-18
4300.315588486061 4.220404459385596e-18
4302.367228364775 2.6745000968583853e-18
4304.41886824349 4.841107110429194e-19
4306.470508122204 1.50405891804479e-18
4308.522148000918 7.100198972965747e-19
4310.573787879632 2.592635123449583e-18
4312.625427758347 2.570537591766384e-18
4314.677067637061 2.6723831022512133e-18
4316.728707515775 2.9857916197062915e-18
4318.780347394489 4.3484185429822344e-18
4320.831987273203 6.078919321707751e-18
4322.883627151918 7.733867955526639e-18
4324.935267030632 5.514024190281889e-18
4326.986906909346 5.1868259660777666e-18
4329.03854678806 6.890027289721997e-18
4331.090186666774 8.538741032365785e-18
4333.141826545489 8.018740049911642e-18
4335.193466424203 8.358017099392677e-18
4337.245106302917 8.056387882187537e-18
4339.296746181631 8.341413586975246e-18
4341.348386060346 8.355109437035224e-18
4343.40002593906 7.146359515785482e-18
4345.451665817774 1.0470657739691728e-17
4347.503305696488 9.438018931955786e-18
4349.5549455752025 1.1817737586849901e-17
4351.6065854539165 1.0951153708630576e-17
4353.6582253326305 1.0739588220398257e-17
4355.709865211345 1.0425764250155296e-17
4357.761505090059 6.128420609347925e-18
4359.8131449687735 5.755592632337218e-18
4361.8647848474875 4.264028058855872e-18
4363.9164247262015 4.321188955211088e-18
4365.9680646049155 5.175806902941611e-18
4368.0197044836295 5.332453788762558e-18
4370.0713443623445 1.0256369232856534e-17
4372.1229842410585 1.233107522477638e-17
4374.1746241197725 1.8216661245182325e-17
4376.2262639984865 2.2520590343553884e-17
4378.2779038772005 2.801654417870053e-17
4380.329543755915 2.752617312153168e-17
4382.381183634629 2.8578864543795035e-17
4384.4328235133435 2.2787552736138464e-17
4386.484463392058 2.050001650348686e-17
4388.536103270772 1.7419081769006443e-17
4390.587743149486 1.754782340319652e-17
4392.6393830282 1.4134615639369097e-17
4394.691022906914 1.3963055481768933e-17
4396.742662785629 1.527098928766149e-17
4398.794302664343 1.5412051846034e-17
4400.845942543057 1.3513714583210345e-17
4402.897582421771 1.1934502978369233e-17
4404.949222300485 1.425428542827854e-17
4407.0008621792 9.43737953904767e-18
4409.052502057914 1.1981153698446105e-17
4411.104141936628 1.3892807707630935e-17
4413.155781815342 1.1903893331814417e-17
4415.207421694056 1.3141979047729717e-17
4417.259061572771 1.3598240264650179e-17
4419.310701451485 8.38740738021824e-18
4421.362341330199 1.077797892536756e-17
4423.413981208913 1.3060540393239282e-17
4425.465621087628 1.154751981453285e-17
4427.517260966342 1.271111191517095e-17
4429.568900845056 1.1775227305606246e-17
4431.62054072377 1.3509233838318996e-17
4433.672180602485 1.2704000294349099e-17
4435.723820481199 1.2959618093825517e-17
4437.775460359913 1.6432872336136466e-17
4439.827100238627 1.3610264579850059e-17
4441.878740117341 1.5108721949334994e-17
4443.930379996056 1.517876876676254e-17
4445.98201987477 1.5455493737515146e-17
4448.033659753484 1.2538280114151291e-17
4450.085299632198 1.563717391714679e-17
4452.136939510912 1.703245812827163e-17
4454.188579389627 1.738925142306441e-17
4456.240219268341 1.572358593520849e-17
4458.291859147055 1.5345048122171416e-17
4460.343499025769 1.6843299957226964e-17
4462.395138904484 1.6594172083745577e-17
4464.446778783198 1.6724525525998073e-17
4466.498418661912 1.5950466317536855e-17
4468.550058540626 1.5408541846264917e-17
4470.601698419341 1.6076773562872e-17
4472.653338298055 1.568561390797444e-17
4474.704978176769 1.447886417846624e-17
4476.756618055483 1.5035069743344422e-17
4478.808257934197 1.623430718525783e-17
4480.859897812912 1.2214298226615521e-17
4482.911537691626 1.2259007346286985e-17
4484.96317757034 1.1652397580114013e-17
4487.014817449054 1.147599945734996e-17
4489.066457327768 1.0527385737259151e-17
4491.118097206483 8.970424502877377e-18
4493.169737085197 9.645275048247948e-18
4495.221376963911 7.427168524648368e-18
4497.273016842625 9.537710239917397e-18
4499.32465672134 8.521826674100337e-18
4501.376296600054 8.458206805440705e-18
4503.427936478768 8.86924803424108e-18
4505.479576357482 1.0047263175360615e-17
4507.531216236197 1.0841420857075299e-17
4509.582856114911 9.253957091807817e-18
4511.634495993625 1.2382481658869775e-17
4513.686135872339 1.0927014178567397e-17
4515.737775751053 1.0812264798544151e-17
4517.789415629768 1.1184583426606317e-17
4519.841055508482 1.0983879940798386e-17
4521.892695387196 1.0842354413162466e-17
4523.94433526591 8.491058819992655e-18
4525.995975144624 7.776856452114485e-18
4528.047615023339 1.0546333854300284e-17
4530.099254902053 9.586772236597027e-18
4532.150894780767 9.602199653311879e-18
4534.202534659481 1.010064579675151e-17
4536.254174538196 9.911825473225716e-18
4538.30581441691 9.445910569045729e-18
4540.357454295624 7.674916336497095e-18
4542.409094174338 9.972247014488246e-18
4544.460734053053 1.1368396844131091e-17
4546.512373931767 9.51561570194661e-18
4548.564013810481 1.0457512134954105e-17
4550.615653689195 9.821101224598647e-18
4552.667293567909 1.0363458229541863e-17
4554.718933446624 8.352294391949875e-18
4556.770573325338 9.653905568697684e-18
4558.822213204052 8.806571637963283e-18
4560.873853082766 8.234755096109778e-18
4562.92549296148 1.0240008940242091e-17
4564.977132840195 9.635091136466692e-18
4567.028772718909 7.60770714620247e-18
4569.080412597623 9.036806689672627e-18
4571.132052476337 9.28272920141043e-18
4573.183692355052 9.030469394326487e-18
4575.235332233766 9.326614100000407e-18
4577.28697211248 8.551887308555494e-18
4579.338611991194 9.175956595027326e-18
4581.390251869909 1.1166959946198214e-17
4583.441891748623 9.679029789317194e-18
4585.493531627337 8.828992539826214e-18
4587.545171506051 1.0595885372790237e-17
4589.596811384765 7.49422465616672e-18
4591.64845126348 9.975576697088538e-18
4593.700091142194 7.985444106638622e-18
4595.751731020908 7.422603090799512e-18
4597.803370899622 8.285340594012832e-18
4599.855010778336 8.498492003814083e-18
4601.906650657051 9.702525735236804e-18
4603.958290535765 9.937625948903009e-18
4606.009930414479 8.730832113693758e-18
4608.061570293193 7.92537166465946e-18
4610.113210171907 8.61185834681318e-18
4612.164850050622 7.707025262096682e-18
4614.216489929336 9.261055855406861e-18
4616.26812980805 8.734351621570696e-18
4618.319769686764 9.326401569597415e-18
4620.371409565479 9.450465801577231e-18
4622.423049444193 1.1118689737939117e-17
4624.474689322907 8.924821970144409e-18
4626.526329201621 9.258421538324263e-18
4628.577969080336 1.019472409749757e-17
4630.62960895905 9.631101738439416e-18
4632.681248837764 1.0320623587583742e-17
4634.732888716478 1.1146415651446648e-17
4636.784528595192 9.275708104970513e-18
4638.836168473907 1.0885757380343887e-17
4640.887808352621 8.948286138849036e-18
4642.939448231335 9.23386683809883e-18
4644.991088110049 9.053063840324572e-18
4647.042727988763 8.395472788554745e-18
4649.094367867478 9.362929602410628e-18
4651.146007746192 8.932274824648198e-18
4653.197647624906 1.0712555651291155e-17
4655.2492875036205 1.1896759251078978e-17
4657.3009273823345 9.247587728409909e-18
4659.3525672610485 8.650365236870808e-18
4661.404207139763 9.550113883436215e-18
4663.455847018477 1.0000764966844313e-17
4665.5074868971915 9.271209667866744e-18
4667.5591267759055 1.148147444507739e-17
4669.6107666546195 7.8690544815861e-18
4671.6624065333335 8.195126602948738e-18
4673.7140464120475 9.170810359271284e-18
4675.7656862907625 9.238359604381382e-18
4677.8173261694765 9.822692691505862e-18
4679.8689660481905 1.1357833349903617e-17
4681.9206059269045 1.012933001879233e-17
4683.9722458056185 9.825621471780568e-18
4686.023885684333 9.536723250518985e-18
4688.075525563047 7.241925816957565e-18
4690.1271654417615 9.430871059383276e-18
4692.178805320476 9.230678516699725e-18
4694.2304451991895 1.0194618542482683e-17
4696.282085077904 8.73376030789314e-18
4698.333724956618 9.216253475365336e-18
4700.385364835332 9.688835882524034e-18
4702.437004714047 1.0499532409169363e-17
4704.488644592761 1.0055737856536681e-17
4706.540284471475 1.0232953895509874e-17
4708.591924350189 1.1259715689700688e-17
4710.643564228903 1.0081652481277162e-17
4712.695204107618 9.20573596864009e-18
4714.746843986332 1.079423654498039e-17
4716.798483865046 9.712417343285724e-18
4718.85012374376 1.0879720504026952e-17
4720.901763622474 1.0044557290762e-17
4722.953403501189 1.1059841504746985e-17
4725.005043379903 9.1168726577209e-18
4727.056683258617 1.0273107599823896e-17
4729.108323137332 8.046929570183386e-18
4731.159963016045 9.894842792349358e-18
4733.21160289476 1.0902323286708871e-17
4735.263242773474 1.054333428249404e-17
4737.314882652188 1.0915206981770374e-17
4739.366522530903 1.0058782020258993e-17
4741.418162409617 1.1526439240861467e-17
4743.469802288331 9.812399007901779e-18
4745.521442167045 9.592606145582545e-18
4747.573082045759 1.0692800726839087e-17
4749.624721924474 1.0739506535686674e-17
4751.676361803188 1.0047147930088058e-17
4753.728001681902 8.800020539394343e-18
4755.779641560616 8.116603915658436e-18
4757.83128143933 9.818237998800752e-18
4759.882921318045 1.0615645336322067e-17
4761.934561196759 9.130919190399831e-18
4763.986201075473 1.0334649381647553e-17
4766.037840954187 1.0403709650077567e-17
4768.089480832901 1.1887582357762966e-17
4770.141120711616 8.9281213261825e-18
4772.19276059033 8.998904033567842e-18
4774.244400469044 1.0076977651967218e-17
4776.296040347759 1.02297406910871e-17
4778.347680226473 9.600482098091298e-18
4780.399320105187 1.2070866511765948e-17
4782.450959983901 1.0694316737688221e-17
4784.502599862615 1.134206563179945e-17
4786.55423974133 1.2024591833034322e-17
4788.605879620044 1.1352202510614598e-17
4790.657519498758 1.1803948336339754e-17
4792.709159377472 1.201962198782834e-17
4794.760799256186 1.0117243648888627e-17
4796.812439134901 9.316813833366056e-18
4798.864079013615 9.474209931362137e-18
4800.915718892329 1.1372134256025574e-17
4802.967358771043 1.0355144022148065e-17
4805.018998649757 1.0307370574997851e-17
4807.070638528472 1.0962313838402229e-17
4809.122278407186 1.1310065629638166e-17
4811.1739182859 1.0117278046429967e-17
4813.225558164615 1.053027452440174e-17
4815.277198043329 1.2250800793807362e-17
4817.328837922043 1.2453186493698859e-17
4819.380477800757 1.302917745539947e-17
4821.432117679471 1.2036818753925976e-17
4823.483757558186 1.129128260424444e-17
4825.5353974369 1.146293413147274e-17
4827.587037315614 1.2442756805984368e-17
4829.638677194328 1.0488771585628912e-17
4831.690317073042 1.180643323664303e-17
4833.741956951757 1.2579372915922837e-17
4835.793596830471 1.1709877839605144e-17
4837.845236709185 1.1074782704865799e-17
4839.896876587899 9.585169541195325e-18
4841.948516466613 1.1327369517129573e-17
4844.000156345328 1.0419748027469009e-17
4846.051796224042 9.941599574831021e-18
4848.103436102756 1.0440884206037808e-17
4850.155075981471 9.592018057831875e-18
4852.206715860185 1.1116146291221056e-17
4854.258355738899 1.2079355042541398e-17
4856.309995617613 1.0262201340412058e-17
4858.361635496327 9.423861902257992e-18
4860.413275375042 1.0464358626559093e-17
4862.464915253756 1.2256905543387402e-17
4864.51655513247 1.1642077345180297e-17
4866.568195011184 1.0564603815608613e-17
4868.619834889898 1.1082256610797303e-17
4870.671474768613 1.2453959627264903e-17
4872.723114647327 1.2032679206878594e-17
4874.774754526041 1.004548213176616e-17
4876.826394404755 1.2694080351241315e-17
4878.878034283469 1.1530865748805548e-17
4880.929674162184 9.552073525142157e-18
4882.981314040898 1.0157971288674693e-17
4885.032953919612 1.2207248652571926e-17
4887.084593798327 1.18806898507586e-17
4889.136233677041 1.1540516001679093e-17
4891.187873555755 1.0807444403781565e-17
4893.239513434469 1.1037349130450897e-17
4895.291153313183 1.2965298777332829e-17
4897.342793191898 1.1547391293520998e-17
4899.394433070612 1.1633266268084976e-17
4901.446072949326 1.1675006329321838e-17
4903.49771282804 1.1253503153280444e-17
4905.549352706754 1.2331492397788452e-17
4907.600992585469 1.0298369983965544e-17
4909.652632464183 1.3065692939628218e-17
4911.704272342897 1.1374918816322954e-17
4913.755912221611 1.1815597059479475e-17
4915.807552100325 1.2308491534010372e-17
4917.85919197904 1.1896125957868682e-17
4919.910831857754 1.0474148720887285e-17
4921.962471736468 8.947372058286803e-18
4924.014111615183 5.80988214582388e-18
4926.065751493896 4.877906816561666e-18
4928.117391372611 7.789257151464523e-18
4930.169031251325 1.2326152114284141e-17
4932.220671130039 1.0697021622279393e-17
4934.272311008754 1.2424545611561454e-17
4936.323950887468 9.601621207092978e-18
4938.375590766182 1.289858001320391e-17
4940.427230644896 1.3328519320155229e-17
4942.47887052361 1.3338633942495767e-17
4944.530510402325 1.388966330680883e-17
4946.582150281039 1.2811276066360386e-17
4948.633790159753 1.25948493153892e-17
4950.685430038467 1.1338129979116477e-17
4952.737069917181 1.2677353958331316e-17
4954.788709795896 1.4289159328319634e-17
4956.84034967461 1.1334185649406542e-17
4958.891989553324 1.199234545124821e-17
4960.943629432038 1.2681691501918945e-17
4962.995269310752 1.2139205571049633e-17
4965.0469091894665 1.1989908573143073e-17
4967.098549068181 1.080782841859078e-17
4969.150188946895 1.2695388390293332e-17
4971.2018288256095 1.3476574120462573e-17
4973.2534687043235 1.2255559802886191e-17
4975.3051085830375 1.360434567856522e-17
4977.3567484617515 1.3359805699363136e-17
4979.4083883404655 1.3668079194093252e-17
4981.4600282191805 1.421125115991624e-17
4983.5116680978945 1.46366126596914e-17
4985.5633079766085 1.3117800038036988e-17
4987.6149478553225 1.3268137662205882e-17
4989.6665877340365 1.406723512637855e-17
4991.718227612751 1.3926226014013614e-17
4993.769867491465 1.2305466733904243e-17
4995.8215073701795 1.1002441567276369e-17
4997.8731472488935 1.2326705844433238e-17
4999.9247871276075 1.2437947469869889e-17
5001.976427006322 1.3614172505909309e-17
5004.028066885036 1.4184682843048643e-17
5006.07970676375 1.3459732517198178e-17
5008.131346642465 1.530281697276319e-17
5010.182986521179 1.487770770078885e-17
5012.234626399893 1.586766864965873e-17
5014.286266278607 1.4493115146851612e-17
5016.337906157321 1.4791219176808988e-17
5018.389546036036 1.6102173391130792e-17
5020.44118591475 1.6563850850250417e-17
5022.492825793464 1.5228066965157193e-17
5024.544465672178 1.3230360727305732e-17
5026.596105550892 1.068700166388068e-17
5028.647745429607 1.1786374755778844e-17
5030.699385308321 1.5048289000151752e-17
5032.751025187035 1.3390807036048667e-17
5034.802665065749 1.0974985521148647e-17
5036.854304944463 1.1564208003675238e-17
5038.905944823178 1.3434278097554995e-17
5040.957584701892 1.459731357784003e-17
5043.009224580606 1.6816974811443996e-17
5045.060864459321 1.6493134971414377e-17
5047.112504338035 1.520698680505315e-17
5049.164144216749 1.5659427007891902e-17
5051.215784095463 1.6128296394295982e-17
5053.267423974177 1.569629109558712e-17
5055.319063852892 1.5972063013824935e-17
5057.370703731606 1.58202985168301e-17
5059.42234361032 1.4896701395419857e-17
5061.473983489034 1.6276063670291435e-17
5063.525623367748 1.5948593490608384e-17
5065.577263246463 1.4801921401101142e-17
5067.628903125177 1.600059626426705e-17
5069.680543003891 1.604110049400533e-17
5071.732182882605 1.659543484360917e-17
5073.783822761319 1.647978117160438e-17
5075.835462640034 1.554901448311659e-17
5077.887102518748 1.402821504101404e-17
5079.938742397462 1.5813653978514056e-17
5081.990382276177 1.4774733243646876e-17
5084.042022154891 1.4358455717111856e-17
5086.093662033605 1.49535860014503e-17
5088.145301912319 1.4924496260803156e-17
5090.196941791033 1.3647683213528105e-17
5092.248581669748 1.421757244489594e-17
5094.300221548462 1.5799101512291617e-17
5096.351861427176 1.4452609618489256e-17
5098.40350130589 1.429225371595021e-17
5100.455141184604 1.538996946586729e-17
5102.506781063319 1.4613039779595597e-17
5104.558420942033 1.53629709536765e-17
5106.610060820747 1.4429536445467916e-17
5108.661700699461 1.2997730012630616e-17
5110.713340578175 1.3892216135515983e-17
5112.76498045689 1.3481347807066038e-17
5114.816620335604 1.4938135790380312e-17
5116.868260214318 1.51757325624569e-17
5118.919900093033 1.5786911531071583e-17
5120.971539971746 1.6040090072981667e-17
5123.023179850461 1.2896186267895484e-17
5125.074819729175 1.258798766210493e-17
5127.126459607889 1.3798706913541783e-17
5129.178099486604 1.3847250204783823e-17
5131.229739365318 1.3476672408365596e-17
5133.281379244032 1.2738799340348875e-17
5135.333019122746 1.3006059899431055e-17
5137.38465900146 1.5756500935028065e-17
5139.436298880175 1.4996997144410074e-17
5141.487938758889 1.3667851718047937e-17
5143.539578637603 1.1056615078127663e-17
5145.591218516317 1.3137889578519956e-17
5147.642858395031 1.323476554052244e-17
5149.694498273746 1.2703380595918852e-17
5151.74613815246 1.525412913396441e-17
5153.797778031174 1.450661687525122e-17
5155.849417909889 1.330228606692123e-17
5157.901057788602 1.3211969285159349e-17
5159.952697667317 1.3257995034255549e-17
5162.004337546031 1.371183863999788e-17
5164.055977424745 1.5067509868711635e-17
5166.10761730346 1.5132620690277767e-17
5168.159257182174 1.2632677347077403e-17
5170.210897060888 1.4363465221642892e-17
5172.262536939602 1.3964382227479646e-17
5174.314176818316 1.2651685849981541e-17
5176.365816697031 1.4315595704187163e-17
5178.417456575745 1.5273666671656476e-17
5180.469096454459 1.3941633804475135e-17
5182.520736333173 1.406924918540367e-17
5184.572376211887 1.4867135028496873e-17
5186.624016090602 1.0995085159079478e-17
5188.675655969316 6.89865677432312e-18
5190.72729584803 8.93382409956009e-18
5192.778935726744 1.0637331260315768e-17
5194.830575605458 1.279159209313916e-17
5196.882215484173 1.3702018088261432e-17
5198.933855362887 1.4382711031641598e-17
5200.985495241601 1.493699303090515e-17
5203.037135120316 1.4056957748289526e-17
5205.08877499903 1.3697411490592169e-17
5207.140414877744 1.4607935178657514e-17
5209.192054756458 1.5014954505224888e-17
5211.243694635172 1.3478125913584128e-17
5213.295334513887 1.4704811671362318e-17
5215.346974392601 1.4474268132453173e-17
5217.398614271315 1.3895053732929276e-17
5219.450254150029 1.4780981281525787e-17
5221.501894028743 1.5493033097093466e-17
5223.553533907458 1.4357125825695317e-17
5225.605173786172 1.535564180730332e-17
5227.656813664886 1.476211280156649e-17
5229.7084535436 1.4330297789393166e-17
5231.760093422314 1.4900574576407724e-17
5233.811733301029 1.4374548191621748e-17
5235.863373179743 1.475264421801471e-17
5237.915013058457 1.317954948759377e-17
5239.966652937172 1.448708644271669e-17
5242.018292815886 1.449327531985288e-17
5244.0699326946 1.4417006402259487e-17
5246.121572573314 1.540906883358445e-17
5248.173212452028 1.416825804043585e-17
5250.224852330743 1.5459519482063354e-17
5252.276492209457 1.4891531024848006e-17
5254.328132088171 1.413554344864184e-17
5256.379771966885 1.4294441386302695e-17
5258.431411845599 1.465166209407633e-17
5260.483051724314 1.5272778624907404e-17
5262.534691603028 1.5347023137841015e-17
5264.586331481742 1.5568239661841854e-17
5266.637971360456 1.4640201468533816e-17
5268.68961123917 1.4839790786946302e-17
5270.7412511178845 1.4264247860121122e-17
5272.7928909965985 1.4205600676375935e-17
5274.844530875313 1.5135570179967782e-17
5276.8961707540275 1.4831712498668035e-17
5278.9478106327415 1.43288961569721e-17
5280.9994505114555 1.5320949199570357e-17
5283.0510903901695 1.5546292838881253e-17
5285.1027302688835 1.4611188450510973e-17
5287.1543701475985 1.5012867605882868e-17
5289.2060100263125 1.5435191857733863e-17
5291.2576499050265 1.5505476272350302e-17
5293.3092897837405 1.4530161349479318e-17
5295.3609296624545 1.3782880588682848e-17
5297.412569541169 1.5551997109832803e-17
5299.464209419883 1.557339716740688e-17
5301.5158492985975 1.60087464660031e-17
5303.5674891773115 1.717342076245379e-17
5305.6191290560255 1.6052847753187828e-17
5307.67076893474 1.7117574322889618e-17
5309.722408813454 1.479255784355283e-17
5311.774048692168 1.5418414458288996e-17
5313.825688570883 1.382351441518347e-17
5315.877328449597 1.4758069343459336e-17
5317.928968328311 1.535550059352433e-17
5319.980608207025 1.7205769664653486e-17
5322.032248085739 1.7760343074560133e-17
5324.083887964454 1.8085071247887774e-17
5326.135527843168 1.4976977949396586e-17
5328.187167721882 1.7001119520437402e-17
5330.238807600596 1.592549262783157e-17
5332.29044747931 1.749400527528554e-17
5334.342087358025 1.5426481084025586e-17
5336.393727236739 1.575591734198391e-17
5338.445367115453 1.5267233144975762e-17
5340.497006994167 1.7239770376206514e-17
5342.548646872881 1.556925980870306e-17
5344.600286751596 1.3686215331998176e-17
5346.65192663031 1.2891043255407026e-17
5348.703566509024 1.3318101629153608e-17
5350.755206387739 1.4339843785153484e-17
5352.806846266452 1.6251530114219735e-17
5354.858486145167 1.7946796486459702e-17
5356.910126023881 1.6772038923590246e-17
5358.961765902595 1.673834399902193e-17
5361.01340578131 1.7119836584930086e-17
5363.065045660024 1.693992708819205e-17
5365.116685538738 1.532683234022984e-17
5367.168325417452 1.7162292268356673e-17
5369.219965296166 1.6819952607384006e-17
5371.271605174881 1.5208309411351263e-17
5373.323245053595 1.7048193233126982e-17
5375.374884932309 1.7680665898022632e-17
5377.426524811023 1.622581440608662e-17
5379.478164689737 1.579149101637373e-17
5381.529804568452 1.5944461642024258e-17
5383.581444447166 1.669321535691588e-17
5385.63308432588 1.4875044075690238e-17
5387.684724204595 1.0542495850643311e-17
5389.736364083308 7.137618226803521e-18
5391.788003962023 7.016454807935527e-18
5393.839643840737 9.72596133918251e-18
5395.891283719451 1.2572595965234446e-17
5397.942923598166 1.633613328400722e-17
5399.99456347688 1.7994985302176427e-17
5402.046203355594 1.7653929664772023e-17
5404.097843234308 1.7754900877919497e-17
5406.149483113022 1.709135139359853e-17
5408.201122991737 1.754317055404532e-17
5410.252762870451 1.891746227560697e-17
5412.304402749165 1.8798737515367674e-17
5414.356042627879 1.6724013588934293e-17
5416.407682506593 1.7809732527530003e-17
5418.459322385308 1.6695729054371054e-17
5420.510962264022 1.730822583441237e-17
5422.562602142736 1.8144189328345858e-17
5424.61424202145 1.8770667997784557e-17
5426.665881900164 1.7956116458902854e-17
5428.717521778879 1.6305313045028403e-17
5430.769161657593 1.7867648097179014e-17
5432.820801536307 1.768470836440668e-17
5434.872441415022 1.7358581269336592e-17
5436.924081293736 1.757798599076778e-17
5438.97572117245 1.9645848062870324e-17
5441.027361051164 1.9626691698671856e-17
5443.079000929878 1.9778015851350205e-17
5445.130640808593 1.943993568296483e-17
5447.182280687307 1.84485537696891e-17
5449.233920566021 1.855591501654744e-17
5451.285560444735 1.7849156602937488e-17
5453.337200323449 1.791389031539676e-17
5455.388840202164 1.865091907743717e-17
5457.440480080878 1.897355686385255e-17
5459.492119959592 1.9919928089985542e-17
5461.543759838306 1.968257866324095e-17
5463.59539971702 1.922150593427625e-17
5465.647039595735 1.9750191228320774e-17
5467.698679474449 1.9854668626487412e-17
5469.750319353163 2.1195895674582747e-17
5471.801959231878 2.163324036400144e-17
5473.853599110592 1.974054293462226e-17
5475.905238989306 2.0566801183051686e-17
5477.95687886802 2.1287867149760237e-17
5480.008518746734 1.9490954572454425e-17
5482.060158625449 2.001785694745177e-17
5484.111798504163 2.054685259270766e-17
5486.163438382877 2.0331827998607103e-17
5488.215078261591 2.1870065327863817e-17
5490.266718140305 2.2054342057597443e-17
5492.31835801902 1.9953278638519432e-17
5494.369997897734 2.0542093106716906e-17
5496.421637776448 2.2389772101777782e-17
5498.473277655162 2.2995304675374563e-17
5500.524917533876 2.3101399109716502e-17
5502.576557412591 2.418350321644843e-17
5504.628197291305 2.1215150044368126e-17
5506.679837170019 2.3213712482090814e-17
5508.731477048734 2.298777451110596e-17
5510.783116927448 2.2932558831504186e-17
5512.834756806162 2.2204772682089305e-17
5514.886396684876 2.3406184892373587e-17
5516.93803656359 2.4400864092547134e-17
5518.989676442305 2.3547935432754293e-17
5521.041316321019 2.3437466842837304e-17
5523.092956199733 2.46216580868818e-17
5525.144596078447 2.4134389580102512e-17
5527.196235957161 2.606805525445072e-17
5529.247875835876 2.765761016311889e-17
5531.29951571459 2.6423071546928858e-17
5533.351155593304 2.6419956513436933e-17
5535.402795472018 2.6580263173702264e-17
5537.454435350732 2.7743103723158808e-17
5539.506075229447 2.7924660632188056e-17
5541.557715108161 2.818321119816823e-17
5543.609354986875 2.832867967051975e-17
5545.66099486559 2.708051134887008e-17
5547.712634744304 2.795319840433333e-17
5549.764274623018 2.8709271921775875e-17
5551.815914501732 2.932118637512604e-17
5553.867554380446 3.005094444743719e-17
5555.919194259161 3.0011029929456267e-17
5557.970834137875 3.053624126956041e-17
5560.022474016589 2.9776847781345683e-17
5562.074113895303 3.0605784208051124e-17
5564.125753774017 3.028194965602945e-17
5566.177393652732 3.19771948712495e-17
5568.229033531446 3.180972719786996e-17
5570.28067341016 3.258729700866465e-17
5572.332313288874 3.074359153613154e-17
5574.383953167588 3.048405734218678e-17
5576.4355930463025 2.838165300638263e-17
5578.4872329250165 2.3459248432359767e-17
5580.538872803731 2.999840024225189e-17
5582.5905126824455 3.6311429605949544e-17
5584.642152561159 3.5348687836224344e-17
5586.6937924398735 3.4652248043350494e-17
5588.7454323185875 3.228935346253492e-17
5590.7970721973015 3.185495348028477e-17
5592.848712076016 2.91774189986385e-17
5594.9003519547305 2.897749161914465e-17
5596.9519918334445 2.950352191204012e-17
5599.0036317121585 2.719441648022366e-17
5601.0552715908725 2.880773012966945e-17
5603.106911469587 2.7891491127675837e-17
5605.158551348301 2.747370567402591e-17
5607.2101912270155 2.6678394310444193e-17
5609.2618311057295 2.576080196390085e-17
5611.3134709844435 2.5731005433101988e-17
5613.365110863158 2.6429164102949556e-17
5615.416750741872 2.447370143660148e-17
5617.468390620586 2.2423867845511388e-17
5619.5200304993 2.4217659981495592e-17
5621.5716703780145 2.187085898467294e-17
5623.623310256729 2.2855804233537497e-17
5625.674950135443 2.532000633293098e-17
5627.726590014157 2.3804780387916922e-17
5629.778229892872 2.2763192390721937e-17
5631.829869771586 2.3771496969204692e-17
5633.8815096503 2.4241810905339297e-17
5635.933149529014 2.3561114696660938e-17
5637.984789407728 2.3520670441207505e-17
5640.036429286443 2.2806606439353394e-17
5642.088069165157 2.1960295236226456e-17
5644.139709043871 2.310832702399199e-17
5646.191348922585 2.2414357290345945e-17
5648.242988801299 2.2085263426504183e-17
5650.294628680014 2.0759619455578174e-17
5652.346268558728 1.7520428629850896e-17
5654.397908437442 1.8531578875589755e-17
5656.449548316157 1.996559548101518e-17
5658.50118819487 2.2128423226334618e-17
5660.552828073585 2.341997310881958e-17
5662.604467952299 2.1936422335796386e-17
5664.656107831013 2.0582483113765234e-17
5666.707747709728 2.1662174091833127e-17
5668.759387588441 2.2154250683082382e-17
5670.811027467156 2.2382008839969782e-17
5672.86266734587 2.2670016999222106e-17
5674.914307224584 2.1502326073642883e-17
5676.965947103299 2.1508627320754465e-17
5679.017586982013 2.235051976636436e-17
5681.069226860727 2.188210354313647e-17
5683.120866739441 2.112404444738724e-17
5685.172506618155 2.012842685986235e-17
5687.22414649687 2.201255558015785e-17
5689.275786375584 2.205752602274789e-17
5691.327426254298 2.104329996072582e-17
5693.379066133013 2.1509573301836238e-17
5695.430706011726 2.0776838806679937e-17
5697.482345890441 2.1801712558219572e-17
5699.533985769155 2.0206667844414285e-17
5701.585625647869 2.102528159106131e-17
5703.637265526584 2.0879590940789158e-17
5705.688905405297 2.032507864493806e-17
5707.740545284012 1.9796556741907767e-17
5709.792185162726 2.1659845750809242e-17
5711.84382504144 2.21509730696784e-17
5713.895464920155 2.110298489245709e-17
5715.947104798869 2.1794380001637006e-17
5717.998744677583 2.2472067511966064e-17
5720.050384556297 2.0883034277185773e-17
5722.102024435011 1.934814118856189e-17
5724.153664313726 2.060149528426215e-17
5726.20530419244 2.1478887720087995e-17
5728.256944071154 2.1188627528970602e-17
5730.308583949869 1.9876560442015527e-17
5732.360223828582 2.2137493844974452e-17
5734.411863707297 2.0880223396923682e-17
5736.463503586011 1.9549854287893073e-17
5738.515143464725 2.0473301925169708e-17
5740.56678334344 2.0846795640994253e-17
5742.618423222153 2.1327436651876568e-17
5744.670063100868 2.1225892384762054e-17
5746.721702979582 2.1739447202190202e-17
5748.773342858296 2.018610059908442e-17
5750.824982737011 1.891225211154441e-17
5752.876622615725 2.0851696830319463e-17
5754.928262494439 2.1543397953316956e-17
5756.979902373153 2.109358777190218e-17
5759.031542251867 1.9829869699670905e-17
5761.083182130582 1.8843800183366023e-17
5763.134822009296 2.1935994770766052e-17
5765.18646188801 2.0080926677865648e-17
5767.238101766725 1.9525435779322932e-17
5769.289741645438 2.134550355302309e-17
5771.341381524153 2.0401611512487493e-17
5773.393021402867 2.0826845665762586e-17
5775.444661281581 2.0774889197700505e-17
5777.496301160296 2.1442073255306263e-17
5779.547941039009 1.9318815509679678e-17
5781.599580917724 1.8522108398546858e-17
5783.651220796438 2.1094721588373536e-17
5785.702860675152 2.1457973451400616e-17
5787.754500553867 2.0889031706614325e-17
5789.80614043258 2.0984324779305834e-17
5791.857780311295 2.054453118009349e-17
5793.909420190009 2.0587566758402623e-17
5795.961060068723 2.1079394026063898e-17
5798.012699947438 2.106652447550373e-17
5800.064339826152 2.0516427401604557e-17
5802.115979704866 2.100220267040283e-17
5804.167619583581 2.2162807583282063e-17
5806.219259462294 2.1088392792578557e-17
5808.270899341009 1.9993334886693085e-17
5810.322539219723 2.0994196133367858e-17
5812.374179098437 1.9828151335783625e-17
5814.425818977152 1.803397719918096e-17
5816.477458855865 1.9748139046434992e-17
5818.52909873458 2.0063675054331402e-17
5820.580738613294 1.9675221606154146e-17
5822.632378492008 1.9442718751764878e-17
5824.684018370723 1.888507542917037e-17
5826.735658249436 1.9858707832840537e-17
5828.787298128151 2.0129013598610112e-17
5830.838938006865 1.7667855197273997e-17
5832.890577885579 1.4843106678144925e-17
5834.942217764294 1.433646521721512e-17
5836.993857643008 1.7722999793351594e-17
5839.045497521722 1.7128081816320478e-17
5841.097137400437 1.9165574893876426e-17
5843.14877727915 2.0849240620959634e-17
5845.200417157865 1.9603520938864518e-17
5847.252057036579 1.9944103626409998e-17
5849.303696915293 2.0120242648189577e-17
5851.355336794008 2.075667116569263e-17
5853.406976672721 2.130815617463494e-17
5855.458616551436 2.05229001876927e-17
5857.51025643015 1.9387424237296604e-17
5859.561896308864 2.0138249137061155e-17
5861.613536187579 2.0626075666232302e-17
5863.665176066292 1.9288408238838207e-17
5865.716815945007 1.9458052818299282e-17
5867.768455823721 2.0578182316795727e-17
5869.820095702435 2.1396492013620074e-17
5871.87173558115 2.0563904402286968e-17
5873.923375459864 2.012061669746978e-17
5875.975015338578 2.0995963661688336e-17
5878.026655217292 2.0290999021115048e-17
5880.078295096006 2.0337717003769996e-17
5882.1299349747205 1.9951104436772207e-17
5884.1815748534345 2.095715612746893e-17
5886.233214732149 1.799881183385598e-17
5888.2848546108635 1.6774903758700104e-17
5890.336494489577 1.947204258478625e-17
5892.3881343682915 2.0117598582681128e-17
5894.4397742470055 2.0443102155261573e-17
5896.4914141257195 2.1369724297852072e-17
5898.543054004434 2.0797472998866234e-17
5900.594693883148 2.058531150896279e-17
5902.6463337618625 2.011183809120111e-17
5904.6979736405765 1.9702235279856677e-17
5906.7496135192905 2.123868286387806e-17
5908.801253398005 2.2169565202692102e-17
5910.852893276719 2.2450445934373217e-17
5912.9045331554335 1.9618183843843724e-17
5914.9561730341475 1.946603236089363e-17
5917.0078129128615 2.0145981935611198e-17
5919.059452791576 2.0393360938004784e-17
5921.11109267029 1.985494944655574e-17
5923.162732549004 1.9143652094045797e-17
5925.214372427719 1.9459787090319194e-17
5927.2660123064325 2.021268335564507e-17
5929.317652185147 2.018312749477048e-17
5931.369292063861 1.7900915639611972e-17
5933.420931942575 1.9570725577679265e-17
5935.47257182129 2.0187612620307722e-17
5937.524211700003 1.9987920357498457e-17
5939.575851578718 1.922474567095099e-17
5941.627491457432 1.991244144488506e-17
5943.679131336146 1.993567482018948e-17
5945.730771214861 1.9008372760519856e-17
5947.782411093575 1.9173814552407073e-17
5949.834050972289 1.9457223800386038e-17
5951.885690851003 2.0489151824031013e-17
5953.937330729717 2.0437830868398673e-17
5955.988970608432 1.8700487007477075e-17
5958.040610487146 1.9047026840244833e-17
5960.09225036586 1.987548707059875e-17
5962.143890244575 2.0557057821173283e-17
5964.195530123288 1.8783829052559895e-17
5966.247170002003 1.9621804527013457e-17
5968.298809880717 2.0759855718206725e-17
5970.350449759431 1.9664675373538635e-17
5972.402089638146 1.922534978870166e-17
5974.453729516859 1.837139714436513e-17
5976.505369395574 1.8820123522798962e-17
5978.557009274288 1.8585183930017934e-17
5980.608649153002 1.7472083241992218e-17
5982.660289031717 1.74173061940195e-17
5984.71192891043 1.6858363289946172e-17
5986.763568789145 1.644472085236444e-17
5988.815208667859 1.820553767572694e-17
5990.866848546573 2.0144941037680072e-17
5992.918488425288 2.0717713398631282e-17
5994.970128304002 1.9398951306310545e-17
5997.021768182716 1.9300110597402474e-17
5999.073408061431 2.009404747366528e-17
6001.125047940144 1.9430108528773334e-17
6003.176687818859 1.9129422413108042e-17
6005.228327697573 1.994625423193197e-17
6007.279967576287 1.8910996000983086e-17
6009.331607455002 1.870473585754715e-17
6011.383247333715 1.8402642430072186e-17
6013.43488721243 1.6836886152913923e-17
6015.486527091144 1.877879141344877e-17
6017.538166969858 1.947566572206584e-17
6019.589806848573 1.8086594003234022e-17
6021.641446727286 1.91150350187372e-17
6023.693086606001 1.791920621276464e-17
6025.744726484715 1.8612493232207285e-17
6027.796366363429 1.8454412724023154e-17
6029.848006242144 1.8352969866440244e-17
6031.899646120858 1.8637031778142488e-17
6033.951285999572 1.8698999607495008e-17
6036.002925878287 1.8865448631810833e-17
6038.054565757 1.9081358987498706e-17
6040.106205635715 1.9569441834880807e-17
6042.157845514429 1.9886945777886478e-17
6044.209485393143 1.9680007737108836e-17
6046.261125271858 1.9774146599332817e-17
6048.312765150571 1.8177146142539617e-17
6050.364405029286 2.00543963420027e-17
6052.416044908 1.911072275850653e-17
6054.467684786714 1.9469144310948894e-17
6056.519324665429 1.8718030185996653e-17
6058.570964544142 1.9552288681937752e-17
6060.622604422857 1.9636086631338744e-17
6062.674244301571 1.960227104808076e-17
6064.725884180285 1.8926268160956203e-17
6066.777524059 1.778348487099128e-17
6068.829163937714 1.8644093991010086e-17
6070.880803816428 1.849391092776401e-17
6072.932443695143 1.9067992748440044e-17
6074.984083573856 1.9273696146741137e-17
6077.035723452571 1.6801493967361682e-17
6079.087363331285 1.8540189496707807e-17
6081.139003209999 1.9603480495351585e-17
6083.190643088714 1.860674327058587e-17
6085.242282967427 1.795004812762082e-17
6087.293922846142 1.792721438990949e-17
6089.345562724856 1.7939134413309856e-17
6091.39720260357 1.8623941546798217e-17
6093.448842482285 1.8443244885846405e-17
6095.500482360998 1.7027930730433774e-17
6097.552122239713 1.7890620321375695e-17
6099.603762118427 1.896446790397315e-17
6101.655401997141 1.8392202832399164e-17
6103.707041875856 1.948250454726053e-17
6105.75868175457 1.857048294759485e-17
6107.810321633284 1.781058822415266e-17
6109.861961511998 1.797047678046801e-17
6111.913601390712 1.923231099771813e-17
6113.965241269427 1.8368187100548303e-17
6116.016881148141 1.7749211222259597e-17
6118.068521026855 1.9061355207723092e-17
6120.12016090557 1.926809402415806e-17
6122.171800784283 1.880518951590173e-17
6124.223440662998 1.831179621263483e-17
6126.275080541712 1.8517300089286007e-17
6128.326720420426 1.8549383502283844e-17
6130.378360299141 1.886489702464701e-17
6132.430000177854 1.7626342500062608e-17
6134.481640056569 1.7386877610719277e-17
6136.533279935283 1.8036480955503034e-17
6138.584919813997 1.800701635293565e-17
6140.636559692712 1.8257695828511805e-17
6142.688199571426 1.9114694184596973e-17
6144.73983945014 1.8541701780361353e-17
6146.791479328854 1.8000152391845648e-17
6148.843119207568 1.9300513177601927e-17
6150.894759086283 1.866784019353979e-17
6152.946398964997 1.9383866242784764e-17
6154.998038843711 1.7934541066209693e-17
6157.049678722426 1.7245599939488958e-17
6159.101318601139 1.866314430556278e-17
6161.152958479854 1.9010472957559374e-17
6163.204598358568 1.9385034041919583e-17
6165.256238237282 1.920519578953978e-17
6167.307878115997 1.8190436562060217e-17
6169.35951799471 1.8579786043342235e-17
6171.411157873425 1.9711464244430145e-17
6173.462797752139 1.8701128557743385e-17
6175.514437630853 1.6647836944760814e-17
6177.566077509568 1.8798387535230463e-17
6179.617717388282 1.7963332710638155e-17
6181.669357266996 1.8663320210321652e-17
6183.72099714571 1.8905632824035032e-17
6185.772637024424 1.8585500463483935e-17
6187.8242769031385 1.887645605127778e-17
6189.8759167818525 1.938679537728751e-17
6191.927556660567 1.9736834452014698e-17
6193.9791965392815 1.9791969491667786e-17
6196.030836417995 1.924916922186789e-17
6198.0824762967095 1.8652888042802074e-17
6200.1341161754235 1.8690460068327852e-17
6202.1857560541375 1.830510210561216e-17
6204.237395932852 1.823163939085716e-17
6206.289035811566 1.8851689794101697e-17
6208.3406756902805 1.7981347004190144e-17
6210.3923155689945 1.6914171484116412e-17
6212.4439554477085 1.8204617136324553e-17
6214.495595326423 1.905195149172039e-17
6216.5472352051365 1.831464909707918e-17
6218.598875083851 1.8298449809532352e-17
6220.6505149625655 1.8357446260312552e-17
6222.7021548412795 1.856747368254143e-17
6224.753794719994 1.926072851525849e-17
6226.805434598708 1.760378560102698e-17
6228.857074477422 1.844929977355166e-17
6230.908714356137 2.0230858227943538e-17
6232.9603542348505 1.8238410078948128e-17
6235.011994113565 1.915006378525595e-17
6237.063633992279 2.022596021175465e-17
6239.115273870993 1.8961578695698334e-17
6241.166913749708 1.8654847214039855e-17
6243.218553628421 1.8596360836953713e-17
6245.270193507136 1.8979048627984832e-17
6247.32183338585 1.911091528554199e-17
6249.373473264564 1.9145630368813306e-17
6251.425113143279 1.8929972012533793e-17
6253.476753021992 1.9068324177612756e-17
6255.528392900707 1.919440763087079e-17
6257.580032779421 1.848617601245559e-17
6259.631672658135 1.8563648556135608e-17
6261.68331253685 1.9121483981951257e-17
6263.734952415564 1.841609955853259e-17
6265.786592294278 1.7305309708522574e-17
6267.838232172993 1.6758976602220326e-17
6269.889872051706 1.649388099934597e-17
6271.941511930421 1.7201150741667286e-17
6273.993151809135 1.6956229681787263e-17
6276.044791687849 1.715428912855545e-17
6278.096431566564 1.7560673629368325e-17
6280.148071445277 1.7746446115410765e-17
6282.199711323992 1.620764852781373e-17
6284.251351202706 1.6805580380319768e-17
6286.30299108142 1.8960369355385302e-17
6288.354630960135 1.844390643055363e-17
6290.406270838848 1.863935521140264e-17
6292.457910717563 1.9674176378825643e-17
6294.509550596277 1.8000264687231847e-17
6296.561190474991 1.7351424264862864e-17
6298.612830353706 1.5906475628013294e-17
6300.66447023242 1.452308142343493e-17
6302.716110111134 1.6587728846043468e-17
6304.767749989849 1.90893460699233e-17
6306.819389868562 1.9606173745849718e-17
6308.871029747277 1.9509143685071468e-17
6310.922669625991 1.9049446159834367e-17
6312.974309504705 1.8453773756735927e-17
6315.02594938342 1.8485585326392462e-17
6317.077589262133 1.7611744735514288e-17
6319.129229140848 1.8240689863719728e-17
6321.180869019562 1.8251145786984807e-17
6323.232508898276 1.851634718799426e-17
6325.284148776991 1.9242474839243275e-17
6327.335788655704 1.814156348849485e-17
6329.387428534419 1.8391635372752163e-17
6331.439068413133 1.938204414310887e-17
6333.490708291847 1.8849457124868937e-17
6335.542348170562 1.956036518391338e-17
6337.593988049276 1.8362011151742024e-17
6339.64562792799 1.887298915620943e-17
6341.697267806704 1.8177117653703118e-17
6343.748907685418 1.8794028640053286e-17
6345.800547564133 1.7771442670595623e-17
6347.852187442847 1.8319228538778257e-17
6349.903827321561 1.8903886690552826e-17
6351.955467200276 1.8478241258377863e-17
6354.007107078989 1.7824831416320107e-17
6356.058746957704 1.6933411318373315e-17
6358.110386836418 1.8219573749345107e-17
6360.162026715132 1.8143075469091295e-17
6362.213666593847 1.7277275526128255e-17
6364.26530647256 1.8757099463493455e-17
6366.316946351275 1.888970017191489e-17
6368.368586229989 2.1009861421278788e-17
6370.420226108703 1.97645683451634e-17
6372.471865987418 1.7907120069843244e-17
6374.523505866132 1.8977180709463622e-17
6376.575145744846 1.8626873056013676e-17
6378.62678562356 1.7699020028013887e-17
6380.678425502274 1.7994721051658836e-17
6382.730065380989 1.823657607006011e-17
6384.781705259703 1.7736383343780354e-17
6386.833345138417 1.80934340277095e-17
6388.884985017132 1.8370791536921955e-17
6390.936624895845 1.8035937498500857e-17
6392.98826477456 1.6716192977136203e-17
6395.039904653274 1.7621422731531033e-17
6397.091544531988 1.8597669646534888e-17
6399.143184410703 1.714379275076086e-17
6401.194824289416 1.8457681019555565e-17
6403.246464168131 1.7733623347018956e-17
6405.298104046845 1.75645210138085e-17
6407.349743925559 1.7011582511645442e-17
6409.401383804274 1.883378996987551e-17
6411.453023682988 1.9176957863970004e-17
6413.504663561702 1.8454383200032942e-17
6415.556303440416 1.9314904544582243e-17
6417.60794331913 1.873299613571251e-17
6419.659583197845 1.7447144945379248e-17
6421.711223076559 1.8475149165226932e-17
6423.762862955273 1.6321682604702037e-17
6425.814502833988 1.6756838731932854e-17
6427.866142712701 1.77353078173787e-17
6429.917782591416 1.8065737890408088e-17
6431.96942247013 1.7695465244579578e-17
6434.021062348844 1.9393180018727903e-17
6436.072702227559 1.9401076799686348e-17
6438.124342106272 1.775833648486508e-17
6440.175981984987 1.876235216708983e-17
6442.227621863701 1.9710323477541675e-17
6444.279261742415 1.9211851359407998e-17
6446.33090162113 1.8538358410541003e-17
6448.382541499843 1.9298680802957647e-17
6450.434181378558 1.787743154841233e-17
6452.485821257272 1.8635530549570057e-17
6454.537461135986 1.9955393511663734e-17
6456.589101014701 1.9311793225925318e-17
6458.640740893415 1.8458444041127994e-17
6460.692380772129 1.7851153482449934e-17
6462.744020650844 1.7150880289356544e-17
6464.795660529557 1.7778061263753485e-17
6466.847300408272 1.7971615666732675e-17
6468.898940286986 1.7471545091711468e-17
6470.9505801657 1.7817174027528834e-17
6473.002220044415 1.6831005246584762e-17
6475.053859923128 1.6728494159248033e-17
6477.105499801843 1.6959747080348458e-17
6479.157139680557 1.6422987660456033e-17
6481.208779559271 1.6210479923787864e-17
6483.260419437986 1.6566589150221577e-17
6485.312059316699 1.8103526777391637e-17
6487.363699195414 1.84501636226982e-17
6489.415339074128 1.8183764422069143e-17
6491.466978952842 1.770555196687987e-17
6493.5186188315565 1.7629469892070898e-17
6495.5702587102705 1.7061855516989003e-17
6497.621898588985 1.721097447103126e-17
6499.6735384676995 1.826692061038361e-17
6501.725178346413 1.8682878299281683e-17
6503.7768182251275 1.8406745789444216e-17
6505.8284581038415 1.7441733970277774e-17
6507.8800979825555 1.7780860521784368e-17
6509.93173786127 1.8627147412135682e-17
6511.983377739984 1.8661003800547066e-17
6514.0350176186985 1.7693311873717592e-17
6516.0866574974125 1.764694088105513e-17
6518.1382973761265 1.7433456916629978e-17
6520.189937254841 1.7093928218211927e-17
6522.2415771335545 1.800781036312531e-17
6524.293217012269 1.7688412017385122e-17
6526.3448568909835 1.7139628613978244e-17
6528.3964967696975 1.9440885975439414e-17
6530.448136648412 1.790171390678059e-17
6532.499776527126 1.7929633839167426e-17
6534.55141640584 1.6041448774617784e-17
6536.603056284554 1.466319634544371e-17
6538.654696163268 1.438156645561966e-17
6540.706336041983 1.2159378348800832e-17
6542.757975920697 1.2099949345584955e-17
6544.809615799411 1.5192998155901752e-17
6546.861255678126 1.5784413308277482e-17
6548.912895556839 1.727582587392491e-17
6550.964535435554 1.8659199476449494e-17
6553.016175314268 1.8653436600957914e-17
6555.067815192982 1.6984334313799573e-17
6557.119455071697 1.6952991999610173e-17
6559.17109495041 1.6465445288553218e-17
6561.222734829125 1.592739857460936e-17
6563.274374707839 1.8911929868854265e-17
6565.326014586553 1.792199677175698e-17
6567.377654465268 1.8430087851549965e-17
6569.429294343982 1.760867324815422e-17
6571.480934222696 1.8360734383832843e-17
6573.53257410141 1.8098916799622127e-17
6575.584213980124 1.7326049332093968e-17
6577.635853858839 1.7166750853490412e-17
6579.687493737553 1.7488087676329614e-17
6581.739133616267 1.756745441382131e-17
6583.790773494982 1.638014549838954e-17
6585.842413373695 1.722771937591043e-17
6587.89405325241 1.645668001006872e-17
6589.945693131124 1.7601969405741024e-17
6591.997333009838 1.80318909920309e-17
6594.048972888553 1.8084122839022003e-17
6596.100612767266 1.8348232547223007e-17
6598.152252645981 1.8296436201986123e-17
6600.203892524695 1.8141043463087293e-17
6602.255532403409 1.8010081759134122e-17
6604.307172282124 1.8046458322214846e-17
6606.358812160838 1.6888391205226365e-17
6608.410452039552 1.6430162626446858e-17
6610.462091918266 1.6927198915948657e-17
6612.51373179698 1.716654536433281e-17
6614.565371675695 1.7159076679579495e-17
6616.617011554409 1.828467470834803e-17
6618.668651433123 1.9108723331453807e-17
6620.720291311838 1.792840986824311e-17
6622.771931190551 1.7944360800623828e-17
6624.823571069266 1.9140088994383304e-17
6626.87521094798 1.8210927671130737e-17
6628.926850826694 1.7444705785344857e-17
6630.978490705409 1.6542668614016086e-17
6633.030130584122 1.6792297287598302e-17
6635.081770462837 1.682355595055109e-17
6637.133410341551 1.642723371847775e-17
6639.185050220265 1.7271205872492013e-17
6641.23669009898 1.7277538511069482e-17
6643.288329977693 1.763890790070296e-17
6645.339969856408 1.7837409185893902e-17
6647.391609735122 1.7950081847648326e-17
6649.443249613836 1.7429129591478612e-17
6651.494889492551 1.6831350972743403e-17
6653.546529371265 1.6120284310617757e-17
6655.598169249979 1.5414182236539217e-17
6657.649809128694 1.522244432470731e-17
6659.701449007407 1.5376869382201653e-17
6661.753088886122 1.665345657839104e-17
6663.804728764836 1.84779579187026e-17
6665.85636864355 1.8352476197207357e-17
6667.908008522265 1.7553259003734474e-17
6669.959648400978 1.782308263596129e-17
6672.011288279693 1.845839362612095e-17
6674.062928158407 1.8372684874914058e-17
6676.114568037121 1.81716271118536e-17
6678.166207915836 1.9357483882140135e-17
6680.217847794549 2.0967064358154128e-17
6682.269487673264 1.8961411052795518e-17
6684.321127551978 1.9175776488147423e-17
6686.372767430692 2.0033553905402733e-17
6688.424407309407 1.8672055507727414e-17
6690.476047188121 1.8936350089242072e-17
6692.527687066835 1.991214825816536e-17
6694.57932694555 1.9362629690533728e-17
6696.630966824263 2.024412606906979e-17
6698.682606702978 1.9119283889151526e-17
6700.734246581692 1.7978093673216682e-17
6702.785886460406 1.92912387634116e-17
6704.837526339121 1.9464865895772304e-17
6706.889166217834 1.893463416117281e-17
6708.940806096549 1.9908717987351638e-17
6710.992445975263 2.0279571139057736e-17
6713.044085853977 1.9533537018504354e-17
6715.095725732692 1.9623201022623215e-17
6717.147365611405 1.844214634199354e-17
6719.19900549012 2.013979492485899e-17
6721.250645368834 1.976579257974713e-17
6723.302285247548 1.889814848903037e-17
6725.353925126263 1.8177013115100432e-17
6727.405565004977 1.8323722381884127e-17
6729.457204883691 1.889329920702532e-17
6731.508844762406 1.9053392561849726e-17
6733.560484641119 1.9800894864007857e-17
6735.612124519834 1.967069857413161e-17
6737.663764398548 1.961018564435505e-17
6739.715404277262 1.9346732354539613e-17
6741.767044155977 1.9060641899011746e-17
6743.81868403469 1.949762940339222e-17
6745.870323913405 2.04259414642502e-17
6747.921963792119 1.9722916879464908e-17
6749.973603670833 1.8455851485679477e-17
6752.025243549548 1.9303961226454026e-17
6754.076883428261 1.828074865340582e-17
6756.128523306976 1.8401823413685398e-17
6758.18016318569 1.878559225447695e-17
6760.231803064404 1.8264261514415523e-17
6762.283442943119 1.8686945377436913e-17
6764.335082821833 1.8691947009616e-17
6766.386722700547 1.889363681150357e-17
6768.438362579261 2.04437669862397e-17
6770.490002457975 1.9530565424856494e-17
6772.54164233669 1.986000882625061e-17
6774.593282215404 1.954429609287198e-17
6776.644922094118 2.0302804728262084e-17
6778.696561972833 2.0412424763235225e-17
6780.748201851546 2.0306122313093505e-17
6782.799841730261 2.0805207930016374e-17
6784.851481608975 2.0452860411398063e-17
6786.903121487689 1.9950237518696324e-17
6788.954761366404 2.0896396021371824e-17
6791.006401245117 1.9946917081308475e-17
6793.058041123832 2.0279649730846623e-17
6795.109681002546 2.0453693152189316e-17
6797.16132088126 2.0092329370071804e-17
6799.2129607599745 1.9183893458481025e-17
6801.2646006386885 1.988968743096057e-17
6803.316240517403 2.1674313796567916e-17
6805.367880396117 2.0567727629638708e-17
6807.419520274831 1.978379588222394e-17
6809.4711601535455 1.9406826129359066e-17
6811.5228000322595 2.0103624851683623e-17
6813.5744399109735 2.1025388408803506e-17
6815.626079789688 2.0920281574290313e-17
6817.677719668402 2.1442296210438277e-17
6819.7293595471165 2.1299742540248564e-17
6821.7809994258305 2.001899789421143e-17
6823.8326393045445 2.1631809985727257e-17
6825.884279183259 2.099963726327627e-17
6827.9359190619725 2.1242271807623947e-17
6829.987558940687 2.0871570662016945e-17
6832.0391988194015 2.081734476244216e-17
6834.0908386981155 2.050533327195987e-17
6836.14247857683 2.0810346101354442e-17
6838.194118455544 2.122664857428825e-17
6840.245758334258 1.9655002688942074e-17
6842.297398212972 2.026882587781525e-17
6844.349038091686 2.1090929249338655e-17
6846.400677970401 1.97721441707509e-17
6848.452317849115 2.0777555193205158e-17
6850.503957727829 2.0750972835438126e-17
6852.555597606544 2.0402668447234207e-17
6854.607237485257 2.1957777527367862e-17
6856.658877363972 2.1783387228936605e-17
6858.710517242686 2.0053612054791086e-17
6860.7621571214 2.0292028182950934e-17
6862.813797000115 1.934210659215024e-17
6864.865436878828 1.9535033742880253e-17
6866.917076757543 1.8178595867244116e-17
6868.968716636257 1.5569901857635824e-17
6871.020356514971 1.4082986582939846e-17
6873.071996393686 1.404422513485329e-17
6875.123636272399 1.4911742220793227e-17
6877.175276151114 1.592510025704263e-17
6879.226916029828 1.8199936181279338e-17
6881.278555908542 1.8947298290781398e-17
6883.330195787257 1.893041301077227e-17
6885.381835665971 1.9418560598592244e-17
6887.433475544685 1.7804420894375988e-17
6889.4851154234 1.5443962447462963e-17
6891.536755302113 1.6156578680414148e-17
6893.588395180828 1.6665419159580755e-17
6895.640035059542 1.5954505024905524e-17
6897.691674938256 1.656624831836463e-17
6899.743314816971 1.7412076121093026e-17
6901.794954695684 1.7216954630748378e-17
6903.846594574399 1.681517891632495e-17
6905.898234453113 1.754073885531041e-17
6907.949874331827 1.863344558425179e-17
6910.001514210542 1.8319204627419003e-17
6912.053154089255 1.739394545174879e-17
6914.10479396797 1.707689710952434e-17
6916.156433846684 1.6892089889386998e-17
6918.208073725398 1.6818848031179625e-17
6920.259713604113 1.726106281908441e-17
6922.311353482827 1.82046983598612e-17
6924.362993361541 1.8703187427828832e-17
6926.414633240256 1.7906583309539393e-17
6928.466273118969 1.730915148858929e-17
6930.517912997684 1.8594395827188398e-17
6932.569552876398 1.6518504078663883e-17
6934.621192755112 1.5027654051191008e-17
6936.672832633827 1.6177884554631277e-17
6938.72447251254 1.6859761449376608e-17
6940.776112391255 1.5778887237487707e-17
6942.827752269969 1.4969301518807376e-17
6944.879392148683 1.551281275923323e-17
6946.931032027398 1.6621123096106213e-17
6948.982671906111 1.6299033810026463e-17
6951.034311784826 1.5845286879064442e-17
6953.08595166354 1.597839856898265e-17
6955.137591542254 1.592828609200985e-17
6957.189231420969 1.620589824827184e-17
6959.240871299683 1.6657116749918684e-17
6961.292511178397 1.595183043310086e-17
6963.344151057112 1.679121070069006e-17
6965.395790935825 1.79640212508263e-17
6967.44743081454 1.7378460521394477e-17
6969.499070693254 1.7020392956386396e-17
6971.550710571968 1.7372703764280964e-17
6973.602350450683 1.7416159595411613e-17
6975.653990329396 1.6688757557039412e-17
6977.705630208111 1.5560765733562047e-17
6979.757270086825 1.5819972142832858e-17
6981.808909965539 1.591512818752389e-17
6983.860549844254 1.5096047858539698e-17
6985.912189722967 1.5809557840397885e-17
6987.963829601682 1.6843332766008862e-17
6990.015469480396 1.592352489501144e-17
6992.06710935911 1.4808792924961615e-17
6994.118749237825 1.5451041865642653e-17
6996.170389116539 1.574364117814281e-17
6998.222028995253 1.5571889743995304e-17
7000.273668873967 1.5509956369012736e-17
7002.325308752681 1.4451160315436846e-17
7004.376948631396 1.419200661321873e-17
7006.42858851011 1.5224060073045152e-17
7008.480228388824 1.5515164467174445e-17
7010.531868267539 1.4894400850162793e-17
7012.583508146252 1.4457161521493258e-17
7014.635148024967 1.417687696878117e-17
7016.686787903681 1.427153681265351e-17
7018.738427782395 1.5291703665633483e-17
7020.79006766111 1.609752712867408e-17
7022.841707539823 1.6319610770795216e-17
7024.893347418538 1.582148581350217e-17
7026.944987297252 1.4825040637232165e-17
7028.996627175966 1.5164786320261746e-17
7031.048267054681 1.438276706748301e-17
7033.099906933395 1.5194049121166268e-17
7035.151546812109 1.5238514941988693e-17
7037.203186690823 1.47041787114374e-17
7039.254826569537 1.4701898248913615e-17
7041.306466448252 1.4403811987482612e-17
7043.358106326966 1.3969153954275812e-17
7045.40974620568 1.4374982991584567e-17
7047.461386084395 1.4682657078314543e-17
7049.513025963108 1.452875349248121e-17
7051.564665841823 1.4719553964526778e-17
7053.616305720537 1.4971780714299606e-17
7055.667945599251 1.443945952287535e-17
7057.719585477966 1.4284053916374963e-17
7059.771225356679 1.4971452525791724e-17
7061.822865235394 1.417787709505426e-17
7063.874505114108 1.461757679862234e-17
7065.926144992822 1.4615058533353838e-17
7067.977784871537 1.4456296375766455e-17
7070.029424750251 1.4146108238428776e-17
7072.081064628965 1.4502734262818234e-17
7074.132704507679 1.495125518531031e-17
7076.184344386393 1.4116654470819406e-17
7078.235984265108 1.4542622137976804e-17
7080.287624143822 1.4450662533670352e-17
7082.339264022536 1.4532709296061482e-17
7084.390903901251 1.3972849526110387e-17
7086.442543779964 1.3848069041312215e-17
7088.494183658679 1.40675844310928e-17
7090.545823537393 1.3781815673949208e-17
7092.597463416107 1.4442177108157146e-17
7094.6491032948215 1.514761752009058e-17
7096.700743173535 1.2803387527375424e-17
7098.75238305225 1.3354782305000599e-17
7100.804022930964 1.3486347872049105e-17
7102.855662809678 1.331667666534044e-17
7104.9073026883925 1.3704372894918287e-17
7106.958942567106 1.3522809243806839e-17
7109.010582445821 1.4111769310852967e-17
7111.062222324535 1.4189386108282277e-17
7113.113862203249 1.4566664822097732e-17
7115.1655020819635 1.486222237545724e-17
7117.2171419606775 1.4737218101192244e-17
7119.2687818393915 1.4612343425404567e-17
7121.320421718106 1.4110363217510975e-17
7123.37206159682 1.3558764144997084e-17
7125.4237014755345 1.4076528056142925e-17
7127.4753413542485 1.3797020267166137e-17
7129.5269812329625 1.4148606220558455e-17
7131.578621111677 1.3905821381984963e-17
7133.6302609903905 1.2629171804754541e-17
7135.681900869105 1.2374504820536067e-17
7137.7335407478195 1.3068631229587585e-17
7139.7851806265335 1.3539140829183226e-17
7141.836820505248 1.4390620973860975e-17
7143.8884603839615 1.3300910297273955e-17
7145.940100262676 1.3524643221588474e-17
7147.99174014139 1.2225724068314028e-17
7150.043380020104 1.2862444071715416e-17
7152.095019898819 1.3242108792032422e-17
7154.146659777533 1.2253295098634801e-17
7156.198299656247 1.3916724809936887e-17
7158.249939534962 1.3504319073071452e-17
7160.301579413675 1.3026388645114608e-17
7162.35321929239 1.2744544067282817e-17
7164.404859171104 1.2103763895269122e-17
7166.456499049818 1.2259333123130613e-17
7168.508138928533 1.2435312869735806e-17
7170.559778807246 1.1758887136638339e-17
7172.611418685961 1.1610472948341256e-17
7174.663058564675 1.1391120436338126e-17
7176.714698443389 1.1107500678008529e-17
7178.766338322104 1.0810571231236745e-17
7180.817978200817 1.1329708545617813e-17
7182.869618079532 1.1917818663626197e-17
7184.921257958246 1.1202163305549556e-17
7186.97289783696 1.0452806223399571e-17
7189.024537715675 1.1495879298063907e-17
7191.076177594389 1.1772306337950468e-17
7193.127817473103 1.0815999083918162e-17
7195.179457351817 1.1174482719025414e-17
7197.231097230531 1.1931492390823253e-17
7199.282737109246 1.1916372640033996e-17
7201.33437698796 1.106111513642246e-17
7203.386016866674 1.0445260456396671e-17
7205.437656745389 1.1578406385107755e-17
7207.489296624102 1.1438028800860777e-17
7209.540936502817 1.1963728660367744e-17
7211.592576381531 1.271075706662115e-17
7213.644216260245 1.2405248935164981e-17
7215.69585613896 1.219301597017718e-17
7217.747496017673 1.2787540257038947e-17
7219.799135896388 1.2632703032432115e-17
7221.850775775102 1.1991561554449262e-17
7223.902415653816 1.2513929079207079e-17
7225.954055532531 1.2416870393147017e-17
7228.005695411245 1.2067904650143323e-17
7230.057335289959 1.2002892393447449e-17
7232.108975168673 1.1391087856321897e-17
7234.160615047387 1.0594433806697886e-17
7236.212254926102 1.059210559350236e-17
7238.263894804816 9.778948133290722e-18
7240.31553468353 1.0417033531402823e-17
7242.367174562245 1.0054868327034854e-17
7244.418814440958 1.0055684880218734e-17
7246.470454319673 1.0937516951010884e-17
7248.522094198387 1.0903406252012962e-17
7250.573734077101 1.0271029374240746e-17
7252.625373955816 1.033263706176063e-17
7254.677013834529 1.0935614878106809e-17
7256.728653713244 1.0787843283008085e-17
7258.780293591958 1.0640724658444878e-17
7260.831933470672 1.004472768376113e-17
7262.883573349387 1.038490957442966e-17
7264.935213228101 1.1384878152021875e-17
7266.986853106815 1.010488371936512e-17
7269.038492985529 1.0786742452468905e-17
7271.090132864243 1.1369550531607302e-17
7273.141772742958 1.0345156789830191e-17
7275.193412621672 1.0118776506274102e-17
7277.245052500386 1.0130431919540836e-17
7279.296692379101 1.0643520014691844e-17
7281.348332257814 1.2024071293482231e-17
7283.399972136529 1.0267799132027406e-17
7285.451612015243 1.1008200099532427e-17
7287.503251893957 1.171158346262487e-17
7289.554891772672 1.1352386396746677e-17
7291.606531651385 1.0808483446342199e-17
7293.6581715301 1.0382758961732689e-17
7295.709811408814 9.404626337128063e-18
7297.761451287528 8.698605160790035e-18
7299.813091166243 1.0905964879702025e-17
7301.864731044957 1.133572289416716e-17
7303.916370923671 1.0067721673973304e-17
7305.968010802385 9.739808113048775e-18
7308.019650681099 9.183788423578489e-18
7310.071290559814 8.909792909926106e-18
7312.122930438528 1.0955605520929562e-17
7314.174570317242 1.139961246602434e-17
7316.226210195957 1.035851354717937e-17
7318.27785007467 1.0249043146843561e-17
7320.329489953385 1.142688610209823e-17
7322.381129832099 1.1959073857985286e-17
7324.432769710813 1.1223829785693019e-17
7326.484409589528 1.0463286426534892e-17
7328.536049468241 1.0497874812538487e-17
7330.587689346956 1.1401684706513541e-17
7332.63932922567 1.178245558991847e-17
7334.690969104384 1.191138172038097e-17
7336.742608983099 1.2108012821261856e-17
7338.794248861812 1.2152779113465002e-17
7340.845888740527 1.1568047331715039e-17
7342.897528619241 1.1016430795331096e-17
7344.949168497955 1.1807314762602753e-17
7347.00080837667 1.1349616948015366e-17
7349.052448255384 1.1520932239469778e-17
7351.104088134098 1.2065871206966684e-17
7353.155728012813 1.243990583548645e-17
7355.207367891526 1.174585912679136e-17
7357.259007770241 1.0494135150650479e-17
7359.310647648955 1.1089613318392013e-17
7361.362287527669 1.0982409024762813e-17
7363.413927406384 1.2269617910030263e-17
7365.465567285097 1.239048517467904e-17
7367.517207163812 1.1646162629898289e-17
7369.568847042526 1.228598960266139e-17
7371.62048692124 1.3021088754740063e-17
7373.672126799955 1.1541885103607084e-17
7375.723766678668 1.0190662705040965e-17
7377.775406557383 1.1232763722665647e-17
7379.827046436097 1.1756707961741906e-17
7381.878686314811 1.1735922480373832e-17
7383.930326193526 1.1750500579743524e-17
7385.98196607224 1.1787536167857411e-17
7388.033605950954 1.1913279893516954e-17
7390.085245829669 1.1509225779900054e-17
7392.136885708382 1.1926636815499059e-17
7394.188525587097 1.1335372600334517e-17
7396.240165465811 1.1407818674651793e-17
7398.291805344525 1.145309531840488e-17
7400.3434452232395 1.1002045759665328e-17
7402.395085101953 1.1707968669145094e-17
7404.446724980668 1.2625222173057227e-17
7406.498364859382 1.2549575326950606e-17
7408.550004738096 1.2866592699095095e-17
7410.6016446168105 1.1974968157531065e-17
7412.653284495524 1.2147893470452433e-17
7414.7049243742385 1.2521611255327648e-17
7416.756564252953 1.1551173202021803e-17
7418.808204131667 1.2169866073017628e-17
7420.8598440103815 1.2131211780092285e-17
7422.9114838890955 1.1620809530551777e-17
7424.9631237678095 1.2158788541389472e-17
7427.0147636465235 1.2542549507319633e-17
7429.066403525238 1.1818162331451649e-17
7431.1180434039525 1.1998103397570474e-17
7433.1696832826665 1.321160167555614e-17
7435.2213231613805 1.2051710373080063e-17
7437.272963040095 1.261867008298393e-17
7439.3246029188085 1.2011879548024538e-17
7441.376242797523 1.3161891585080915e-17
7443.4278826762375 1.3326043728403005e-17
7445.4795225549515 1.1988090250442317e-17
7447.531162433666 1.3209039177850163e-17
7449.5828023123795 1.2682883052466183e-17
7451.634442191094 1.1425364818930614e-17
7453.686082069808 1.1929234163958414e-17
7455.737721948522 1.2493621156801827e-17
7457.789361827237 1.2082802356540211e-17
7459.841001705951 1.1677234882789959e-17
7461.892641584665 1.1775308712342565e-17
7463.944281463379 1.2098608294118232e-17
7465.995921342093 1.2539377758978232e-17
7468.047561220808 1.1322671182729743e-17
7470.099201099522 1.1306318926040543e-17
7472.150840978236 1.2120998214745136e-17
7474.202480856951 1.2118274354399914e-17
7476.254120735664 1.2000184148371742e-17
7478.305760614379 1.226351759084392e-17
7480.357400493093 1.2103742975969188e-17
7482.409040371807 1.2285346640738887e-17
7484.460680250522 1.1781037899169949e-17
7486.512320129235 1.1842048001551382e-17
7488.56396000795 1.2488522027189174e-17
7490.615599886664 1.2664602874747935e-17
7492.667239765378 1.257075635919821e-17
7494.718879644093 1.1822231591406049e-17
7496.770519522807 1.2099244340184386e-17
7498.822159401521 1.2736235752014376e-17
7500.873799280235 1.2252152088905751e-17
7502.925439158949 1.1858076400454952e-17
7504.977079037664 1.2308205455116639e-17
7507.028718916378 1.1923323807451334e-17
7509.080358795092 1.1109848327218726e-17
7511.131998673807 1.1816479507984789e-17
7513.18363855252 1.2181812197028955e-17
7515.235278431235 1.2387085069810464e-17
7517.286918309949 1.2546836171084258e-17
7519.338558188663 1.2143805596295289e-17
7521.390198067378 1.1804870789526684e-17
7523.441837946091 1.1989571185216473e-17
7525.493477824806 1.1760000568778237e-17
7527.54511770352 1.2938544072071546e-17
7529.596757582234 1.2974400833814766e-17
7531.648397460949 1.1417920109148739e-17
7533.700037339662 1.1072749458309637e-17
7535.751677218377 1.1699884880262017e-17
7537.803317097091 1.060815154445411e-17
7539.854956975805 1.0452742173440787e-17
7541.90659685452 1.0347543055889857e-17
7543.958236733234 1.0292439622289446e-17
7546.009876611948 1.1197425729169241e-17
7548.061516490663 1.2319424421512628e-17
7550.113156369376 1.215897911701099e-17
7552.164796248091 1.1193507611133985e-17
7554.216436126805 1.073295875026125e-17
7556.268076005519 1.0382020329235596e-17
7558.319715884234 1.0033048708151953e-17
7560.371355762947 9.231102539824829e-18
7562.422995641662 7.247764640594087e-18
7564.474635520376 5.149177065185119e-18
7566.52627539909 4.9479123616174235e-18
7568.577915277805 5.651925463410454e-18
7570.629555156518 7.85189026577727e-18
7572.681195035233 1.0049798892068401e-17
7574.732834913947 1.1904178394052505e-17
7576.784474792661 1.2227403506243718e-17
7578.836114671376 1.1274611025575864e-17
7580.88775455009 1.1932597242217686e-17
7582.939394428804 1.1822070760163739e-17
7584.991034307519 1.2087700578116675e-17
7587.042674186232 1.2397848786527217e-17
7589.094314064947 1.1696451798322774e-17
7591.145953943661 1.0757601209252663e-17
7593.197593822375 9.62699461536922e-18
7595.24923370109 7.20057023042482e-18
7597.300873579803 5.9117982742016895e-18
7599.352513458518 4.126307216580414e-18
7601.404153337232 3.0368805129198097e-18
7603.455793215946 2.4549776988573087e-18
7605.507433094661 1.8495474349848294e-18
7607.559072973374 1.888745159081639e-18
7609.610712852089 2.406686678566307e-18
7611.662352730803 2.777478783297512e-18
7613.713992609517 4.442402008398662e-18
7615.765632488232 5.340277088000221e-18
7617.817272366946 6.26190744874413e-18
7619.86891224566 7.391414160419005e-18
7621.920552124375 7.259705697396838e-18
7623.972192003088 6.3669542414119075e-18
7626.023831881803 5.29425488541565e-18
7628.075471760517 5.34947328606661e-18
7630.127111639231 5.300755112031926e-18
7632.178751517946 5.213942558193551e-18
7634.230391396659 5.520436651501433e-18
7636.282031275374 5.5810487250271385e-18
7638.333671154088 5.071721650528435e-18
7640.385311032802 4.727635210942777e-18
7642.436950911517 5.660308844252125e-18
7644.48859079023 6.711033830864524e-18
7646.540230668945 7.42369566007884e-18
7648.591870547659 7.99198795947223e-18
7650.643510426373 8.562686275932068e-18
7652.695150305088 8.965963406342659e-18
7654.746790183802 8.353252616405207e-18
7656.798430062516 8.61998092536237e-18
7658.85006994123 7.204383047083205e-18
7660.901709819944 5.366978918237099e-18
7662.953349698659 4.474861781684462e-18
7665.004989577373 4.498942592287473e-18
7667.056629456087 6.75727583689714e-18
7669.108269334802 9.027088214331135e-18
7671.159909213515 1.0523708940220827e-17
7673.21154909223 1.0747574782333861e-17
7675.263188970944 1.123740242481018e-17
7677.314828849658 1.1830699393512083e-17
7679.366468728373 1.151736895509308e-17
7681.418108607086 1.1339246315607569e-17
7683.469748485801 9.994164293525315e-18
7685.521388364515 8.35342906701493e-18
7687.573028243229 6.701182207012936e-18
7689.624668121944 4.161243273453787e-18
7691.676308000658 3.2977972135250944e-18
7693.727947879372 5.551905409096359e-18
7695.779587758087 7.460451938294402e-18
7697.8312276368 1.090662858547341e-17
7699.882867515515 1.1365262913253959e-17
7701.934507394228 1.2061131944856972e-17
7703.986147272943 1.1906634546352868e-17
7706.0377871516575 1.213081308631437e-17
7708.089427030371 1.3888510800857753e-17
7710.141066909086 1.1055922422151663e-17
7712.192706787799 1.2306929191136668e-17
7714.244346666514 1.2888940128501945e-17
7716.2959865452285 1.2263183591020172e-17
7718.347626423942 1.2505223486999186e-17
7720.3992663026565 1.1157556597734515e-17
7722.4509061813715 9.03662600608933e-18
7724.502546060085 1.2669369374561419e-17
7726.5541859387995 1.3308673723343482e-17
7728.605825817513 1.1727969969591215e-17
7730.6574656962275 1.1437271269644449e-17
7732.709105574942 1.1475797075449845e-17
7734.7607454536555 1.1432045322802198e-17
7736.8123853323705 1.2340805867410938e-17
7738.864025211084 1.2110291720108447e-17
7740.9156650897985 1.2661277049403663e-17
7742.967304968513 1.1276596849822883e-17
7745.0189448472265 1.2545269176931163e-17
7747.070584725941 1.476011791424825e-17
7749.122224604655 1.208878918042276e-17
7751.1738644833695 7.869151829253253e-18
7753.225504362084 8.843929475968092e-18
7755.2771442407975 1.2534142880948658e-17
7757.328784119512 1.411153716422243e-17
7759.380423998227 1.424931780016632e-17
7761.43206387694 1.2866717469660454e-17
7763.483703755655 1.1473502153623678e-17
7765.5353436343685 1.3696104190421003e-17
7767.586983513083 1.4675497031731568e-17
7769.638623391798 1.2857997045661864e-17
7771.690263270511 1.186996984953376e-17
7773.741903149226 1.1845938280135596e-17
7775.793543027939 1.2474606131718817e-17
7777.845182906654 1.344563184136565e-17
7779.896822785369 1.2856121778561133e-17
7781.948462664082 1.2594296974748674e-17
7784.000102542797 1.2903788794451914e-17
7786.05174242151 1.1937522870909957e-17
7788.103382300225 9.531418152651496e-18
7790.15502217894 4.718660541590233e-18
7792.206662057653 -3.1391173935096453e-19
7794.258301936368 -1.6638878492134178e-20
7796.309941815083 2.767245805302984e-20
7798.361581693796 -4.339896672417764e-20
7800.413221572511 4.9774160380478546e-20
7802.464861451224 8.391397492224183e-20
7804.516501329939 -3.650087105493196e-22
7806.568141208654 -1.2928811929082253e-19
7808.619781087367 -4.1989982493196006e-20
7810.671420966082 5.492951460469335e-21
7812.723060844795 1.060306814182724e-19
7814.77470072351 6.516535114770248e-20
7816.826340602225 -4.9041401316426955e-20
7818.877980480938 3.572861348997093e-21
7820.929620359653 6.191327588441314e-20
7822.981260238366 -8.229678951586631e-20
7825.032900117081 3.637454512853083e-21
7827.084539995796 2.6987939337986888e-20
7829.136179874509 1.1813026483703806e-20
7831.187819753224 -3.3752997534279106e-20
7833.239459631939 -7.15749091272189e-20
7835.291099510652 5.172987308730296e-20
7837.342739389367 1.3804211169048471e-21
7839.39437926808 2.2343454099568765e-20
7841.446019146795 1.0188574119434522e-20
7843.49765902551 -3.032617102400028e-20
7845.549298904223 2.3596128590616152e-20
7847.600938782938 1.1157519841706177e-19
7849.652578661651 -1.0864527119954923e-20
