# wavelength calibrated_flux
3598.751807036273 0.0
3600.80352170431 1.8174268323677702e-18
3602.8552363723466 1.9272347083795565e-18
3604.9069510403833 -1.2342254615905786e-18
3606.95866570842 2.0263426864957358e-18
3609.0103803764564 9.94916564217689e-19
3611.062095044493 2.326721988391592e-18
3613.11380971253 -8.724671661718114e-18
3615.1655243805667 -3.0587536231548404e-18
3617.2172390486035 -3.4681039575677335e-18
3619.26895371664 -5.5695839272563034e-18
3621.320668384677 9.694989447515506e-18
3623.3723830527138 -2.3063257503471397e-19
3625.4240977207505 -2.20444115431812e-18
3627.475812388787 3.1165332084915434e-18
3629.5275270568236 4.548150631743591e-19
3631.5792417248604 7.443262372163348e-19
3633.630956392897 3.0393737277841942e-18
3635.682671060934 -3.109260745622374e-18
3637.7343857289707 9.342185692363177e-18
3639.7861003970074 -3.144899625249459e-18
3641.837815065044 -2.9616814008462293e-18
3643.889529733081 -2.1899833436446527e-18
3645.9412444011173 -1.746604255933092e-18
3647.992959069154 1.5457884590051014e-19
3650.044673737191 1.757845834743698e-18
3652.0963884052276 -6.255017862026558e-18
3654.1481030732643 -1.9512081599871707e-18
3656.199817741301 9.081276430177271e-19
3658.251532409338 2.4531368302977223e-18
3660.3032470773746 1.5733062555641776e-18
3662.3549617454114 8.375583100341465e-20
3664.4066764134477 -4.962957149466818e-18
3666.4583910814845 1.0987917324305427e-18
3668.5101057495212 1.6859734746563082e-18
3670.561820417558 4.7507996576998235e-18
3672.613535085595 -1.4435907718069308e-18
3674.6652497536315 5.92106418007361e-19
3676.7169644216683 1.3012170871937286e-18
3678.768679089705 6.484444126553747e-19
3680.820393757742 -1.623236312290635e-18
3682.872108425778 -9.457267180045354e-19
3684.923823093815 -2.104822063468369e-18
3686.9755377618517 -1.3732795217906024e-18
3689.0272524298884 1.6613818798268666e-18
3691.078967097925 2.4017966542705396e-18
3693.130681765962 -2.7093695670301192e-18
3695.1823964339987 2.1616676009293697e-19
3697.2341111020355 2.573828175623579e-18
3699.2858257700723 3.7393796337031546e-18
3701.3375404381086 1.1959317974128581e-18
3703.3892551061454 1.0168059797303433e-18
3705.440969774182 -2.8358018134256096e-18
3707.492684442219 -1.875273375682037e-18
3709.5443991102557 1.316313484557743e-18
3711.5961137782924 -6.11220984980847e-19
3713.647828446329 -1.7871347835070768e-18
3715.699543114366 2.41076546666822e-18
3717.7512577824027 1.7970133862744347e-18
3719.8029724504395 -2.0609501938244446e-18
3721.854687118476 -3.798609702257122e-19
3723.9064017865126 3.3204564665976477e-18
3725.9581164545493 1.4301220862216975e-19
3728.009831122586 -6.99710246489774e-19
3730.061545790623 -6.375122621450077e-19
3732.1132604586596 1.0466138605373718e-18
3734.1649751266964 -8.916049757856193e-19
3736.216689794733 9.114066537919265e-19
3738.2684044627695 1.121495089945445e-18
3740.3201191308062 -4.699677761186481e-19
3742.371833798843 7.577026172001508e-19
3744.4235484668798 1.4710874970752748e-18
3746.4752631349165 2.2273236793454185e-18
3748.5269778029533 5.088570616810562e-19
3750.57869247099 1.1985982242344038e-18
3752.630407139027 -3.0099458188487234e-18
3754.6821218070636 -9.15378302974487e-19
3756.7338364751004 -1.4482524578209963e-18
3758.7855511431367 -2.455721845322869e-18
3760.8372658111734 2.167711413216428e-18
3762.88898047921 2.3689710352238272e-20
3764.940695147247 -9.002916180632659e-20
3766.9924098152837 -9.220196346653363e-19
3769.0441244833205 4.717748975716608e-19
3771.0958391513573 3.863346309468515e-18
3773.147553819394 9.75938920651425e-19
3775.1992684874303 -1.254370668942006e-18
3777.250983155467 9.084582638034186e-19
3779.302697823504 2.2625036441671584e-18
3781.3544124915406 4.742828463308215e-19
3783.4061271595774 1.72919029130874e-18
3785.457841827614 1.3292549039324696e-18
3787.509556495651 1.2971618358282137e-18
3789.5612711636877 1.413431296289694e-18
3791.6129858317245 -2.2023926310883894e-18
3793.6647004997612 -8.96160426879063e-19
3795.7164151677975 -2.269737435824641e-18
3797.7681298358343 2.0167033861005197e-18
3799.819844503871 2.0498384884296432e-19
3801.871559171908 7.942809127856407e-19
3803.9232738399446 2.016359954493585e-18
3805.9749885079814 3.8699312224184577e-20
3808.026703176018 1.4422015279316071e-18
3810.078417844055 -2.0717296184728897e-18
3812.130132512091 -8.352262886470593e-19
3814.181847180128 7.773406237056262e-19
3816.2335618481648 -9.150267424337956e-19
3818.2852765162015 -3.093138803543126e-20
3820.3369911842383 1.9725873068812357e-18
3822.388705852275 4.300622144825762e-19
3824.440420520312 4.020522081553554e-19
3826.4921351883486 6.804381531829272e-19
3828.5438498563853 -8.131133056924064e-20
3830.595564524422 2.495231092966127e-18
3832.6472791924584 -5.962317497055425e-19
3834.698993860495 9.17404739628221e-19
3836.750708528532 7.331761795569222e-19
3838.8024231965687 -7.292865816234307e-20
3840.8541378646055 3.6703170105569796e-19
3842.9058525326423 1.8398800970394043e-19
3844.957567200679 -3.5582050248647274e-19
3847.009281868716 -4.1276961769705144e-19
3849.0609965367526 -4.938856782205356e-19
3851.112711204789 4.7549108635711e-19
3853.1644258728256 4.735876964557765e-19
3855.2161405408624 1.454492645309295e-18
3857.267855208899 9.422209782012776e-19
3859.319569876936 1.2205557559990421e-18
3861.3712845449727 -2.9118167721026535e-19
3863.4229992130095 1.5752489889599395e-18
3865.4747138810462 1.0256902693072623e-19
3867.526428549083 -6.298009971158158e-20
3869.5781432171193 -4.292806203020128e-19
3871.629857885156 -5.401479324478823e-19
3873.681572553193 9.815084056606577e-19
3875.7332872212296 -4.78656586140568e-19
3877.7850018892664 -3.0856637497607074e-19
3879.836716557303 -1.035975785249545e-18
3881.88843122534 1.0156055361425825e-19
3883.9401458933767 2.711660766823988e-20
3885.991860561413 -1.1098160846890256e-18
3888.0435752294497 -1.814271279566497e-19
3890.0952898974865 1.186113198645983e-18
3892.1470045655233 -8.291423802912663e-19
3894.19871923356 -1.6718189066560524e-18
3896.250433901597 -3.550741587870528e-20
3898.3021485696336 -6.839911012960161e-19
3900.3538632376703 -6.366687079506701e-20
3902.405577905707 3.0657224422912653e-20
3904.457292573744 5.808006189110837e-19
3906.5090072417806 -2.6075499485388356e-19
3908.560721909817 -2.221671011662435e-18
3910.6124365778537 -6.020627835324559e-19
3912.6641512458905 7.811194580751583e-19
3914.7158659139272 2.0621602992999894e-19
3916.767580581964 4.458650089778055e-19
3918.819295250001 2.474115081517802e-19
3920.8710099180375 -1.654310642741301e-19
3922.9227245860743 9.139445957615124e-20
3924.9744392541106 1.5449963559615787e-19
3927.0261539221474 7.102107174957693e-19
3929.077868590184 1.0412166649592365e-18
3931.129583258221 -1.2696129483154853e-19
3933.1812979262577 -3.9198154764821315e-19
3935.2330125942945 -2.1332940772425176e-18
3937.284727262331 -2.1284275757094921e-19
3939.336441930368 2.199018863202241e-18
3941.3881565984047 -1.0831200324794728e-18
3943.4398712664415 -8.168307564224963e-19
3945.491585934478 1.0262588005607973e-18
3947.5433006025146 2.6652295294409197e-18
3949.5950152705514 8.457057073440145e-19
3951.646729938588 -2.4075181832747396e-18
3953.698444606625 1.897942736832235e-18
3955.7501592746617 6.842869140916184e-19
3957.8018739426984 -1.644201284937269e-19
3959.853588610735 6.323783926887781e-20
3961.9053032787715 7.625117197748689e-19
3963.9570179468083 8.397428619626809e-19
3966.008732614845 5.543049937365364e-19
3968.060447282882 5.357035986755564e-19
3970.1121619509186 -8.73188697499833e-19
3972.1638766189553 -9.655215182845105e-19
3974.215591286992 1.181817839133522e-18
3976.267305955029 6.887339287515244e-20
3978.3190206230656 7.092109036602941e-19
3980.3707352911024 1.0084768043957961e-18
3982.4224499591387 -2.425874247300214e-19
3984.4741646271755 -1.7109019768316576e-18
3986.5258792952122 -1.0958597705846286e-19
3988.577593963249 1.1301516379193743e-18
3990.6293086312858 -2.6685528950451467e-19
3992.6810232993225 1.5098358957838454e-18
3994.7327379673593 2.82017118941986e-20
3996.784452635396 -6.137717072336683e-20
3998.8361673034324 -3.1165119626350406e-20
4000.887881971469 2.6074041665205904e-18
4002.939596639506 -5.669166882882742e-19
4004.9913113075427 -9.668168276406625e-19
4007.0430259755794 1.4479201012748439e-19
4009.094740643616 -1.7074399153013944e-19
4011.146455311653 1.4507096706582741e-19
4013.1981699796897 1.372024494677988e-19
4015.2498846477265 3.600488668190039e-19
4017.3015993157633 4.296126466758838e-19
4019.3533139837996 1.4939834890301307e-18
4021.4050286518363 -4.977315178793141e-19
4023.456743319873 8.485498218784236e-19
4025.50845798791 -1.3588122769933708e-19
4027.5601726559466 1.4793709634559896e-18
4029.6118873239834 2.160313674819741e-18
4031.66360199202 7.78580180219249e-19
4033.715316660057 8.938786875584153e-20
4035.7670313280933 -3.100724188068611e-19
4037.81874599613 2.1852801094409664e-18
4039.870460664167 -8.349121435814585e-19
4041.9221753322036 9.000832956124549e-19
4043.9738900002403 1.2833899969359118e-18
4046.025604668277 1.5009368818025875e-18
4048.077319336314 1.6825126433573351e-18
4050.1290340043506 1.934783215684494e-18
4052.1807486723874 1.3870413614971215e-18
4054.232463340424 1.999597488804295e-18
4056.2841780084605 1.4813343219402001e-18
4058.335892676497 4.014082665703658e-19
4060.387607344534 1.2149018430275567e-18
4062.4393220125708 -1.1064695284678073e-18
4064.4910366806075 9.106421970455314e-19
4066.5427513486443 1.6754061891840606e-18
4068.594466016681 5.206030941496052e-20
4070.646180684718 8.332782212894841e-19
4072.697895352754 7.973184797529708e-19
4074.749610020791 6.349965119218408e-19
4076.8013246888277 8.53803184014616e-19
4078.8530393568644 7.676905434779644e-19
4080.904754024901 1.8564024432918975e-18
4082.956468692938 -1.237755715709181e-19
4085.0081833609747 3.3253156988925987e-19
4087.0598980290115 2.173862806837704e-18
4089.1116126970483 9.316861133289755e-19
4091.163327365085 8.111511650261666e-19
4093.2150420331213 -4.5809922765406644e-20
4095.266756701158 5.833977008527917e-19
4097.318471369195 -2.5294621024355194e-19
4099.370186037232 4.262791079155436e-19
4101.421900705269 2.069033479229736e-18
4103.473615373305 2.8320058762198305e-18
4105.5253300413415 6.452388140348604e-19
4107.577044709378 8.439747563115632e-19
4109.628759377415 1.849528878316925e-18
4111.680474045452 2.8815391508424205e-19
4113.7321887134885 9.78877675518924e-19
4115.783903381525 1.2423957918978924e-18
4117.835618049562 -8.013762796292791e-19
4119.887332717599 3.157842831967927e-18
4121.939047385636 1.8520806794021399e-19
4123.990762053672 1.335316506468348e-18
4126.042476721709 5.6185037798559685e-19
4128.094191389746 2.1359166721664887e-19
4130.145906057783 -7.436682109547607e-19
4132.197620725819 1.3649941549257243e-18
4134.249335393856 1.660570641638443e-18
4136.301050061893 4.589577322660516e-19
4138.352764729929 1.5881153928644698e-18
4140.404479397966 8.978316962596596e-19
4142.456194066002 1.7178580430012145e-18
4144.507908734039 4.937140817490837e-19
4146.559623402076 9.220313295472869e-19
4148.611338070113 5.579510934020998e-19
4150.663052738149 1.5464160419075652e-18
4152.714767406186 1.076640202791079e-18
4154.766482074223 -2.778738161126256e-19
4156.81819674226 8.553918159571005e-19
4158.8699114102965 8.80494916025775e-19
4160.921626078333 1.1877302037966128e-18
4162.97334074637 4.2059957436690207e-19
4165.025055414407 1.0210022667863585e-18
4167.0767700824435 8.516391157868021e-19
4169.12848475048 2.888422608884802e-19
4171.180199418517 4.934353765445338e-20
4173.231914086553 2.113887895581316e-18
4175.283628754591 4.4234519637397995e-20
4177.3353434226265 1.1687946180162988e-18
4179.387058090663 5.483196071136504e-19
4181.4387727587 -4.685094732527608e-19
4183.490487426737 1.8357762846651554e-18
4185.5422020947735 7.174574277189364e-19
4187.59391676281 8.579954001297384e-19
4189.645631430847 9.267052158417344e-19
4191.697346098884 1.5085872391971888e-18
4193.749060766921 1.7625700206499073e-18
4195.800775434957 1.4787823915375611e-18
4197.852490102994 1.9736254658135023e-18
4199.904204771031 2.1704560370087564e-19
4201.955919439068 1.2128670501631762e-18
4204.007634107104 5.446372192822661e-19
4206.059348775141 -4.193118401833446e-19
4208.111063443178 6.91115616700357e-19
4210.162778111215 8.959584388240988e-19
4212.214492779251 1.894279302163975e-18
4214.266207447288 1.5677554358560841e-18
4216.317922115324 1.0468003250313783e-18
4218.369636783361 2.1668706130824506e-18
4220.421351451398 3.0949374383323716e-19
4222.473066119434 2.9092339549399506e-18
4224.524780787471 3.396189782433848e-18
4226.576495455508 2.3071475355953867e-18
4228.628210123545 2.339979909083333e-18
4230.6799247915815 1.4875023546008755e-18
4232.731639459618 2.0282195489172584e-18
4234.783354127655 1.36733620557424e-18
4236.835068795692 1.2496737655051692e-18
4238.8867834637285 7.859829724195264e-19
4240.938498131765 2.4614260055497038e-18
4242.990212799802 1.7356259878743985e-18
4245.041927467839 9.074837513434602e-19
4247.093642135876 2.435478848777477e-18
4249.145356803912 1.958447493328356e-18
4251.197071471948 4.584029054049759e-18
4253.248786139985 2.1927897895988984e-18
4255.300500808022 4.2606324814909394e-18
4257.3522154760585 2.94088220484711e-18
4259.403930144095 1.7689174557895033e-18
4261.455644812132 2.751049577834079e-18
4263.507359480169 1.9602327512263162e-18
4265.559074148206 2.8551905051915826e-18
4267.610788816242 6.215228015415787e-19
4269.662503484279 2.0126450254514153e-18
4271.714218152316 5.178940817855293e-19
4273.765932820353 8.714193115481726e-19
4275.817647488389 2.940930710054949e-18
4277.869362156426 3.990468074284665e-18
4279.921076824463 3.002604952288862e-18
4281.9727914925 1.3430613772665453e-18
4284.0245061605365 1.3140884941115243e-18
4286.076220828572 2.1362452490354605e-18
4288.12793549661 1.9872294401348307e-18
4290.179650164646 3.4782528374633765e-18
4292.231364832683 2.6139242243319716e-18
4294.283079500719 3.4677786264838477e-18
4296.334794168756 2.5253972212303004e-18
4298.386508836793 3.7344040344353134e-18
4300.43822350483 2.5928085413962667e-18
4302.4899381728665 1.5499253472571217e-18
4304.541652840903 8.011313386563352e-19
4306.59336750894 5.64394462805476e-19
4308.645082176977 1.6643232579169673e-18
4310.6967968450135 2.9821130844293128e-18
4312.74851151305 3.068365778311937e-18
4314.800226181087 3.124868163519408e-18
4316.851940849124 2.685672026528456e-19
4318.903655517161 6.801196051676526e-18
4320.955370185197 5.5333856319336394e-18
4323.007084853234 5.1702780756711234e-18
4325.05879952127 4.034422510976846e-18
4327.110514189307 4.588355477898842e-18
4329.1622288573435 6.6746708228767835e-18
4331.21394352538 6.2733546358319254e-18
4333.265658193417 4.692579759171558e-18
4335.317372861454 6.45678415064841e-18
4337.369087529491 6.759732380649788e-18
4339.420802197527 6.5701185062537545e-18
4341.472516865564 5.149234209211711e-18
4343.524231533601 5.860281778274108e-18
4345.575946201638 6.85888907471849e-18
4347.627660869674 5.033763299886153e-18
4349.679375537711 8.925450330604612e-18
4351.731090205748 5.976184373719797e-18
4353.782804873785 8.614706908954178e-18
4355.8345195418215 7.9046520594773e-18
4357.886234209858 5.3442585843089395e-18
4359.937948877894 4.127631199124681e-18
4361.989663545932 3.961807549817497e-18
4364.041378213968 3.1645518647794186e-18
4366.093092882004 2.7853900499952852e-18
4368.144807550041 4.715527674724672e-18
4370.196522218078 9.179664449968945e-18
4372.248236886115 1.1128643507962311e-17
4374.299951554151 1.5771219462848836e-17
4376.351666222188 1.879132962717554e-17
4378.403380890225 2.2021038162471302e-17
4380.455095558262 2.2604090218306464e-17
4382.5068102262985 1.9746235464480093e-17
4384.558524894335 1.857010608873747e-17
4386.610239562372 1.55615943451057e-17
4388.661954230409 1.3470170353668523e-17
4390.713668898446 1.255984441808425e-17
4392.765383566482 1.0561147824862653e-17
4394.817098234519 1.0877956857962509e-17
4396.868812902556 1.1155929467050797e-17
4398.920527570592 1.1492345945338476e-17
4400.9722422386285 7.97344280097379e-18
4403.023956906665 9.408595092781426e-18
4405.075671574702 9.901951226495732e-18
4407.127386242739 8.443442091966996e-18
4409.179100910776 8.715500538771099e-18
4411.230815578812 9.191207822643623e-18
4413.282530246849 9.101358168151315e-18
4415.334244914886 1.0299085999496442e-17
4417.385959582923 9.521230443038457e-18
4419.437674250959 8.122801156355515e-18
4421.489388918996 7.906745077798334e-18
4423.541103587033 1.0120951113978044e-17
4425.59281825507 7.670174646791327e-18
4427.644532923106 1.0602657807261937e-17
4429.696247591143 1.1114874506800747e-17
4431.74796225918 8.537082641670187e-18
4433.799676927216 1.0798790406778186e-17
4435.8513915952535 8.466075687141408e-18
4437.903106263289 1.076114464207854e-17
4439.954820931326 1.0346231824548054e-17
4442.006535599363 1.209262334944511e-17
4444.0582502674 1.1685781596912704e-17
4446.109964935436 1.1557302603616697e-17
4448.161679603473 1.2441661369531783e-17
4450.21339427151 1.2060968057946541e-17
4452.265108939547 1.213730080554416e-17
4454.3168236075835 1.1097334673489623e-17
4456.36853827562 1.1990068439585531e-17
4458.420252943657 1.323983361491734e-17
4460.471967611694 1.2469001237093082e-17
4462.523682279731 1.2588727952170485e-17
4464.575396947767 1.00126582561549e-17
4466.627111615804 1.2239500179438272e-17
4468.678826283841 1.3067753551054681e-17
4470.730540951878 1.0859804548304056e-17
4472.7822556199135 1.1687834912745778e-17
4474.833970287951 1.303096136765057e-17
4476.885684955987 1.325055955654531e-17
4478.937399624024 1.0773492367917592e-17
4480.989114292061 1.2203349965434123e-17
4483.040828960097 1.2030127132234354e-17
4485.092543628134 9.185144071382096e-18
4487.144258296171 9.357526307068256e-18
4489.195972964208 9.384998260303913e-18
4491.247687632244 9.895218721195674e-18
4493.299402300281 6.9733874804779e-18
4495.351116968318 7.609185409306977e-18
4497.402831636355 7.168317521021649e-18
4499.454546304391 6.329625599272087e-18
4501.506260972428 9.025709613465653e-18
4503.557975640465 8.215285645927488e-18
4505.609690308502 1.0430064622756634e-17
4507.661404976538 7.85704373484856e-18
4509.713119644575 1.002292806021048e-17
4511.764834312611 7.61422608938649e-18
4513.816548980648 6.7246348537920055e-18
4515.868263648685 7.792939486968082e-18
4517.919978316721 7.346895623466653e-18
4519.971692984758 7.362878352762325e-18
4522.023407652795 5.7498052507584876e-18
4524.075122320832 5.2646677699876724e-18
4526.1268369888685 5.131904525270444e-18
4528.178551656905 7.208935523489431e-18
4530.230266324942 7.2877013867008e-18
4532.281980992979 8.205109026700781e-18
4534.333695661016 9.955439473384305e-18
4536.385410329052 7.37057505842285e-18
4538.437124997089 6.4145625884696415e-18
4540.488839665126 7.135873617078773e-18
4542.540554333163 6.173499187673408e-18
4544.592269001199 6.857719391627407e-18
4546.643983669235 7.890973368226906e-18
4548.695698337273 9.293077799969821e-18
4550.747413005309 9.432472265219031e-18
4552.7991276733455 9.158037448942783e-18
4554.850842341382 7.997552549022475e-18
4556.902557009419 7.15506758987953e-18
4558.954271677456 7.997871138168818e-18
4561.005986345493 6.867731640053696e-18
4563.057701013529 9.684764099893131e-18
4565.109415681566 6.522446130374712e-18
4567.161130349603 8.88721791287158e-18
4569.21284501764 8.153346650167429e-18
4571.264559685676 9.661513617706391e-18
4573.316274353713 5.9496834736664374e-18
4575.36798902175 8.214458044064292e-18
4577.419703689787 8.006630002270968e-18
4579.4714183578235 6.571659302670529e-18
4581.52313302586 6.9276909630177866e-18
4583.574847693897 7.984664945250952e-18
4585.626562361933 9.611215939682305e-18
4587.67827702997 5.8675537364766855e-18
4589.729991698006 9.007895217175828e-18
4591.781706366043 7.607321950977123e-18
4593.83342103408 6.375578181917322e-18
4595.885135702117 8.368214187051021e-18
4597.9368503701535 6.774840741157936e-18
4599.98856503819 7.428211938142274e-18
4602.040279706227 8.15044497428127e-18
4604.091994374264 8.556930694142444e-18
4606.1437090423005 8.302843291010182e-18
4608.195423710337 8.014270311395987e-18
4610.247138378374 7.568156025946504e-18
4612.298853046411 8.129759542275546e-18
4614.350567714448 8.583915586339048e-18
4616.402282382484 7.444993198853823e-18
4618.453997050521 6.4250709898588496e-18
4620.505711718557 7.744112902746103e-18
4622.557426386595 8.097662041439923e-18
4624.6091410546305 6.276048080086717e-18
4626.660855722667 5.1917733230222285e-18
4628.712570390704 7.801253139323217e-18
4630.764285058741 8.795329140455365e-18
4632.815999726778 5.8962175300327414e-18
4634.867714394814 9.705915486520786e-18
4636.919429062851 7.082455536775336e-18
4638.971143730888 8.893590153219718e-18
4641.022858398925 7.372742116882652e-18
4643.074573066961 8.875032615554514e-18
4645.126287734998 6.681266322161029e-18
4647.178002403035 6.11184317805753e-18
4649.229717071072 8.472278555860693e-18
4651.2814317391085 8.608699938794588e-18
4653.333146407145 7.959432424729946e-18
4655.384861075181 6.947742942826378e-18
4657.436575743219 6.260159660318258e-18
4659.488290411255 9.49000601917654e-18
4661.540005079292 5.431735459169263e-18
4663.591719747328 9.056374811971146e-18
4665.643434415365 8.579772865782323e-18
4667.695149083402 7.532561059736417e-18
4669.7468637514385 8.389141757965184e-18
4671.798578419475 1.076359033858061e-17
4673.850293087512 9.982406530822433e-18
4675.902007755549 7.456000055346661e-18
4677.9537224235855 8.504744930170133e-18
4680.005437091622 9.493537624716554e-18
4682.057151759659 8.12462612275748e-18
4684.108866427696 6.995551335852906e-18
4686.160581095733 7.690814512152543e-18
4688.212295763769 7.667893611526763e-18
4690.264010431806 7.399717230887314e-18
4692.315725099843 7.292190855792507e-18
4694.367439767879 7.258887684022007e-18
4696.419154435916 7.327218675709038e-18
4698.470869103952 8.054957073196023e-18
4700.522583771989 8.093468051283983e-18
4702.574298440026 9.359898520755332e-18
4704.626013108063 8.76784764464511e-18
4706.677727776099 7.99193376788441e-18
4708.729442444136 8.33117864914472e-18
4710.781157112173 8.911003501583551e-18
4712.83287178021 8.380336127845811e-18
4714.884586448246 8.45372399501284e-18
4716.936301116283 8.617526446768772e-18
4718.98801578432 9.114748102008455e-18
4721.039730452357 9.13670016736678e-18
4723.0914451203935 8.859068003309673e-18
4725.14315978843 8.466137975956532e-18
4727.194874456467 9.215265441177907e-18
4729.246589124503 9.220043437493535e-18
4731.2983037925405 6.338105915066601e-18
4733.350018460576 1.0391709413787328e-17
4735.401733128614 8.982126830509883e-18
4737.45344779665 7.96026071386251e-18
4739.505162464687 8.868644534281693e-18
4741.5568771327235 9.527423613420662e-18
4743.60859180076 9.335415133126522e-18
4745.660306468797 9.053653360383222e-18
4747.712021136834 8.676962987109482e-18
4749.7637358048705 9.364630514857368e-18
4751.815450472907 8.658043359161744e-18
4753.867165140944 9.470597282533157e-18
4755.918879808981 1.0039648473095871e-17
4757.970594477018 8.277249974802793e-18
4760.022309145054 9.54718414571053e-18
4762.074023813091 7.545268851082435e-18
4764.125738481128 7.235554880502956e-18
4766.177453149165 9.371840255920029e-18
4768.2291678172005 7.969651278061805e-18
4770.280882485238 8.07098219368649e-18
4772.332597153274 9.049365674476543e-18
4774.384311821312 1.0202131995206304e-17
4776.436026489348 8.902264181724976e-18
4778.487741157384 7.000577138142898e-18
4780.539455825421 7.090029279023549e-18
4782.591170493458 7.707818288056483e-18
4784.642885161495 9.031866927217263e-18
4786.694599829531 9.743667246479492e-18
4788.746314497568 1.0409572693267823e-17
4790.798029165605 1.0422741907958557e-17
4792.849743833642 8.472247987977596e-18
4794.9014585016785 1.1135506918313614e-17
4796.953173169715 8.414561943084524e-18
4799.004887837752 9.50065826242507e-18
4801.056602505789 8.67241102518902e-18
4803.108317173825 1.0138415718180605e-17
4805.160031841862 9.668476795055953e-18
4807.211746509898 1.054109294680596e-17
4809.263461177936 1.0329266095708279e-17
4811.315175845972 1.0484964091662898e-17
4813.366890514008 1.0318708957042173e-17
4815.418605182045 9.602402614726769e-18
4817.470319850082 9.587590066326884e-18
4819.522034518119 9.494381444528136e-18
4821.5737491861555 9.423737736951187e-18
4823.625463854192 9.264174244036807e-18
4825.677178522229 9.135471332908826e-18
4827.728893190266 1.1125289769017027e-17
4829.780607858303 9.69789368348174e-18
4831.832322526339 9.343876778116599e-18
4833.884037194376 9.832722666074776e-18
4835.935751862413 8.297942927846135e-18
4837.98746653045 1.1280313113669111e-17
4840.039181198486 8.225832812866235e-18
4842.090895866522 8.47436895387319e-18
4844.14261053456 9.398936078679636e-18
4846.194325202596 9.206861954531341e-18
4848.2460398706335 1.0702092517710786e-17
4850.297754538669 1.0766027364703601e-17
4852.349469206706 8.850364219580425e-18
4854.401183874743 9.807766830978569e-18
4856.45289854278 1.0994231371665514e-17
4858.504613210816 9.716142925802545e-18
4860.556327878853 9.880672907220828e-18
4862.60804254689 1.0869838950597954e-17
4864.659757214927 1.1363659823218533e-17
4866.711471882963 1.1261202308030413e-17
4868.763186551 1.12842098237175e-17
4870.814901219037 9.57422620568163e-18
4872.866615887074 7.95932585771011e-18
4874.9183305551105 7.901353895148498e-18
4876.970045223147 8.5309004486098e-18
4879.021759891184 1.2337350252457586e-17
4881.07347455922 1.120610575215701e-17
4883.125189227258 1.0705815316136597e-17
4885.176903895293 1.0198000420134048e-17
4887.22861856333 9.885882672409303e-18
4889.280333231367 9.823722249423575e-18
4891.332047899404 1.0298751989675478e-17
4893.3837625674405 7.906568146386958e-18
4895.435477235477 1.0561921569698995e-17
4897.487191903514 1.0057964478536264e-17
4899.538906571551 1.107772645037603e-17
4901.590621239588 1.1638556238462582e-17
4903.642335907624 1.0482636904689604e-17
4905.694050575661 8.844055297218694e-18
4907.745765243698 9.985154922178673e-18
4909.797479911735 1.0825743749112626e-17
4911.849194579771 1.1194595079787033e-17
4913.900909247808 1.1348269944085663e-17
4915.952623915844 1.034826935887612e-17
4918.004338583882 1.0807238288614232e-17
4920.056053251918 1.2885105733321927e-17
4922.107767919955 8.383038199794423e-18
4924.159482587991 4.243401173800669e-18
4926.211197256028 4.3645165141436025e-18
4928.262911924065 7.702466479393006e-18
4930.314626592101 9.723207655190764e-18
4932.366341260138 1.0745974392616663e-17
4934.418055928175 9.927960732356932e-18
4936.469770596212 1.1712493258466136e-17
4938.521485264248 9.865419940286917e-18
4940.573199932285 1.0862859325388705e-17
4942.624914600322 9.913612065706078e-18
4944.676629268359 1.2209213652838018e-17
4946.7283439363955 1.180743412462922e-17
4948.780058604432 9.316552715732577e-18
4950.831773272469 1.1599443227684776e-17
4952.883487940506 1.1234634401631148e-17
4954.935202608542 1.075361641308068e-17
4956.986917276579 1.0926014596881228e-17
4959.038631944615 1.1473780540731727e-17
4961.090346612652 1.151084756088024e-17
4963.142061280689 1.1315410401480716e-17
4965.1937759487255 1.2339239166930757e-17
4967.245490616762 1.3163081778472506e-17
4969.297205284799 1.2291077500935907e-17
4971.348919952836 1.2745992710940584e-17
4973.400634620873 1.3992155112984533e-17
4975.452349288909 1.2920882931685925e-17
4977.504063956946 1.1720752380630724e-17
4979.555778624983 1.2890684186334516e-17
4981.60749329302 1.2041325677869382e-17
4983.659207961056 1.1181454304765281e-17
4985.710922629093 1.1339363396219376e-17
4987.76263729713 1.3047261027940996e-17
4989.814351965166 1.2435439017287192e-17
4991.866066633203 1.0526822848592994e-17
4993.917781301239 8.946197505902535e-18
4995.969495969277 9.183103078034542e-18
4998.021210637313 1.1741602475439297e-17
5000.07292530535 1.1579074655071535e-17
5002.124639973386 1.1518682182681097e-17
5004.176354641423 1.283667949185288e-17
5006.22806930946 1.2082943197177522e-17
5008.279783977497 1.4072442444300927e-17
5010.331498645533 1.3526676735261161e-17
5012.38321331357 1.2036327897749971e-17
5014.434927981607 1.5055988646011307e-17
5016.486642649644 1.2931104081951872e-17
5018.5383573176805 1.2748044309964695e-17
5020.590071985717 1.5056571024851803e-17
5022.641786653754 1.6197613959592616e-17
5024.693501321791 1.451862174591253e-17
5026.745215989828 1.2150193664087112e-17
5028.796930657863 1.3012794396169187e-17
5030.848645325901 1.3379172869648975e-17
5032.900359993937 9.523718374822321e-18
5034.952074661975 9.3184834945828e-18
5037.0037893300105 1.1124218325903053e-17
5039.055503998047 1.2018208178512501e-17
5041.107218666084 1.4175325726806247e-17
5043.158933334121 1.504657679369087e-17
5045.2106480021575 1.460213108447642e-17
5047.262362670194 1.4154163500266234e-17
5049.314077338231 1.4378207280617423e-17
5051.365792006268 1.4579482202420505e-17
5053.417506674305 1.5414239370118502e-17
5055.469221342341 1.3607039650069441e-17
5057.520936010378 1.4126711595006886e-17
5059.572650678415 1.5171724606927586e-17
5061.624365346452 1.50743086419623e-17
5063.6760800144875 1.4137104093714688e-17
5065.727794682525 1.4717850402136034e-17
5067.779509350561 1.310771144638643e-17
5069.831224018599 1.4872738646670403e-17
5071.882938686635 1.3276652206026387e-17
5073.934653354671 1.2744082571166878e-17
5075.986368022708 1.359406294000583e-17
5078.038082690745 1.3071685026149821e-17
5080.089797358782 1.3377878041991128e-17
5082.141512026818 1.3899294091257794e-17
5084.193226694855 1.2705108866824747e-17
5086.244941362892 1.2732428251989519e-17
5088.296656030929 1.1133072243116714e-17
5090.3483706989655 1.197463045083712e-17
5092.400085367002 1.3865773359152866e-17
5094.451800035039 1.4485826472781366e-17
5096.503514703076 1.3710604907366431e-17
5098.555229371113 1.3265593141506937e-17
5100.606944039149 1.2807495677567866e-17
5102.658658707185 1.3341537392607814e-17
5104.710373375223 1.298009095998476e-17
5106.762088043259 1.2256432206803011e-17
5108.813802711296 1.2210533279977421e-17
5110.865517379332 1.2794459779747197e-17
5112.917232047369 1.3021953286283177e-17
5114.968946715406 1.3230139117143853e-17
5117.0206613834425 1.3602492670179367e-17
5119.072376051479 1.3137520398012082e-17
5121.124090719516 1.349782511722928e-17
5123.175805387553 1.3926375013999586e-17
5125.22752005559 1.2543094410135691e-17
5127.279234723626 1.2778643139637755e-17
5129.330949391663 1.5802615347766754e-17
5131.3826640597 1.451174851603275e-17
5133.434378727737 1.1903371568697753e-17
5135.486093395773 1.3256917785912827e-17
5137.537808063809 1.3286495478686475e-17
5139.589522731847 1.3399834225831763e-17
5141.641237399883 1.2257208343931775e-17
5143.6929520679205 1.2209585927237092e-17
5145.744666735956 1.3868139580276852e-17
5147.796381403993 1.223791219199337e-17
5149.84809607203 1.1302113729827482e-17
5151.899810740067 1.370862799460711e-17
5153.951525408103 1.1872703752242304e-17
5156.00324007614 1.0406018935820528e-17
5158.054954744177 1.406337443578711e-17
5160.106669412214 1.5256329292671698e-17
5162.1583840802505 1.456787971075601e-17
5164.210098748287 1.3305534114667563e-17
5166.261813416324 1.2891446865229731e-17
5168.313528084361 1.4558514391557502e-17
5170.3652427523975 1.3813337433490926e-17
5172.416957420434 1.4505295509145194e-17
5174.468672088471 1.4775529782118036e-17
5176.520386756507 1.365284862259248e-17
5178.572101424545 1.2318390965406404e-17
5180.6238160925805 1.3662222880988295e-17
5182.675530760618 1.346471771636408e-17
5184.727245428654 1.1698761745901752e-17
5186.778960096691 9.098893116270468e-18
5188.8306747647275 6.019503273348487e-18
5190.882389432764 8.11258150676182e-18
5192.934104100801 1.0718171045359996e-17
5194.985818768838 1.1642818026106647e-17
5197.037533436875 1.2094835851970666e-17
5199.089248104911 1.2796619443510642e-17
5201.140962772948 1.2480539747327479e-17
5203.192677440985 1.3007350644773039e-17
5205.244392109022 1.3015798238036428e-17
5207.296106777058 1.3232231188937547e-17
5209.347821445095 1.408371407198163e-17
5211.399536113132 1.5679265509393633e-17
5213.451250781169 1.454608841151067e-17
5215.502965449205 1.3383113821272746e-17
5217.554680117242 1.3407884759011161e-17
5219.606394785278 1.403395065092165e-17
5221.658109453315 1.4213905712113956e-17
5223.709824121352 1.5286805497360663e-17
5225.761538789388 1.4987918712751775e-17
5227.813253457425 1.4119156423314475e-17
5229.864968125462 1.4140116362848008e-17
5231.916682793499 1.461094743410114e-17
5233.9683974615355 1.3894932208000327e-17
5236.020112129572 1.2799372001983607e-17
5238.071826797609 1.2767776359539816e-17
5240.123541465646 1.4607782370835284e-17
5242.1752561336825 1.483332117595779e-17
5244.226970801719 1.3744600513382152e-17
5246.278685469756 1.459177253112336e-17
5248.330400137793 1.4638876324697838e-17
5250.382114805829 1.5109083476055e-17
5252.433829473866 1.4654780616253252e-17
5254.485544141902 1.2797414216360474e-17
5256.53725880994 1.489528867757251e-17
5258.588973477976 1.633593937296285e-17
5260.6406881460125 1.531959933848806e-17
5262.692402814049 1.5667217453345536e-17
5264.744117482086 1.402165158411946e-17
5266.795832150123 1.518573683548937e-17
5268.84754681816 1.5636774981921778e-17
5270.899261486196 1.2816429190746694e-17
5272.950976154233 1.3803749906984711e-17
5275.00269082227 1.4452095141143222e-17
5277.054405490307 1.5173981020309906e-17
5279.106120158343 1.4739469268935587e-17
5281.15783482638 1.4391785632723087e-17
5283.209549494417 1.4612165013941973e-17
5285.261264162454 1.5230961295437466e-17
5287.3129788304905 1.4174133109746052e-17
5289.364693498526 1.3549067087153192e-17
5291.416408166564 1.4667261336288647e-17
5293.4681228346 1.3486269354145704e-17
5295.519837502637 1.4261382136910338e-17
5297.571552170673 1.50265012829763e-17
5299.62326683871 1.4247196704565128e-17
5301.674981506747 1.4418201575858773e-17
5303.726696174784 1.3863616541701672e-17
5305.77841084282 1.544937389745316e-17
5307.830125510857 1.547837323138727e-17
5309.881840178894 1.645682721040769e-17
5311.933554846931 1.3881684502862574e-17
5313.9852695149675 1.4286828039541362e-17
5316.036984183004 1.632005587113312e-17
5318.088698851041 1.6573374375310124e-17
5320.140413519078 1.5845373720909274e-17
5322.192128187115 1.6933161153968994e-17
5324.24384285515 1.801313189222498e-17
5326.295557523188 1.5784970780493562e-17
5328.347272191224 1.509720793583527e-17
5330.398986859262 1.557709336485024e-17
5332.4507015272975 1.4990091890022522e-17
5334.502416195334 1.4220285860698016e-17
5336.554130863371 1.559028377346847e-17
5338.605845531408 1.502875751387208e-17
5340.657560199445 1.381317461633614e-17
5342.709274867481 1.4261149485425088e-17
5344.760989535518 1.2075461796173465e-17
5346.812704203555 1.3306969753654789e-17
5348.864418871592 1.1945579837097947e-17
5350.916133539628 1.393718309343122e-17
5352.967848207665 1.5223151323086083e-17
5355.019562875702 1.6992339759702008e-17
5357.071277543739 1.551658313529507e-17
5359.122992211775 1.6002688507162884e-17
5361.174706879812 1.7181019316256472e-17
5363.226421547848 1.6184608937334313e-17
5365.278136215886 1.564556271002271e-17
5367.329850883922 1.6448187466739576e-17
5369.381565551959 1.6247727021285262e-17
5371.433280219995 1.7823357667964367e-17
5373.484994888032 1.6816061282308993e-17
5375.536709556069 1.6326513495722505e-17
5377.588424224105 1.684505440137652e-17
5379.640138892142 1.684013083186456e-17
5381.691853560179 1.6317393269348037e-17
5383.743568228216 1.5571677605239095e-17
5385.7952828962525 1.3167917997932994e-17
5387.846997564289 8.97027122121402e-18
5389.898712232326 7.760713184311357e-18
5391.950426900363 9.022951307423002e-18
5394.0021415684 1.1127811327368615e-17
5396.053856236436 1.3757014752725445e-17
5398.105570904472 1.5628578371476586e-17
5400.15728557251 1.6876786015721992e-17
5402.209000240546 1.7073350302971815e-17
5404.260714908583 1.665512140268619e-17
5406.312429576619 1.6567186657172324e-17
5408.364144244656 1.7604933111982665e-17
5410.415858912693 1.835841109314819e-17
5412.46757358073 1.7313448457109254e-17
5414.519288248766 1.5902238587382393e-17
5416.571002916803 1.6915864045878625e-17
5418.62271758484 1.8375101682905196e-17
5420.674432252877 1.8475806904527332e-17
5422.726146920913 1.7282254783800033e-17
5424.77786158895 1.75800221873814e-17
5426.829576256987 1.5640777939743417e-17
5428.881290925024 1.4877862287153853e-17
5430.93300559306 1.7351463250471932e-17
5432.984720261097 1.6491166472606764e-17
5435.036434929134 1.8684004344236254e-17
5437.08814959717 1.860210511494325e-17
5439.1398642652075 1.71765782548527e-17
5441.191578933243 1.7101144269788376e-17
5443.243293601281 1.9040014538473788e-17
5445.295008269317 1.92802034988965e-17
5447.346722937354 1.9772663404401224e-17
5449.39843760539 1.8575490293885825e-17
5451.450152273427 1.845276135303382e-17
5453.501866941464 1.769039125739295e-17
5455.553581609501 1.9191851760053965e-17
5457.6052962775375 1.930080878096441e-17
5459.657010945574 1.7949362364722867e-17
5461.708725613611 1.9420811348308107e-17
5463.760440281648 1.885796158787927e-17
5465.812154949685 1.808391140841465e-17
5467.863869617721 1.973952612576939e-17
5469.915584285758 2.053238137739147e-17
5471.967298953794 1.99294125490776e-17
5474.019013621832 1.934190551755803e-17
5476.0707282898675 2.0618678968958692e-17
5478.122442957905 2.1254030340966864e-17
5480.174157625941 1.9952384508799624e-17
5482.225872293978 1.90599474947658e-17
5484.2775869620145 2.1620663489770914e-17
5486.329301630051 2.0243929770734703e-17
5488.381016298088 1.864904865884081e-17
5490.432730966125 2.00536004396325e-17
5492.484445634162 2.0109668968327976e-17
5494.536160302198 2.1703855731085964e-17
5496.587874970235 2.053514674065134e-17
5498.639589638272 2.0277671086814982e-17
5500.691304306309 2.160836790073225e-17
5502.743018974345 2.139783277092006e-17
5504.794733642382 2.2012355380361106e-17
5506.846448310419 2.158794135363641e-17
5508.898162978456 2.188102229078037e-17
5510.949877646492 2.1929745993059263e-17
5513.001592314529 2.2141295247850293e-17
5515.053306982565 2.206757895213078e-17
5517.105021650603 2.0724447048944278e-17
5519.156736318639 2.397430466937031e-17
5521.208450986675 2.4900380015498773e-17
5523.260165654712 2.395401553780376e-17
5525.311880322749 2.470194304067145e-17
5527.363594990786 2.48421777787786e-17
5529.4153096588225 2.5987101840796494e-17
5531.467024326859 2.575222844032568e-17
5533.518738994896 2.5835351195366286e-17
5535.570453662933 2.6841088001899304e-17
5537.6221683309695 2.5750904411540382e-17
5539.673882999006 2.766591396435917e-17
5541.725597667043 2.6345216269631378e-17
5543.77731233508 2.4695349229426806e-17
5545.829027003117 2.7256160779243106e-17
5547.880741671153 2.7971188015041495e-17
5549.932456339189 2.864599458536425e-17
5551.984171007227 2.8027392546188987e-17
5554.035885675263 2.8412463513575566e-17
5556.0876003432995 3.0504583746457315e-17
5558.139315011336 3.007931289668532e-17
5560.191029679373 3.030801564196558e-17
5562.24274434741 3.011686081880614e-17
5564.294459015447 3.1442318999075405e-17
5566.346173683483 3.0304643328234145e-17
5568.39788835152 3.836231235907064e-17
5570.449603019557 -2.7666495511489442e-18
5572.501317687594 2.7306545856104475e-17
5574.55303235563 3.2133771505749035e-17
5576.604747023667 2.2555693723761968e-17
5578.656461691704 2.7185690327463065e-17
5580.708176359741 6.295985366296444e-17
5582.7598910277775 8.215367974630411e-17
5584.811605695813 4.36828307229397e-17
5586.863320363851 3.192082783826512e-17
5588.915035031887 3.078970619370468e-17
5590.966749699925 2.99730419927005e-17
5593.01846436796 2.938670499750311e-17
5595.070179035997 2.763429765340735e-17
5597.121893704034 2.762561843034733e-17
5599.173608372071 2.787476427814962e-17
5601.2253230401075 2.671607589882934e-17
5603.277037708144 2.790294556923795e-17
5605.328752376181 2.5774515917612636e-17
5607.380467044218 2.5658021581000442e-17
5609.4321817122545 2.5702247813257497e-17
5611.483896380291 2.6508763877542704e-17
5613.535611048328 2.5021649116313262e-17
5615.587325716365 2.5003239639152418e-17
5617.639040384402 2.3194743154150235e-17
5619.690755052438 2.219983763189113e-17
5621.742469720475 2.4365762223685618e-17
5623.794184388511 2.3256507602555672e-17
5625.845899056549 2.1344533573340538e-17
5627.8976137245845 2.307269422167195e-17
5629.949328392622 2.4154983890739655e-17
5632.001043060658 2.2701734505909057e-17
5634.052757728695 2.206872827785205e-17
5636.104472396732 2.3111520760675693e-17
5638.156187064768 2.335358260842158e-17
5640.207901732805 2.2618752386068546e-17
5642.259616400842 2.1946124579506787e-17
5644.311331068879 2.096297208185659e-17
5646.363045736915 2.259969427817495e-17
5648.414760404952 2.2170151632370183e-17
5650.466475072989 2.0929809097688594e-17
5652.518189741026 2.0080235515702097e-17
5654.569904409062 2.0619025180575542e-17
5656.621619077099 1.9883687137315496e-17
5658.673333745135 2.232004710812364e-17
5660.725048413173 2.223069841610349e-17
5662.776763081209 2.2921323771463325e-17
5664.828477749246 2.2777426050973625e-17
5666.880192417282 2.242933052878779e-17
5668.93190708532 2.1495892639023846e-17
5670.983621753356 2.1608125080734617e-17
5673.0353364213925 2.2052322659747686e-17
5675.087051089429 2.1990233338808452e-17
5677.138765757466 2.1359385259792893e-17
5679.190480425503 2.0421395494463216e-17
5681.2421950935395 2.0692114282383356e-17
5683.293909761576 2.1218499092186095e-17
5685.345624429613 2.2103550292706604e-17
5687.39733909765 2.0569084992904183e-17
5689.449053765687 2.1769379898175312e-17
5691.500768433723 1.961710201468736e-17
5693.552483101759 2.003723986933574e-17
5695.604197769797 2.0740466764128898e-17
5697.655912437833 2.123016360819753e-17
5699.70762710587 1.9756752662431818e-17
5701.759341773906 2.0605860804317467e-17
5703.811056441944 2.1502105246474618e-17
5705.86277110998 2.072264072522042e-17
5707.9144857780175 2.0865562196706347e-17
5709.966200446053 2.100692739282571e-17
5712.01791511409 2.1513752813495098e-17
5714.069629782127 2.1981129053591818e-17
5716.121344450164 2.1220240094119207e-17
5718.1730591182 2.0640612527895683e-17
5720.224773786237 2.0080719536934674e-17
5722.276488454274 1.9549560576539076e-17
5724.328203122311 2.0356956536266004e-17
5726.3799177903475 2.0133143237079297e-17
5728.431632458383 1.9352627003335304e-17
5730.483347126421 2.1043192939616708e-17
5732.535061794457 2.0590539149636378e-17
5734.5867764624945 2.121186169166409e-17
5736.63849113053 2.1016831234679617e-17
5738.690205798568 1.897310935040342e-17
5740.741920466604 2.0066263898351068e-17
5742.793635134642 1.9685047425071745e-17
5744.845349802677 1.8145657551083805e-17
5746.897064470714 1.9482766460727895e-17
5748.948779138751 2.0526104603922026e-17
5751.000493806788 1.9302967581377387e-17
5753.0522084748245 1.88951454051015e-17
5755.103923142861 1.9785122807878807e-17
5757.155637810898 2.038979364143558e-17
5759.207352478935 2.0315516339164532e-17
5761.259067146972 2.0130487896331726e-17
5763.310781815008 2.0862412357189104e-17
5765.362496483045 2.0219784228636656e-17
5767.414211151081 1.8330969184756743e-17
5769.465925819119 1.9936522822473806e-17
5771.5176404871545 1.990848949315434e-17
5773.569355155192 2.1134190712947568e-17
5775.621069823228 2.152934354680186e-17
5777.672784491266 2.1694339416853523e-17
5779.724499159302 2.0007345406289477e-17
5781.776213827339 2.0316198833737246e-17
5783.827928495375 2.0447585211371722e-17
5785.879643163412 2.0091746086360805e-17
5787.931357831449 2.049771990141349e-17
5789.983072499485 1.962869168104591e-17
5792.034787167522 2.0156377651513916e-17
5794.086501835559 2.026061845169561e-17
5796.138216503596 1.905967871719148e-17
5798.189931171632 2.0683761039916953e-17
5800.241645839669 1.9166291040900077e-17
5802.293360507705 2.073105492184616e-17
5804.345075175743 2.119361760623003e-17
5806.396789843779 2.0063724677499346e-17
5808.448504511816 1.9590155692084954e-17
5810.500219179852 2.0342163276965672e-17
5812.55193384789 1.8943977591137028e-17
5814.603648515926 2.1183347981674344e-17
5816.655363183963 2.137572051318705e-17
5818.707077851999 1.9858750716754798e-17
5820.758792520036 2.028239483024813e-17
5822.810507188073 2.047771597454878e-17
5824.8622218561095 2.0812952894692605e-17
5826.913936524146 2.1234219943509754e-17
5828.965651192183 1.914893085626649e-17
5831.01736586022 1.6295276292574698e-17
5833.069080528257 1.5182804499102178e-17
5835.120795196293 1.5396614828835608e-17
5837.17250986433 1.62681053771546e-17
5839.224224532367 1.8600307643101288e-17
5841.275939200403 2.0354256035511843e-17
5843.32765386844 2.035950335482223e-17
5845.379368536476 1.8625396780830635e-17
5847.431083204514 2.113329803847438e-17
5849.48279787255 2.0610033341601977e-17
5851.5345125405875 2.0153510784226074e-17
5853.586227208623 2.110385418297184e-17
5855.637941876661 1.9049121700205277e-17
5857.689656544697 1.9223350990257343e-17
5859.741371212734 2.0294647482945256e-17
5861.79308588077 2.0237940390531644e-17
5863.844800548807 2.1689418750057067e-17
5865.896515216844 2.079858243106132e-17
5867.948229884881 2.0613920717251327e-17
5869.999944552917 1.8967200165249577e-17
5872.051659220954 2.007833346035247e-17
5874.103373888991 2.1187161971541246e-17
5876.155088557028 1.9488577601497066e-17
5878.2068032250645 2.005175629182913e-17
5880.2585178931 2.038650127390533e-17
5882.310232561138 1.9226668991562952e-17
5884.361947229174 2.0907050094673174e-17
5886.413661897212 1.8834532915381513e-17
5888.465376565247 1.7612185423721923e-17
5890.517091233285 1.8304266156606504e-17
5892.568805901321 1.7597041100698747e-17
5894.620520569359 1.892407163779933e-17
5896.6722352373945 1.9469277008828696e-17
5898.723949905431 1.802664155345233e-17
5900.775664573468 1.822007474568899e-17
5902.827379241505 1.9961490648764125e-17
5904.879093909542 2.1094098233732864e-17
5906.930808577578 2.199553995319723e-17
5908.982523245615 2.126007461322322e-17
5911.034237913652 2.020401259222449e-17
5913.085952581689 2.0943451385953357e-17
5915.1376672497245 1.9391519984553576e-17
5917.189381917762 1.8835828392429456e-17
5919.241096585798 1.8883909273033457e-17
5921.292811253836 1.893836204649095e-17
5923.3445259218715 1.9527272148589798e-17
5925.396240589909 1.91855291221993e-17
5927.447955257945 1.980017527950309e-17
5929.499669925983 2.0529125997652e-17
5931.551384594019 1.872226457037823e-17
5933.603099262055 1.8701986736244242e-17
5935.654813930092 2.0321584737253853e-17
5937.706528598129 1.975711617938723e-17
5939.758243266166 2.034527249764904e-17
5941.809957934202 1.896040155563948e-17
5943.861672602239 1.9382569322327224e-17
5945.913387270276 1.9201327517828023e-17
5947.965101938313 1.9706395326867203e-17
5950.0168166063495 1.9771618662838488e-17
5952.068531274386 1.972295978696515e-17
5954.120245942422 1.9297897281263514e-17
5956.17196061046 1.809221919452263e-17
5958.223675278496 1.9387119792536987e-17
5960.275389946533 1.956868131867352e-17
5962.327104614569 1.934303517540189e-17
5964.378819282607 1.8867649707249666e-17
5966.430533950643 1.8500834086156006e-17
5968.48224861868 2.1015974151960566e-17
5970.533963286716 1.8957621272880563e-17
5972.585677954753 1.9296964244938227e-17
5974.63739262279 1.8455375687300425e-17
5976.6891072908265 1.921695275506043e-17
5978.740821958863 2.0097767342681396e-17
5980.7925366269 1.8825824968395846e-17
5982.844251294937 1.8546327539280632e-17
5984.895965962974 1.7986487187618984e-17
5986.94768063101 1.765656544495261e-17
5988.999395299046 1.9278778797407786e-17
5991.051109967084 1.823933399161981e-17
5993.10282463512 1.988888584723495e-17
5995.154539303157 2.0717111240660556e-17
5997.206253971193 1.8735566456494003e-17
5999.257968639231 1.8990780757620552e-17
6001.309683307267 1.9020014010572614e-17
6003.3613979753045 1.897775962126339e-17
6005.41311264334 2.060505775830025e-17
6007.464827311377 1.9033118264889583e-17
6009.516541979414 1.6668349720465884e-17
6011.568256647451 1.7053293337437696e-17
6013.619971315487 1.8110182541846955e-17
6015.671685983524 1.9230862757271788e-17
6017.723400651561 1.8610989564773824e-17
6019.775115319598 1.9290521773589188e-17
6021.8268299876345 1.774231958883329e-17
6023.878544655671 1.7836036068661905e-17
6025.930259323708 1.9724037074169935e-17
6027.981973991744 1.834931992745133e-17
6030.033688659782 1.8441778568335497e-17
6032.085403327817 1.9273850704385295e-17
6034.137117995855 1.8269734616742613e-17
6036.188832663891 1.8991727165152096e-17
6038.240547331929 2.0609082926431088e-17
6040.2922619999645 2.024833711647288e-17
6042.343976668002 1.9610204057283827e-17
6044.395691336038 1.9055936663910485e-17
6046.447406004075 1.9344169321921613e-17
6048.4991206721115 1.908376674154758e-17
6050.550835340148 1.863586387820408e-17
6052.602550008185 1.7362755337594072e-17
6054.654264676222 1.8794634747645104e-17
6056.705979344259 1.781626532811447e-17
6058.757694012295 1.7159151515437627e-17
6060.809408680332 1.830220315742114e-17
6062.861123348368 1.9014111896496976e-17
6064.912838016406 1.7333736674249763e-17
6066.9645526844415 1.6557630559665094e-17
6069.016267352479 1.8587076193480976e-17
6071.067982020515 1.8756036102453488e-17
6073.119696688553 1.913212357470712e-17
6075.171411356589 1.903609482688938e-17
6077.223126024626 1.8188443364274584e-17
6079.274840692662 1.8329773634753142e-17
6081.326555360699 1.78750276661219e-17
6083.378270028736 1.7593667749845304e-17
6085.429984696772 1.8798917588598807e-17
6087.481699364809 1.9704459741240955e-17
6089.533414032846 1.9054972194495472e-17
6091.585128700883 1.847797858227416e-17
6093.6368433689195 1.9058716794854735e-17
6095.688558036956 1.9591933172323357e-17
6097.740272704993 1.9259562829753506e-17
6099.79198737303 1.871358829076364e-17
6101.843702041066 1.8449361174406415e-17
6103.895416709103 1.8368816763010293e-17
6105.947131377139 1.6817259235277895e-17
6107.998846045177 1.8297874355880295e-17
6110.050560713213 1.8003901529667646e-17
6112.10227538125 1.705742624173491e-17
6114.153990049286 1.7252527779786e-17
6116.205704717324 1.8354491678174055e-17
6118.25741938536 1.9239976527405492e-17
6120.3091340533965 1.8286455345194477e-17
6122.360848721433 1.733844128551059e-17
6124.41256338947 1.8054880316711804e-17
6126.464278057507 1.8835082324107067e-17
6128.515992725544 1.9205438683634276e-17
6130.56770739358 1.8662897124098087e-17
6132.619422061617 1.8012083161205313e-17
6134.671136729654 1.8671560811366207e-17
6136.72285139769 1.7561401858874798e-17
6138.774566065727 1.872307712136283e-17
6140.826280733763 1.782341206384176e-17
6142.877995401801 1.60072096861163e-17
6144.929710069837 1.8433946696814258e-17
6146.9814247378745 1.938231562655361e-17
6149.03313940591 1.9428952941645183e-17
6151.084854073948 1.9146906200103984e-17
6153.136568741984 1.8739669711642445e-17
6155.1882834100215 1.8957232951741718e-17
6157.239998078057 1.9108014916192127e-17
6159.291712746094 1.8827641922389203e-17
6161.343427414131 1.873815791689404e-17
6163.395142082168 1.8095211393068936e-17
6165.4468567502045 1.8068667308214586e-17
6167.498571418241 1.7587688038391898e-17
6169.550286086278 1.7586745338682368e-17
6171.602000754315 1.9124686359808416e-17
6173.6537154223515 1.8098780229747744e-17
6175.705430090387 1.867028187335778e-17
6177.757144758425 1.9033837755985053e-17
6179.808859426461 1.87939172229999e-17
6181.860574094499 1.800570043405455e-17
6183.912288762534 1.946454207084988e-17
6185.964003430572 1.9196494273145813e-17
6188.015718098608 1.8450081914584695e-17
6190.067432766646 1.939411511778072e-17
6192.1191474346815 1.8825692078178557e-17
6194.170862102718 1.7886005202726607e-17
6196.222576770755 1.97153184255887e-17
6198.274291438792 2.0837814174168064e-17
6200.326006106829 2.018835094235741e-17
6202.377720774865 1.7005955580188604e-17
6204.429435442902 1.8276955823733556e-17
6206.481150110939 2.0162732861446217e-17
6208.532864778976 1.9674683240740198e-17
6210.584579447012 1.8522574964013264e-17
6212.636294115049 1.843739363295691e-17
6214.688008783085 1.9248213883761045e-17
6216.739723451123 1.8337163526951497e-17
6218.791438119159 1.768341166794965e-17
6220.843152787196 1.9673532949148073e-17
6222.894867455232 1.8936303663054918e-17
6224.94658212327 1.9317264210474268e-17
6226.998296791306 1.8652588257568526e-17
6229.050011459343 1.884415703133724e-17
6231.101726127379 1.9671026861168366e-17
6233.153440795416 1.882231950175836e-17
6235.205155463453 1.7964453492270818e-17
6237.256870131489 1.897152393137913e-17
6239.308584799526 1.9594466210675184e-17
6241.360299467563 1.832065316255535e-17
6243.4120141356 1.7999369028162006e-17
6245.4637288036365 1.86343916485767e-17
6247.515443471673 1.737364507369041e-17
6249.567158139709 1.9558199092996538e-17
6251.618872807747 1.9078615946587406e-17
6253.670587475783 1.927941109393078e-17
6255.72230214382 1.8133365900404848e-17
6257.774016811856 1.749232761040273e-17
6259.825731479894 1.7506733878088315e-17
6261.87744614793 1.7727679541576456e-17
6263.929160815967 1.831593716919743e-17
6265.980875484003 1.8416961200241992e-17
6268.03259015204 1.833524313986378e-17
6270.084304820077 1.778565258127487e-17
6272.136019488114 1.7433051515642833e-17
6274.18773415615 1.7303929078408225e-17
6276.239448824187 1.7847882828323288e-17
6278.291163492224 1.6780169381294967e-17
6280.342878160261 1.6422605446851434e-17
6282.394592828297 1.83192823183901e-17
6284.446307496334 1.8456388265778018e-17
6286.498022164371 1.7435131869217805e-17
6288.549736832407 1.8411258280667526e-17
6290.601451500444 1.8906207552830225e-17
6292.65316616848 1.8429154090407094e-17
6294.704880836518 1.7177089282464505e-17
6296.756595504554 1.7394895096456094e-17
6298.8083101725915 1.9396214355416228e-17
6300.860024840627 1.6665792990560618e-17
6302.911739508665 1.730950048819258e-17
6304.963454176701 1.9328106714181842e-17
6307.015168844738 1.8874623504896407e-17
6309.066883512774 1.8191791431728812e-17
6311.118598180811 1.823865757456166e-17
6313.170312848848 1.9665750399862988e-17
6315.222027516885 2.025730744301292e-17
6317.2737421849215 1.8800560291080417e-17
6319.325456852958 1.8943624571156902e-17
6321.377171520995 1.814153927148787e-17
6323.428886189031 1.8068794992688672e-17
6325.480600857069 1.89307447847248e-17
6327.532315525104 1.9307241378149283e-17
6329.584030193142 1.9419182879675564e-17
6331.635744861178 1.898422925149396e-17
6333.687459529216 1.87845769502599e-17
6335.7391741972515 2.0032063933369935e-17
6337.790888865289 1.953089863768415e-17
6339.842603533325 1.9189521096873403e-17
6341.894318201362 1.9160098848879447e-17
6343.946032869399 1.8926653356153707e-17
6345.997747537435 1.966196606433001e-17
6348.049462205472 1.9211401169279656e-17
6350.101176873509 1.9259818095043703e-17
6352.152891541546 2.049056766243699e-17
6354.204606209582 2.0251718486310298e-17
6356.256320877619 1.8753068195481202e-17
6358.308035545656 1.790884583210315e-17
6360.359750213693 1.8100860229712373e-17
6362.4114648817285 1.7585776722727383e-17
6364.463179549766 1.8435395645590176e-17
6366.514894217802 1.766281418240085e-17
6368.56660888584 1.8505666023309505e-17
6370.618323553876 1.828516911281913e-17
6372.670038221913 1.757285428677449e-17
6374.721752889949 1.9325467765319632e-17
6376.773467557987 2.020648042247572e-17
6378.825182226023 1.8288152504885407e-17
6380.876896894059 1.6801733282740573e-17
6382.928611562096 1.7038939258143845e-17
6384.980326230133 1.863579997742255e-17
6387.03204089817 1.968764358213593e-17
6389.0837555662065 1.911556811250876e-17
6391.135470234243 1.92648572007237e-17
6393.18718490228 1.9580979193934795e-17
6395.238899570317 1.9649410645876564e-17
6397.290614238353 1.9967395804442407e-17
6399.34232890639 1.9140473825744812e-17
6401.394043574426 1.8073790447817282e-17
6403.445758242464 1.9076314877902427e-17
6405.4974729105 1.925551522379758e-17
6407.549187578537 1.659464806915804e-17
6409.600902246573 1.6483251423536468e-17
6411.652616914611 1.6427332508197604e-17
6413.704331582647 1.7606785464925322e-17
6415.7560462506835 1.8648785940217248e-17
6417.80776091872 1.914488272956519e-17
6419.859475586757 1.916809563651584e-17
6421.911190254794 1.6176790320361683e-17
6423.962904922831 1.727956849033415e-17
6426.014619590867 1.7522823682000636e-17
6428.066334258904 1.799111169662921e-17
6430.118048926941 1.7578683104421568e-17
6432.169763594978 1.797724457453167e-17
6434.221478263014 1.8269943465794962e-17
6436.27319293105 1.804671647970556e-17
6438.324907599088 1.9013253875623217e-17
6440.376622267124 1.936746156773418e-17
6442.4283369351615 1.831823626975935e-17
6444.480051603197 1.9615699620938493e-17
6446.531766271235 1.839081061281192e-17
6448.583480939271 1.7913180079963014e-17
6450.635195607309 1.8932904024777964e-17
6452.686910275344 1.8432737593377683e-17
6454.738624943381 1.7455647997276836e-17
6456.790339611418 1.78456310289826e-17
6458.842054279455 1.7994781383668995e-17
6460.8937689474915 1.8377667855400194e-17
6462.945483615528 1.9224588956145382e-17
6464.997198283565 1.7133758143356314e-17
6467.048912951602 1.808755802713911e-17
6469.1006276196385 1.718836612607735e-17
6471.152342287675 1.7096417322218215e-17
6473.204056955712 1.738723851840955e-17
6475.255771623748 1.7912242440310354e-17
6477.307486291786 1.6505760988022096e-17
6479.3592009598215 1.5578646499106203e-17
6481.410915627859 1.7874297866735048e-17
6483.462630295895 1.8815491006238943e-17
6485.514344963933 1.7777646508912113e-17
6487.5660596319685 1.6475484441884972e-17
6489.617774300006 1.787245125534716e-17
6491.669488968042 1.8098460354233682e-17
6493.721203636079 1.8235039091319546e-17
6495.772918304116 1.7752359095742903e-17
6497.824632972152 1.6883731123174545e-17
6499.876347640189 1.6226745481196947e-17
6501.928062308226 1.706706074181961e-17
6503.979776976263 1.9689446828384616e-17
6506.031491644299 1.8506541161556876e-17
6508.083206312336 1.739958850033571e-17
6510.134920980372 1.8860031257225942e-17
6512.18663564841 1.7053904505699532e-17
6514.238350316446 1.7129901837541796e-17
6516.290064984483 1.6386875661063308e-17
6518.341779652519 1.6381201796838272e-17
6520.393494320557 1.8157537328270052e-17
6522.445208988593 1.7503222414330692e-17
6524.49692365663 1.7820591408056215e-17
6526.548638324666 1.8186779465229676e-17
6528.600352992703 1.8979709748730464e-17
6530.65206766074 1.9118086011623148e-17
6532.7037823287765 1.6892762640175742e-17
6534.755496996813 1.6106063765232354e-17
6536.80721166485 1.6185930405007716e-17
6538.858926332887 1.4726275100792373e-17
6540.9106410009235 1.3753172872572931e-17
6542.96235566896 1.4244109290419817e-17
6545.014070336997 1.472066744984039e-17
6547.065785005034 1.7266857079878258e-17
6549.11749967307 1.8376584757091547e-17
6551.169214341107 1.7245024029764274e-17
6553.220929009143 1.850221472227989e-17
6555.272643677181 1.717530760749573e-17
6557.324358345217 1.772041870262457e-17
6559.376073013254 1.8792278062543203e-17
6561.42778768129 1.6080883832614936e-17
6563.479502349328 1.686582113464318e-17
6565.531217017364 1.6913186374139774e-17
6567.582931685401 1.7973530824321548e-17
6569.634646353437 1.5426722836217177e-17
6571.686361021474 1.5970239559064324e-17
6573.738075689511 1.6773572427921385e-17
6575.789790357548 1.7030147084834626e-17
6577.841505025584 1.791691146958949e-17
6579.893219693621 1.8578801798138713e-17
6581.944934361658 1.8368354090001337e-17
6583.996649029694 1.7050092667703705e-17
6586.0483636977315 1.7196012916636275e-17
6588.100078365767 1.7377932931589688e-17
6590.151793033805 1.7228482202388228e-17
6592.203507701841 1.8102385680149894e-17
6594.2552223698785 1.8693570681810927e-17
6596.306937037914 1.7738779883840377e-17
6598.358651705952 1.6914871459403264e-17
6600.410366373988 1.724754796634458e-17
6602.462081042025 1.7561085359792036e-17
6604.5137957100615 1.8021540010594317e-17
6606.565510378098 1.7862404039840772e-17
6608.617225046135 1.6423823306418708e-17
6610.668939714172 1.613915156289077e-17
6612.7206543822085 1.7219992948681764e-17
6614.772369050245 1.8283044971688076e-17
6616.824083718282 1.920821635474798e-17
6618.875798386319 1.858601595311753e-17
6620.927513054356 1.7306882107462717e-17
6622.979227722391 1.917897045087553e-17
6625.030942390429 1.8091813025031983e-17
6627.082657058465 1.848694244767763e-17
6629.134371726503 1.7514652336497072e-17
6631.1860863945385 1.7312625246788817e-17
6633.237801062576 1.7351597313810695e-17
6635.289515730612 1.5757810942477058e-17
6637.34123039865 1.5551728855182336e-17
6639.392945066686 1.6913761452162405e-17
6641.444659734722 1.6555846770340077e-17
6643.496374402759 1.8870147897672255e-17
6645.548089070796 1.8127028797935478e-17
6647.599803738833 1.882506256480812e-17
6649.651518406869 1.871533692243299e-17
6651.703233074906 1.715651564167011e-17
6653.754947742943 1.5909779857008963e-17
6655.80666241098 1.5270603016413338e-17
6657.858377079016 1.513722271034755e-17
6659.910091747053 1.678386866802206e-17
6661.961806415089 1.9694751891079022e-17
6664.013521083127 1.702187804744542e-17
6666.065235751163 1.7456941828301853e-17
6668.1169504192 1.8465980392011994e-17
6670.168665087236 1.8401570317033755e-17
6672.220379755274 1.792164154915499e-17
6674.27209442331 1.82980691799905e-17
6676.323809091346 1.917777581575163e-17
6678.375523759383 1.8578420613521315e-17
6680.42723842742 1.9015688641695368e-17
6682.478953095457 1.8736572205770886e-17
6684.5306677634935 1.9924924805531923e-17
6686.58238243153 1.9389158828337074e-17
6688.634097099567 1.9492738270582416e-17
6690.685811767604 2.0652972229826595e-17
6692.737526435641 2.065032625639316e-17
6694.789241103677 2.016485946420722e-17
6696.840955771713 1.9908341559492516e-17
6698.892670439751 1.9193152249564525e-17
6700.944385107787 1.9114547526692836e-17
6702.996099775824 2.0535387678991694e-17
6705.04781444386 2.0079637317628943e-17
6707.099529111898 2.0092344071499233e-17
6709.151243779934 2.01555788169387e-17
6711.2029584479715 1.9071880409797948e-17
6713.254673116007 1.9152590549386375e-17
6715.306387784044 1.9604517955474658e-17
6717.358102452081 1.8420135791803085e-17
6719.409817120118 1.9125290979278415e-17
6721.461531788154 1.8860618677975483e-17
6723.513246456191 1.93031289568892e-17
6725.564961124228 2.0213675324111663e-17
6727.616675792265 2.04673682510555e-17
6729.668390460301 1.953779884854228e-17
6731.720105128337 1.8656850968072185e-17
6733.771819796375 1.9426584625687744e-17
6735.823534464411 1.9090918149910502e-17
6737.8752491324485 1.9023792141834473e-17
6739.926963800484 1.8831963633404195e-17
6741.978678468522 1.8246539496543163e-17
6744.030393136558 1.9219729009967143e-17
6746.082107804596 1.9368542675097623e-17
6748.133822472631 1.8163415715475348e-17
6750.185537140668 1.882607906258185e-17
6752.237251808705 1.934293429093721e-17
6754.288966476742 1.8133625619831958e-17
6756.3406811447785 1.8903483950573208e-17
6758.392395812815 1.9070833399902565e-17
6760.444110480852 1.9350313115111732e-17
6762.495825148889 1.9817486409838794e-17
6764.547539816926 2.052836503110559e-17
6766.599254484962 2.0035576968090443e-17
6768.650969152999 1.8595161545917246e-17
6770.702683821035 1.9812356094308162e-17
6772.754398489073 1.879135077446763e-17
6774.8061131571085 1.8755974098157523e-17
6776.857827825146 1.913772365576996e-17
6778.909542493182 1.998228306499918e-17
6780.96125716122 2.037782989403821e-17
6783.012971829256 1.9190026505878922e-17
6785.064686497293 1.8996381175962636e-17
6787.116401165329 2.0830481819268937e-17
6789.168115833366 2.0353865744818497e-17
6791.219830501403 1.9949655886079787e-17
6793.271545169439 1.8986965181550984e-17
6795.323259837476 1.944554022214488e-17
6797.374974505513 2.1295838958936368e-17
6799.42668917355 2.1080412864841342e-17
6801.478403841586 1.9492753882776082e-17
6803.530118509623 1.9938759526607176e-17
6805.58183317766 2.105587227705403e-17
6807.633547845697 2.105306612001339e-17
6809.685262513733 2.1462437802941166e-17
6811.73697718177 2.0944171502774665e-17
6813.788691849806 2.040776704347547e-17
6815.840406517844 2.079546987170798e-17
6817.89212118588 2.1231929172473783e-17
6819.943835853917 2.0913984124428617e-17
6821.995550521953 2.061699552113566e-17
6824.047265189991 2.110207544839818e-17
6826.098979858027 2.1378803156594257e-17
6828.1506945260635 2.0970569607460158e-17
6830.2024091941 2.0084274418310444e-17
6832.254123862137 2.1079058115911653e-17
6834.305838530174 2.147941633514724e-17
6836.357553198211 2.0998512361450192e-17
6838.409267866247 2.1142003176017447e-17
6840.460982534284 2.1068187608163664e-17
6842.512697202321 2.2375223115264994e-17
6844.564411870357 2.1082310853819165e-17
6846.616126538394 2.0861598199456082e-17
6848.66784120643 2.0398561978203997e-17
6850.719555874468 2.0637938000536706e-17
6852.771270542504 2.0071595756859695e-17
6854.822985210541 2.0013812559648918e-17
6856.874699878577 2.1744086327467682e-17
6858.926414546615 2.0390700219363073e-17
6860.978129214651 2.132831522223754e-17
6863.029843882688 2.0764431264162858e-17
6865.081558550724 1.8872248912678952e-17
6867.133273218761 1.7688305010416453e-17
6869.184987886798 1.6074470771864704e-17
6871.236702554835 1.4430846518129523e-17
6873.288417222871 1.4317387668433303e-17
6875.340131890908 1.5155925397887928e-17
6877.391846558945 1.645874323815871e-17
6879.443561226982 1.5730019195976114e-17
6881.4952758950185 1.763797000579256e-17
6883.546990563054 1.852834519819262e-17
6885.598705231092 1.6769850478827213e-17
6887.650419899128 1.6307106914019045e-17
6889.702134567166 1.7000826462806003e-17
6891.753849235201 1.5661197358190578e-17
6893.805563903239 1.5127092996536934e-17
6895.857278571275 1.692112108945965e-17
6897.908993239313 1.642581741850006e-17
6899.9607079073485 1.7392435780400433e-17
6902.012422575385 1.8334953036615013e-17
6904.064137243422 1.7894797634581703e-17
6906.115851911459 1.69957599738522e-17
6908.1675665794955 1.6860999524178377e-17
6910.219281247532 1.8011782420283687e-17
6912.270995915569 1.7565906706552533e-17
6914.322710583606 1.7805053545435712e-17
6916.374425251643 1.9056079753073898e-17
6918.4261399196785 1.812153803716361e-17
6920.477854587716 1.772739004337728e-17
6922.529569255752 1.811015283446374e-17
6924.58128392379 1.75435415410838e-17
6926.6329985918255 1.7333142837538843e-17
6928.684713259863 1.610972923657578e-17
6930.736427927899 1.691727200371239e-17
6932.788142595937 1.7639882943523348e-17
6934.839857263973 1.7119683598885644e-17
6936.891571932009 1.6789599738012504e-17
6938.943286600046 1.7587848340312086e-17
6940.995001268083 1.782457916570384e-17
6943.04671593612 1.6180553826228323e-17
6945.098430604156 1.5295610067452142e-17
6947.150145272193 1.679592193828054e-17
6949.20185994023 1.5833531307202004e-17
6951.253574608267 1.5947281502592943e-17
6953.3052892763035 1.6314265077558363e-17
6955.35700394434 1.6728203500064755e-17
6957.408718612376 1.756045110879446e-17
6959.460433280414 1.7097027903363414e-17
6961.51214794845 1.62403679469614e-17
6963.563862616487 1.6398026707777607e-17
6965.615577284523 1.6428823030311638e-17
6967.667291952561 1.7305474381190983e-17
6969.719006620597 1.684302005225489e-17
6971.770721288634 1.6737851635003226e-17
6973.82243595667 1.7390552147386654e-17
6975.874150624707 1.6462006583024188e-17
6977.925865292744 1.581226113982631e-17
6979.9775799607805 1.6468770960229753e-17
6982.029294628817 1.630650631105258e-17
6984.081009296854 1.660906752297842e-17
6986.132723964891 1.679517203286391e-17
6988.184438632928 1.608204043601055e-17
6990.236153300964 1.594663099041893e-17
6992.287867969 1.5973963755842235e-17
6994.339582637038 1.4879091972139837e-17
6996.391297305074 1.583470700031335e-17
6998.443011973111 1.5766245333006223e-17
7000.494726641147 1.4846874992062108e-17
7002.546441309185 1.5045512211200272e-17
7004.598155977221 1.5235702490103234e-17
7006.6498706452585 1.517481962315628e-17
7008.701585313294 1.508256508206347e-17
7010.753299981331 1.4313740189672958e-17
7012.805014649368 1.5060931532420814e-17
7014.856729317405 1.6014464187889956e-17
7016.908443985441 1.5635966178348392e-17
7018.960158653478 1.4368332973925878e-17
7021.011873321515 1.4118029812577412e-17
7023.063587989552 1.4641770274332892e-17
7025.1153026575885 1.4744712580508102e-17
7027.167017325625 1.4990042495455917e-17
7029.218731993662 1.5539708347894466e-17
7031.270446661698 1.540605184248633e-17
7033.3221613297355 1.4333098805443415e-17
7035.373875997771 1.5591614239303568e-17
7037.425590665809 1.5579134931788884e-17
7039.477305333845 1.421746936440172e-17
7041.529020001883 1.4967576372128295e-17
7043.5807346699185 1.5867687062693977e-17
7045.632449337956 1.53415338898403e-17
7047.684164005992 1.410761747330179e-17
7049.735878674029 1.483857915913833e-17
7051.7875933420655 1.4397629973376584e-17
7053.839308010102 1.334950553925921e-17
7055.891022678139 1.3979965546399275e-17
7057.942737346176 1.5136234201245187e-17
7059.994452014213 1.5261183216905217e-17
7062.046166682249 1.5255546176802907e-17
7064.097881350286 1.5304831483356925e-17
7066.149596018323 1.468672489992669e-17
7068.20131068636 1.4112522409765925e-17
7070.2530253543955 1.3941832459068055e-17
7072.304740022433 1.4215631387915604e-17
7074.356454690469 1.4322180150008175e-17
7076.408169358507 1.409072058749618e-17
7078.459884026543 1.48601388141583e-17
7080.51159869458 1.4219034737422718e-17
7082.563313362616 1.401838853825994e-17
7084.615028030654 1.3869404155103636e-17
7086.66674269869 1.4137594632714487e-17
7088.718457366726 1.4937495260040704e-17
7090.770172034763 1.4371758153397514e-17
7092.8218867028 1.283737074870599e-17
7094.873601370837 1.3550571210446277e-17
7096.9253160388735 1.3538900178975985e-17
7098.97703070691 1.4170000068081024e-17
7101.028745374947 1.408500512902229e-17
7103.080460042984 1.4297976085755027e-17
7105.13217471102 1.4819041169801004e-17
7107.183889379057 1.411300862711652e-17
7109.235604047093 1.3699635690568577e-17
7111.287318715131 1.3751356202250071e-17
7113.339033383167 1.3181223935118547e-17
7115.390748051204 1.396026711868746e-17
7117.44246271924 1.4340242323090342e-17
7119.494177387278 1.405270179435389e-17
7121.545892055314 1.4435713129135793e-17
7123.5976067233505 1.42945673724004e-17
7125.649321391387 1.3161762533141747e-17
7127.701036059424 1.429948050192608e-17
7129.752750727461 1.4270092314210633e-17
7131.804465395498 1.3895286221152648e-17
7133.856180063534 1.3503993221417601e-17
7135.907894731571 1.3481001932647533e-17
7137.959609399608 1.3709317242178738e-17
7140.011324067645 1.374081326309812e-17
7142.063038735681 1.4172044836062898e-17
7144.114753403717 1.350321226885227e-17
7146.166468071755 1.3459423613654587e-17
7148.218182739791 1.3334985538230751e-17
7150.2698974078285 1.3442280635063343e-17
7152.321612075864 1.3652985525685263e-17
7154.373326743902 1.3926404727545257e-17
7156.425041411938 1.4274055039193056e-17
7158.4767560799755 1.3121906612413342e-17
7160.528470748011 1.2827338134332667e-17
7162.580185416048 1.3394997467797154e-17
7164.631900084085 1.261201291387767e-17
7166.683614752122 1.2014620898597591e-17
7168.735329420158 1.2533767960762269e-17
7170.787044088195 1.1990457562063183e-17
7172.838758756232 1.0747061443346916e-17
7174.890473424269 1.1910391604896386e-17
7176.9421880923055 1.2211616174932586e-17
7178.993902760341 1.0881497227737019e-17
7181.045617428379 1.1340658881423624e-17
7183.097332096415 1.171516706146657e-17
7185.149046764453 1.0601147584855418e-17
7187.200761432488 1.011898196615069e-17
7189.252476100526 1.0528772252536295e-17
7191.304190768562 1.2085630556938052e-17
7193.3559054366 1.0330299688119313e-17
7195.4076201046355 9.805798383583355e-18
7197.459334772672 1.062918212341942e-17
7199.511049440709 1.1061839331219441e-17
7201.562764108746 1.0920357277405783e-17
7203.614478776783 1.0553997410264266e-17
7205.666193444819 1.1036900975810951e-17
7207.717908112856 1.1364535345445635e-17
7209.769622780893 1.2448552839458108e-17
7211.82133744893 1.2788268844566834e-17
7213.873052116966 1.2245379267785129e-17
7215.924766785003 1.1958117230972472e-17
7217.976481453039 1.2486983209149427e-17
7220.028196121077 1.2856702014171305e-17
7222.079910789113 1.173074661809275e-17
7224.13162545715 1.2337180427083804e-17
7226.183340125186 1.2349426877786666e-17
7228.235054793224 1.2071808368379726e-17
7230.28676946126 1.1510784336923291e-17
7232.338484129297 1.0925536157733162e-17
7234.390198797333 1.1103073881549342e-17
7236.44191346537 1.0692482019962595e-17
7238.493628133407 9.316022588738671e-18
7240.545342801443 7.775790032012214e-18
7242.59705746948 1.1398719475562978e-17
7244.648772137517 1.0850726588195246e-17
7246.700486805554 8.707961482542066e-18
7248.7522014735905 1.1025575122537181e-17
7250.803916141627 1.1042120935959586e-17
7252.855630809663 1.0324931717232398e-17
7254.907345477701 9.969466114571095e-18
7256.959060145737 1.0296171921163656e-17
7259.010774813774 1.015839244150368e-17
7261.06248948181 1.0384282625033629e-17
7263.114204149848 1.0488144714839628e-17
7265.165918817884 9.954176040713043e-18
7267.217633485921 1.0498556853890779e-17
7269.269348153957 1.0385492506894525e-17
7271.321062821994 1.1060493794763607e-17
7273.372777490031 1.0919723165670101e-17
7275.424492158068 1.0009377562979041e-17
7277.476206826104 9.048890956334417e-18
7279.527921494141 8.789488474352694e-18
7281.579636162178 9.243837697283501e-18
7283.631350830215 9.379966252031937e-18
7285.683065498251 1.1556208347748503e-17
7287.734780166288 1.1250164428263032e-17
7289.786494834325 1.0178628669114257e-17
7291.838209502361 1.0069221427972727e-17
7293.889924170398 1.0148072733026691e-17
7295.941638838434 1.0181967018966448e-17
7297.993353506472 1.0354230500237602e-17
7300.045068174508 1.0016694388338094e-17
7302.0967828425455 9.332277591920344e-18
7304.148497510581 1.0742938960912208e-17
7306.200212178619 1.1088966401281956e-17
7308.251926846655 9.591819163492612e-18
7310.303641514692 9.95748503018198e-18
7312.355356182728 1.170533543431102e-17
7314.407070850765 1.0659128557997648e-17
7316.458785518802 1.0252506270496496e-17
7318.510500186839 1.0071708476984277e-17
7320.5622148548755 8.757382706446889e-18
7322.613929522912 1.1000364249432049e-17
7324.665644190949 1.3089662404134992e-17
7326.717358858985 1.1169041323570813e-17
7328.769073527023 1.2465676928121417e-17
7330.820788195058 1.117425670442364e-17
7332.872502863096 1.1075749545825269e-17
7334.924217531132 1.3907594210874333e-17
7336.97593219917 1.2026080283389133e-17
7339.0276468672055 1.0476686433761737e-17
7341.079361535243 1.3260067871057105e-17
7343.131076203279 1.2232380279177107e-17
7345.182790871316 1.1297244763776232e-17
7347.2345055393525 9.950212035193504e-18
7349.286220207389 1.1232141030416933e-17
7351.337934875426 1.1131415533849031e-17
7353.389649543463 1.0654167342880573e-17
7355.4413642115 1.0907613733649606e-17
7357.493078879536 1.0942534106811653e-17
7359.544793547573 1.304745479860667e-17
7361.59650821561 1.128841153862715e-17
7363.648222883647 1.133594892476147e-17
7365.6999375516825 1.102598804351297e-17
7367.75165221972 1.0797253459829905e-17
7369.803366887756 1.1418591086496437e-17
7371.855081555794 1.2223485090543682e-17
7373.90679622383 1.2847261527540392e-17
7375.958510891867 1.0351773532370415e-17
7378.010225559903 1.1864144409846677e-17
7380.061940227941 1.2359216690497461e-17
7382.113654895977 1.1225565737518201e-17
7384.165369564013 1.1409022403292684e-17
7386.21708423205 1.2056858476967664e-17
7388.268798900087 1.2037383915094057e-17
7390.320513568124 1.2899211976168392e-17
7392.3722282361605 1.1419217213571936e-17
7394.423942904197 1.0631807956498686e-17
7396.475657572234 1.2064759621610991e-17
7398.527372240271 1.252075922401513e-17
7400.5790869083075 1.1702901052368922e-17
7402.630801576344 1.1734686402599758e-17
7404.68251624438 1.1243916679237785e-17
7406.734230912418 1.1343247866849887e-17
7408.785945580454 1.2388210477684236e-17
7410.837660248491 1.2432276517658876e-17
7412.889374916527 1.2486555755938447e-17
7414.941089584565 1.2034367873567461e-17
7416.992804252601 1.0856529977879822e-17
7419.044518920638 1.1655338878102305e-17
7421.096233588674 1.2179668464992643e-17
7423.147948256711 1.2242647828605976e-17
7425.199662924748 1.2580482776865176e-17
7427.251377592785 1.2458342262819115e-17
7429.303092260821 1.191790000936536e-17
7431.354806928858 1.2009426238101639e-17
7433.406521596895 1.2885994822470195e-17
7435.458236264932 1.3615232101800572e-17
7437.509950932968 1.312047707809972e-17
7439.561665601004 1.3411235805863853e-17
7441.613380269042 1.2923762992077764e-17
7443.665094937078 1.1559331508485294e-17
7445.7168096051155 1.1126281653001486e-17
7447.768524273151 1.1717807783910124e-17
7449.820238941189 1.2247746854297614e-17
7451.871953609225 1.2099784250761408e-17
7453.923668277263 1.2834492394202764e-17
7455.975382945298 1.2771317448191236e-17
7458.027097613335 1.2014772474580945e-17
7460.078812281372 1.228886991631219e-17
7462.130526949409 1.2694132140189797e-17
7464.1822416174455 1.163953442418462e-17
7466.233956285482 1.1700277651693503e-17
7468.285670953519 1.2310998036072498e-17
7470.337385621556 1.1418837202703398e-17
7472.3891002895925 1.1739685524994618e-17
7474.440814957629 1.2940659873152125e-17
7476.492529625666 1.2365529582942017e-17
7478.544244293702 1.1355774117603165e-17
7480.59595896174 1.011265466327766e-17
7482.647673629775 1.1227659701468273e-17
7484.699388297813 1.1921282182869983e-17
7486.751102965849 1.1835963586547439e-17
7488.802817633887 1.2440748917562651e-17
7490.8545323019225 1.233862096741111e-17
7492.90624696996 1.0980981926871656e-17
7494.957961637996 1.2274304623407226e-17
7497.009676306033 1.2396888588671157e-17
7499.06139097407 1.1560285423918665e-17
7501.113105642106 1.1411730910198864e-17
7503.164820310143 1.2140985611657502e-17
7505.21653497818 1.245837579608758e-17
7507.268249646217 1.1835513099331467e-17
7509.319964314253 1.187746210880613e-17
7511.37167898229 1.2218238492083033e-17
7513.423393650326 1.0700286990385219e-17
7515.475108318364 1.0814471866208305e-17
7517.5268229864 1.2317740713866955e-17
7519.578537654437 1.2653871295338173e-17
7521.630252322473 1.2020963458640916e-17
7523.681966990511 1.1127485387344443e-17
7525.733681658547 1.3075673145475258e-17
7527.785396326584 1.3270288798221935e-17
7529.83711099462 1.2055822636044689e-17
7531.888825662657 1.1604738064298685e-17
7533.940540330694 1.1883804242302959e-17
7535.9922549987305 1.1200518109950855e-17
7538.043969666767 9.46092048213433e-18
7540.095684334804 1.1010451305835494e-17
7542.147399002841 1.1676030356583812e-17
7544.1991136708775 1.1104066558871388e-17
7546.250828338914 1.1015026993904396e-17
7548.302543006951 1.156001113923926e-17
7550.354257674988 1.2101755211639924e-17
7552.405972343024 1.2144591636205691e-17
7554.457687011061 1.1193279064970131e-17
7556.509401679097 1.0852928146158132e-17
7558.561116347135 1.0419974953827846e-17
7560.612831015171 8.499635087667224e-18
7562.664545683208 5.8964710976591286e-18
7564.716260351244 4.5748893542660335e-18
7566.767975019282 4.596651110329024e-18
7568.819689687318 5.19167248245123e-18
7570.871404355355 8.96496010282788e-18
7572.923119023391 1.1502530659675883e-17
7574.974833691428 1.1362053450811815e-17
7577.026548359465 1.0999058771980737e-17
7579.078263027502 1.135800537352451e-17
7581.129977695538 1.1731713394673641e-17
7583.181692363575 1.1952823341940281e-17
7585.233407031612 1.1524742205865932e-17
7587.285121699648 1.2226419249483232e-17
7589.3368363676855 1.1896601687620413e-17
7591.388551035721 1.0410638081997169e-17
7593.440265703759 9.204429337427453e-18
7595.491980371795 6.6813564959690704e-18
7597.5436950398325 4.838188936591971e-18
7599.595409707868 3.2050375161035146e-18
7601.647124375906 2.349582764016528e-18
7603.698839043942 1.7702938877051224e-18
7605.750553711979 1.3327358946189802e-18
7607.802268380015 1.5602329317858853e-18
7609.853983048052 2.1495231783918052e-18
7611.905697716089 3.3130760930927685e-18
7613.957412384126 4.799081835650645e-18
7616.0091270521625 4.979502905460641e-18
7618.060841720199 6.2432280914983e-18
7620.112556388236 7.935866683912071e-18
7622.164271056273 7.641540711593931e-18
7624.21598572431 6.900031643764684e-18
7626.267700392345 5.0968409387364224e-18
7628.319415060383 4.5917052978780685e-18
7630.371129728419 4.250545213023605e-18
7632.422844396457 4.2831926714008874e-18
7634.4745590644925 4.824364896621584e-18
7636.52627373253 4.65805901157971e-18
7638.577988400566 4.502525989560418e-18
7640.629703068604 6.19669219139838e-18
7642.68141773664 6.58613150886196e-18
7644.733132404676 6.338330498628311e-18
7646.784847072713 6.960842833270462e-18
7648.83656174075 7.638042869663777e-18
7650.888276408787 7.315270689306868e-18
7652.939991076823 7.189143099314669e-18
7654.99170574486 8.337234031951532e-18
7657.043420412897 8.28288951087704e-18
7659.095135080934 6.428617652777539e-18
7661.14684974897 5.160046797496173e-18
7663.198564417007 4.5222019649492455e-18
7665.250279085043 4.549835767527377e-18
7667.301993753081 7.208283954537806e-18
7669.353708421117 8.83288323581559e-18
7671.405423089154 1.094051323771056e-17
7673.45713775719 1.1493733342089293e-17
7675.508852425228 1.1150136779323928e-17
7677.560567093264 1.1102764429822278e-17
7679.612281761301 1.0720328749933786e-17
7681.663996429337 1.028015185204701e-17
7683.715711097374 9.473335985275888e-18
7685.767425765411 7.854849927202675e-18
7687.8191404334475 5.2864786573439945e-18
7689.870855101484 3.349087011124027e-18
7691.922569769521 3.708772386778064e-18
7693.974284437558 5.892363115056205e-18
7696.025999105595 8.05051275667548e-18
7698.077713773631 9.673974590047393e-18
7700.129428441668 1.13302610347223e-17
7702.181143109705 1.1764622044477082e-17
7704.232857777742 1.1431378927385341e-17
7706.284572445778 1.1992387657959623e-17
7708.336287113814 1.2617564888408596e-17
7710.388001781851 1.1954914698964925e-17
7712.439716449888 1.3048882828098834e-17
7714.491431117925 1.1494601916354555e-17
7716.543145785961 9.49334133719462e-18
7718.594860453998 1.0465685541720391e-17
7720.646575122035 1.1787273179548832e-17
7722.698289790072 1.1177869996571716e-17
7724.750004458108 1.214643228073785e-17
7726.801719126145 1.2472794186213962e-17
7728.853433794182 1.1467479327046e-17
7730.905148462219 1.1571849290966671e-17
7732.956863130255 1.2049223441396814e-17
7735.008577798292 1.2010879709185104e-17
7737.060292466329 1.2387830619777262e-17
7739.112007134366 1.1911208954348404e-17
7741.1637218024025 1.179850626402179e-17
7743.215436470439 9.598385101039264e-18
7745.267151138475 1.1643178337827635e-17
7747.318865806512 1.2623670037417937e-17
7749.370580474549 8.984817057811592e-18
7751.422295142585 9.845756015079466e-18
7753.474009810622 1.1333345540616677e-17
7755.525724478659 1.1047841208630408e-17
7757.577439146696 1.640759942777342e-17
7759.6291538147325 2.4467012708166965e-17
7761.680868482769 2.2227911791253737e-17
7763.732583150806 1.2183905218079501e-17
7765.784297818843 1.0718575263291497e-17
7767.83601248688 1.3221121834602914e-17
7769.887727154916 1.2542129754600556e-17
7771.939441822953 1.1386389976180029e-17
7773.99115649099 1.2054268244879271e-17
7776.042871159027 1.187611657796163e-17
7778.094585827063 1.1299322083077821e-17
7780.1463004951 1.3431267933844587e-17
7782.198015163136 1.2707802138966628e-17
7784.249729831173 1.2888336411523785e-17
7786.3014444992095 1.1035301598070174e-17
7788.353159167246 9.085767201758762e-18
7790.404873835283 5.428452657517794e-18
7792.45658850332 -4.726599548901665e-19
7794.508303171357 -8.83068679837233e-21
7796.560017839393 3.703574385100995e-20
7798.61173250743 -1.8862550370770502e-20
7800.663447175467 6.056969149158251e-20
7802.715161843504 -7.903821557087863e-20
7804.76687651154 -1.238843660569373e-19
7806.818591179577 8.079082241759645e-21
7808.870305847614 -6.941401676011792e-20
7810.922020515651 -3.776182802127273e-20
7812.9737351836875 -3.6862430884655056e-20
7815.025449851724 -6.520880519738475e-21
7817.077164519761 -5.762062796701423e-20
7819.128879187798 -1.401897080218454e-19
7821.180593855834 -1.0582797930896624e-20
7823.23230852387 4.961025077206024e-20
7825.284023191907 6.92625068962188e-20
7827.335737859944 2.5186201060997933e-20
7829.387452527981 6.495847714371943e-20
7831.4391671960175 2.2827342137355502e-20
7833.490881864054 -1.0676329529826126e-19
7835.542596532091 -3.625317499544597e-20
7837.594311200128 -1.0082325364269967e-19
7839.6460258681645 3.1651360056437735e-20
7841.697740536201 -1.0486932903578086e-21
7843.749455204238 -9.204253286012491e-21
7845.801169872275 1.6214516511964198e-20
7847.852884540312 -1.4554559070163505e-19
7849.904599208348 -4.178954786355729e-21
