0	96.97643196850971	3.570334108848991
1	96.96979336568707	3.571002921493115
2	96.96314889845814	3.5716658961364054
3	96.95649857133124	3.5723230428418793
4	96.94984238881462	3.5729743716725526
5	96.94318035541659	3.5736198926914424
6	96.93651247564544	3.5742596159615654
7	96.92983875400941	3.5748935515459377
8	96.92315919501682	3.5755217095075755
9	96.91647380317593	3.576144099909496
10	96.90978258299505	3.5767607328147157
11	96.90308553898242	3.577371618286251
12	96.89638267564638	3.5779767663871183
13	96.88967399749517	3.5785761871803348
14	96.88295950903708	3.5791698907289162
15	96.8762392147804	3.5797578870958793
16	96.86951311923339	3.5803401863442414
17	96.86278122690437	3.580916798537018
18	96.85604354230159	3.581487733737226
19	96.84930006993338	3.5820530020078825
20	96.84255081430796	3.5826126134120035
21	96.83579577993365	3.583166578012605
22	96.82903497131872	3.583714905872705
23	96.82226839297145	3.5842576070553194
24	96.81549604940014	3.584794691623464
25	96.80871794511307	3.5853261696401564
26	96.80193408461852	3.585852051168413
27	96.79514447242475	3.58637234627125
28	96.78834911304007	3.5868870650116835
29	96.78154801097274	3.587396217452731
30	96.77474117073108	3.5878998136574087
31	96.76792859682332	3.588397863688733
32	96.76111029375778	3.5888903776097205
33	96.75428626604275	3.589377365483388
34	96.7474565181865	3.5898588373727516
35	96.74062105469729	3.5903348033408284
36	96.73377988008342	3.590805273450635
37	96.72693299885319	3.5912702577651876
38	96.72008041551484	3.5917297663475023
39	96.71322213457671	3.5921838092605967
40	96.70635816054704	3.5926323965674865
41	96.69948849793413	3.5930755383311883
42	96.69261315124625	3.5935132446147193
43	96.68573212499169	3.5939455254810957
44	96.67884542367872	3.594372390993334
45	96.67195305181566	3.5947938512144506
46	96.66505501391077	3.595209916207463
47	96.65815131447232	3.595620596035386
48	96.6512419580086	3.5960259007612376
49	96.6443269490279	3.5964258404480343
50	96.63740629203849	3.5968204251587914
51	96.63047999154867	3.597209664956527
52	96.62354805206672	3.5975935699042565
53	96.61661047810091	3.5979721500649973
54	96.60966727415952	3.5983454155017656
55	96.60271844475085	3.5987133762775776
56	96.59576399438318	3.599076042455451
57	96.58880392756477	3.5994334240984007
58	96.58183824880393	3.5997855312694447
59	96.57486696260895	3.6001323740315985
60	96.56789007348807	3.600473962447879
61	96.56090758594961	3.600810306581303
62	96.55391950450183	3.601141416494887
63	96.54692583365303	3.6014673022516477
64	96.53992657791149	3.6017879739146013
65	96.53292174178547	3.6021034415467645
66	96.5259113297833	3.6024137152111537
67	96.51889534641322	3.6027188049707863
68	96.51187379618352	3.6030187208886773
69	96.5048466836025	3.6033134730278444
70	96.49781401317841	3.6036030714513037
71	96.49077578941956	3.603887526222072
72	96.48373201683425	3.604166847403166
73	96.47668269993072	3.6044410450576017
74	96.46962784321728	3.6047101292483963
75	96.46256745120219	3.6049741100385657
76	96.45550152839375	3.605232997491127
77	96.44843007930025	3.605486801669097
78	96.44135310842996	3.6057355326354914
79	96.43427062029117	3.605979200453327
80	96.42718261939216	3.6062178151856203
81	96.42008911024121	3.6064513868953885
82	96.41299009734658	3.606679925645648
83	96.4058855852166	3.6069034414994143
84	96.39877557835952	3.6071219445197054
85	96.39166008128362	3.6073354447695367
86	96.38453909849721	3.6075439523119255
87	96.37741263450856	3.6077474772098883
88	96.37028069382593	3.6079460295264414
89	96.36314328095763	3.608139619324601
90	96.35600040041194	3.6083282566673844
91	96.34885205669713	3.6085119516178077
92	96.3416982543215	3.6086907142388873
93	96.33453899779332	3.6088645545936404
94	96.32737429162086	3.6090334827450827
95	96.32020414031243	3.609197508756232
96	96.3130285483763	3.6093566426901034
97	96.30584752032074	3.609510894609715
98	96.29866106065404	3.609660274578082
99	96.29146917388452	3.6098047926582213
100	96.2842718645204	3.6099444589131497
101	96.27706913707001	3.6100792834058835
102	96.26986099604161	3.6102092761994395
103	96.26264744594349	3.6103344473568346
104	96.25542849128392	3.6104548069410844
105	96.24820413657123	3.610570365015206
106	96.24097438631364	3.6106811316422163
107	96.23373924501945	3.610787116885132
108	96.22649871719696	3.610888330806968
109	96.21925280735445	3.6109847834707427
110	96.21200152000019	3.611076484939472
111	96.20474485964246	3.611163445276172
112	96.19748283078958	3.6112456745438597
113	96.19021543794979	3.6113231828055516
114	96.18294268563139	3.6113959801242648
115	96.17566457834265	3.611464076563015
116	96.16838112059187	3.611527482184819
117	96.16109231688732	3.6115862070526936
118	96.1537981717373	3.611640261229655
119	96.14649868965007	3.6116896547787203
120	96.13919387513393	3.6117343977629055
121	96.13188373269715	3.611774500245227
122	96.12456826684803	3.611809972288702
123	96.11724748209483	3.611840823956347
124	96.10992138294584	3.611867065311178
125	96.10258997390936	3.611888706416212
126	96.09525325949366	3.6119057573344655
127	96.087911244207	3.6119182281289555
128	96.08056393255771	3.6119261288626974
129	96.07321132905403	3.6119294695987088
130	96.06585343820426	3.6119282604000054
131	96.05849026451669	3.6119225113296043
132	96.0511218124996	3.611912232450522
133	96.04374808666125	3.611897433825775
134	96.03636909150995	3.61187812551838
135	96.02898483155398	3.6118543175913533
136	96.02159531130161	3.6118260201077117
137	96.01420053526112	3.6117932431304722
138	96.00680050794081	3.6117559967226502
139	95.99939523384896	3.611714290947263
140	95.99198471749384	3.6116681358673266
141	95.98456896338374	3.6116175415458582
142	95.97714797602693	3.6115625180458744
143	95.9697217599317	3.611503075430391
144	95.96229031960635	3.6114392237624253
145	95.95485365955916	3.6113709731049934
146	95.94741178429838	3.611298333521112
147	95.93996469833233	3.6112213150737986
148	95.93251240616927	3.611139927826068
149	95.92505491231749	3.6110541818409376
150	95.91759222128528	3.610964087181424
151	95.9101243375809	3.6108696539105436
152	95.90265126571266	3.6107708920913133
153	95.89517301018883	3.6106678117867492
154	95.88768957551768	3.6105604230598685
155	95.88020096620752	3.610448735973687
156	95.87270718676662	3.6103327605912217
157	95.86520824170324	3.6102125069754893
158	95.85770413552572	3.6100879851895056
159	95.85019487274228	3.609959205296288
160	95.84268045786123	3.6098261773588525
161	95.83516089539086	3.609688911440216
162	95.82763618983942	3.6095474176033946
163	95.82010634571525	3.6094017059114054
164	95.81257136752657	3.6092517864272646
165	95.80503125978173	3.609097669213989
166	95.79748602698895	3.608939364334595
167	95.78993567365653	3.6087768818520995
168	95.78238020429276	3.6086102318295183
169	95.77481962340593	3.6084394243298687
170	95.76725393550433	3.608264469416167
171	95.7596831450962	3.608085377151429
172	95.75210725668988	3.6079021575986725
173	95.74452627479361	3.6077148208209135
174	95.73694020391568	3.6075233768811685
175	95.72934904856439	3.6073278358424545
176	95.72175281324799	3.6071282077677873
177	95.7141515024748	3.606924502720184
178	95.70654512075309	3.606716730762661
179	95.69893367259114	3.606504901958235
180	95.69131716249721	3.6062890263699217
181	95.68369559497962	3.606069114060739
182	95.67606897454664	3.6058451750937026
183	95.66843730570655	3.6056172195318292
184	95.66080059296762	3.6053852574381353
185	95.65315884083816	3.605149298875638
186	95.64551205382644	3.604909353907353
187	95.63786023644072	3.6046654325962977
188	95.6302033931893	3.604417545005488
189	95.62254152858048	3.6041657011979407
190	95.61487464712253	3.6039099112366726
191	95.60720275332373	3.6036501851846996
192	95.59952585169236	3.6033865331050388
193	95.5918439467367	3.6031189650607067
194	95.58415704296505	3.6028474911147197
195	95.57646514488567	3.6025721213300943
196	95.56876825700687	3.602292865769847
197	95.5610663838369	3.6020097344969955
198	95.55335952988408	3.601722737574555
199	95.54564769965664	3.601431885065542
200	95.53793089766292	3.6011371870329736
201	95.53020912841116	3.600838653539866
202	95.52248239640967	3.6005362946492365
203	95.51475070616672	3.600230120424101
204	95.50701406219059	3.5999201409274764
205	95.49927246898959	3.5996063662223787
206	95.49152593107196	3.5992888063718254
207	95.483774452946	3.5989674714388324
208	95.47601803911999	3.5986423714864157
209	95.46825669410224	3.5983135165775932
210	95.460490422401	3.5979809167753802
211	95.45271922852457	3.597644582142794
212	95.44494311698122	3.597304522742851
213	95.43716209227924	3.5969607486385673
214	95.4293761589269	3.5966132698929605
215	95.4215853214325	3.596262096569046
216	95.41378958430433	3.595907238729841
217	95.40598895205063	3.595548706438363
218	95.39818342917975	3.5951865097576263
219	95.39037302019992	3.5948206587506486
220	95.38255772961942	3.594451163480447
221	95.37473756194657	3.594078034010037
222	95.36691252168963	3.593701280402436
223	95.35908261335688	3.5933209127206607
224	95.3512478414566	3.5929369410277268
225	95.3434082104971	3.592549375386651
226	95.33556372498663	3.5921582258604503
227	95.32771438943348	3.591763502512142
228	95.31986020834594	3.591365215404741
229	95.3120011862323	3.590963374601264
230	95.30413732760083	3.590557990164729
231	95.29626863695982	3.5901490721581513
232	95.28839511881755	3.5897366306445475
233	95.2805167776823	3.589320675686935
234	95.27263361806234	3.58890121734833
235	95.26474564446598	3.5884782656917484
236	95.25685286140148	3.588051830780208
237	95.24895527337713	3.5876219226767243
238	95.24105288490125	3.587188551444314
239	95.23314570048205	3.586751727145994
240	95.22523372462787	3.5863114598447807
241	95.21731696184696	3.5858677596036905
242	95.20939541664761	3.58542063648574
243	95.20146909353812	3.5849701005539463
244	95.19353799702677	3.584516161871325
245	95.1856021316218	3.5840588305008936
246	95.17766150183155	3.583598116505668
247	95.16971611216428	3.583134029948665
248	95.16176596712826	3.5826665808929015
249	95.15381107123179	3.582195779401393
250	95.14585142898314	3.5817216355371575
251	95.13788704489062	3.58124415936321
252	95.12991792346247	3.5807633609425684
253	95.121944069207	3.5802792503382483
254	95.11396548663248	3.579791837613267
255	95.10598218024721	3.5793011328306408
256	95.09799415455946	3.5788071460533857
257	95.0900014140775	3.5783098873445196
258	95.08200396330966	3.5778093667670574
259	95.07400180676417	3.5773055943840166
260	95.06599494894932	3.576798580258414
261	95.05798339437342	3.576288334453265
262	95.04996714754475	3.5757748670315874
263	95.04194621297155	3.575258188056397
264	95.03392059516217	3.5747383075907107
265	95.02589029862483	3.574215235697545
266	95.01785532786785	3.5736889824399163
267	95.0098156873995	3.573159557880842
268	95.00177138172805	3.572626972083337
269	94.9937224153618	3.572091235110419
270	94.98566879280904	3.5715523570251047
271	94.97761051857805	3.57101034789041
272	94.96954759717708	3.570465217769352
273	94.96148003311446	3.5699169767249463
274	94.95340783089843	3.569365634820211
275	94.9453309950373	3.5688112021181615
276	94.93724953003935	3.5682536886818146
277	94.92916344041285	3.5676931045741873
278	94.9210727306661	3.5671294598582954
279	94.91297740530737	3.5665627645971556
280	94.90487746884494	3.5659930288537853
281	94.89677292578709	3.5654202626912
282	94.88866378064212	3.5648444761724165
283	94.88055003791831	3.564265679360452
284	94.87243170212393	3.5636838823183226
285	94.86430877776728	3.5630990951090444
286	94.85618126935661	3.562511327795635
287	94.84804918140024	3.5619205904411104
288	94.83991251840642	3.561326893108487
289	94.83177128488346	3.560730245860781
290	94.82362548533963	3.5601306587610098
291	94.81547512428324	3.55952814187219
292	94.80732020622251	3.558922705257337
293	94.79916073566578	3.558314358979468
294	94.7909967171213	3.5577031131016
295	94.78282815509736	3.5570889776867496
296	94.77465505410227	3.5564719627979327
297	94.76647741864429	3.5558520784981664
298	94.75829525323168	3.5552293348504667
299	94.75010856237276	3.55460374191785
300	94.74191735057579	3.553975309763334
301	94.73372162234907	3.553344048449934
302	94.72552138220087	3.5527099680406673
303	94.71731663463947	3.5520730785985504
304	94.70910738417318	3.5514333901865993
305	94.70089363531024	3.550790912867831
306	94.69267539255897	3.5501456567052623
307	94.68445266042761	3.54949763176191
308	94.67622544342449	3.5488468481007893
309	94.66799374605787	3.5481933157849177
310	94.65975757283603	3.547537044877312
311	94.65151692826727	3.546878045440988
312	94.64327181685985	3.546216327538963
313	94.63502224312207	3.5455519012342527
314	94.6267682115622	3.5448847765898743
315	94.61850972668852	3.5442149636688445
316	94.61024679300931	3.5435424725341793
317	94.6019794150329	3.542867313248896
318	94.59370759726751	3.54218949587601
319	94.58543134422146	3.541509030478539
320	94.577150660403	3.540825927119499
321	94.56886555032045	3.5401401958619063
322	94.56057601848208	3.539451846768778
323	94.55228206939616	3.5387608899031306
324	94.543983707571	3.5380673353279803
325	94.53568093751484	3.537371193106344
326	94.527373763736	3.536672473301238
327	94.51906219074274	3.5359711859756793
328	94.51074622304336	3.5352673411926836
329	94.50242586514612	3.5345609490152685
330	94.49410112155934	3.53385201950645
331	94.48577199679129	3.533140562729244
332	94.47743849535021	3.5324265887466684
333	94.46910062174443	3.5317101076217385
334	94.46075838048222	3.530991129417472
335	94.45241177607184	3.5302696641968847
336	94.44406081302162	3.529545722022993
337	94.43570549583981	3.528819312958815
338	94.42734582903469	3.528090447067365
339	94.41898181711456	3.527359134411661
340	94.41061346458768	3.526625385054719
341	94.40224077596235	3.5258892090595557
342	94.39386375574686	3.525150616489188
343	94.38548240844948	3.524409617406632
344	94.3770967385785	3.523666221874904
345	94.36870675064219	3.5229204399570215
346	94.36031244914884	3.522172281716
347	94.35191383860672	3.5214217572148576
348	94.34351092352414	3.520668876516609
349	94.33510370840935	3.5199136496842716
350	94.32669219777068	3.5191560867808622
351	94.31827639611636	3.518396197869397
352	94.3098563079547	3.5176339930128924
353	94.30143193779398	3.516869482274365
354	94.29300329014248	3.516102675716832
355	94.28457036950847	3.5153335834033093
356	94.27613318040027	3.514562215396814
357	94.26769172732614	3.5137885817603625
358	94.25924601479434	3.5130126925569702
359	94.25079604731319	3.512234557849655
360	94.24234182939094	3.5114541877014336
361	94.2338833655359	3.5106715921753215
362	94.22542066025633	3.509886781334336
363	94.21695371806054	3.5090997652414933
364	94.2084825434568	3.5083105539598103
365	94.20000714095339	3.507519157552303
366	94.19152751505858	3.5067255860819886
367	94.18304367028067	3.5059298496118836
368	94.17455561112793	3.5051319582050042
369	94.16606334210866	3.5043319219243667
370	94.15756686773113	3.503529750832988
371	94.14906619250362	3.502725454993885
372	94.14056132093444	3.501919044470074
373	94.13205225753183	3.5011105293245715
374	94.1235390068041	3.5002999196203937
375	94.11502157325951	3.4994872254205576
376	94.10649996140637	3.49867245678808
377	94.09797417575297	3.497855623785977
378	94.08944422080756	3.497036736477265
379	94.08091010107843	3.4962158049249608
380	94.07237182107387	3.495392839192081
381	94.06382938530217	3.4945678493416423
382	94.0552827982716	3.493740845436661
383	94.04673206449044	3.492911837540154
384	94.038177188467	3.492080835715137
385	94.02961817470954	3.4912478500246276
386	94.02105502772633	3.490412890531642
387	94.01248775202568	3.4895759672991966
388	94.00391635211585	3.488737090390308
389	93.99534083250514	3.4878962698679925
390	93.98676119770182	3.487053515795267
391	93.97817745221418	3.486208838235148
392	93.9695896005505	3.4853622472506522
393	93.96099764721907	3.484513752904796
394	93.95240159672817	3.4836633652605955
395	93.94380145358606	3.482811094381068
396	93.93519722230106	3.48195695032923
397	93.92658890738143	3.481100943168098
398	93.91797651333546	3.480243082960688
399	93.90936004467142	3.4793833797700167
400	93.9007395058976	3.478521843659101
401	93.89211490152229	3.4776584846909575
402	93.88348623605377	3.4767933129286024
403	93.87485351400034	3.4759263384350523
404	93.86621673987023	3.4750575712733243
405	93.85757591817176	3.474187021506434
406	93.84893105341321	3.473314699197399
407	93.84028215010287	3.4724406144092352
408	93.83162921274901	3.4715647772049594
409	93.8229722458599	3.470687197647588
410	93.81431125394387	3.4698078858001375
411	93.80564624150915	3.468926851725625
412	93.79697721306404	3.468044105487066
413	93.78830417311684	3.467159657147478
414	93.77962712617581	3.4662735167698773
415	93.77094607674924	3.46538569441728
416	93.76226102934541	3.4644962001527033
417	93.75357198847263	3.463605044039164
418	93.74487895863915	3.462712236139678
419	93.73618194435325	3.4618177865172615
420	93.72748095012324	3.4609217052349317
421	93.71877598045737	3.460024002355705
422	93.71006703986394	3.4591246879425985
423	93.70135413285126	3.4582237720586275
424	93.69263726392757	3.4573212647668097
425	93.68391643760117	3.456417176130161
426	93.67519165838033	3.4555115162116987
427	93.66646293077335	3.4546042950744384
428	93.6577302592885	3.453695522781398
429	93.64899364843407	3.452785209395592
430	93.64025310271836	3.4518733649800386
431	93.63150862664962	3.450959999597754
432	93.62276022473614	3.4500451233117544
433	93.61400790148622	3.4491287461850564
434	93.60525166140812	3.448210878280677
435	93.59649150901015	3.447291529661632
436	93.58772744880058	3.4463707103909393
437	93.57895948528767	3.445448430531614
438	93.57018762297973	3.444524700146674
439	93.56141186638503	3.4435995292991346
440	93.55263222001187	3.442672928052013
441	93.54384868836851	3.441744906468325
442	93.53506127596324	3.4408154746110884
443	93.52626998730437	3.439884642543319
444	93.51747482690014	3.4389524203280333
445	93.50867579925885	3.4380188180282483
446	93.49987290888878	3.4370838457069803
447	93.49106616029822	3.4361475134272457
448	93.48225555799544	3.435209831252062
449	93.47344110648875	3.4342708092444436
450	93.46462281028641	3.433330457467409
451	93.4558006738967	3.4323887859839743
452	93.44697470182791	3.431445804857156
453	93.43814489858833	3.43050152414997
454	93.42931126868622	3.4295559539254343
455	93.4204738166299	3.428609104246564
456	93.41163254692762	3.4276609851763764
457	93.40278746408767	3.426711606777888
458	93.39393857261832	3.4257609791141155
459	93.38508587702788	3.4248091122480746
460	93.37622938182461	3.423856016242783
461	93.36736909151682	3.422901701161256
462	93.35850501061277	3.4219461770665114
463	93.34963714362075	3.4209894540215653
464	93.34076549504904	3.420031542089434
465	93.33189006940593	3.4190724513331343
466	93.32301087119968	3.4181121918156827
467	93.3141279049386	3.4171507736000954
468	93.30524117513096	3.41618820674939
469	93.29635068628504	3.4152245013265823
470	93.28745644290915	3.4142596673946883
471	93.27855844951152	3.4132937150167253
472	93.26965671060047	3.4123266542557102
473	93.26075123068428	3.4113584951746585
474	93.25184201427122	3.4103892478365876
475	93.24292906586957	3.4094189223045137
476	93.23401238998765	3.4084475286414535
477	93.22509199113371	3.4074750769104236
478	93.21616787381603	3.4065015771744407
479	93.20724004254289	3.405527039496521
480	93.1983085018226	3.404551473939681
481	93.1893732561634	3.403574890566937
482	93.18043431007364	3.4025972994413065
483	93.17149166806155	3.4016187106258053
484	93.1625453346354	3.40063913418345
485	93.15359531430352	3.399658580177258
486	93.14464161157414	3.3986770586702444
487	93.13568423095559	3.397694579725427
488	93.12672317695613	3.396711153405822
489	93.11775845408407	3.395726789774446
490	93.10879006684765	3.394741498894315
491	93.09981801975518	3.3937552908284463
492	93.09084231731491	3.3927681756398553
493	93.08186296403517	3.39178016339156
494	93.07287996442422	3.3907912641465767
495	93.06389332299032	3.389801487967921
496	93.05490304424181	3.38881084491861
497	93.04590913268693	3.3878193450616605
498	93.03691159283396	3.3868269984600894
499	93.0279104291912	3.385833815176912
500	93.0189056462669	3.3848398052751456
501	93.0098972485694	3.383844978817807
502	93.00088524060693	3.3828493458679123
503	92.99186962688782	3.3818529164884783
504	92.98285041192031	3.3808557007425213
505	92.9738276002127	3.379857708693058
506	92.96480119627327	3.3788589504031052
507	92.95577120461031	3.377859435935679
508	92.9467376297321	3.376859175353797
509	92.93770047614692	3.3758581787204744
510	92.92865974836305	3.374856456098728
511	92.91961545088876	3.373854017551575
512	92.91056758823235	3.3728508731420312
513	92.90151616490212	3.3718470329331143
514	92.89246118540632	3.3708425069878394
515	92.88340265425325	3.369837305369224
516	92.8743405759512	3.3688314381402846
517	92.86527495500842	3.3678249153640376
518	92.8562057959332	3.3668177471035
519	92.84713310323387	3.3658099434216875
520	92.83805688141867	3.364801514381617
521	92.82897713499588	3.3637924700463047
522	92.8198938684738	3.362782820478768
523	92.81080708636071	3.3617725757420227
524	92.80171679316489	3.360761745899086
525	92.79262299339462	3.359750341012974
526	92.78352569155817	3.3587383711467034
527	92.77442489216385	3.357725846363291
528	92.76532059971993	3.356712776725753
529	92.75621281873471	3.355699172297106
530	92.74710155371643	3.3546850431403668
531	92.7379868091734	3.3536703993185513
532	92.72886858961391	3.3526552508946765
533	92.71974689954622	3.351639607931759
534	92.71062174347864	3.350623480492816
535	92.70149312591943	3.349606878640863
536	92.69236105137689	3.3485898124389166
537	92.68322552435929	3.3475722919499935
538	92.67408654937492	3.3465543272371114
539	92.66494413093204	3.3455359283632853
540	92.65579827353896	3.3445171053915326
541	92.64664898170396	3.343497868384869
542	92.63749625993533	3.3424782274063123
543	92.62834011274131	3.341458192518878
544	92.61918054463024	3.3404377737855837
545	92.61001756011035	3.3394169812694448
546	92.60085116368997	3.3383958250334786
547	92.59168135987734	3.337374315140701
548	92.58250815318077	3.33635246165413
549	92.57333154810854	3.3353302746367803
550	92.56415154916893	3.3343077641516694
551	92.5549681608702	3.3332849402618137
552	92.54578138772068	3.33226181303023
553	92.53659123422861	3.3312383925199347
554	92.52739770490228	3.3302146887939443
555	92.51820080425	3.3291907119152753
556	92.50900053678004	3.328166471946944
557	92.49979690700066	3.327141978951968
558	92.49058991942016	3.326117242993363
559	92.48137957854682	3.3250922741341458
560	92.47216588888892	3.3240670824373324
561	92.46294885495476	3.3230416779659397
562	92.45372848125263	3.3220160707829844
563	92.44450477229076	3.3209902709514836
564	92.43527773257746	3.319964288534453
565	92.42604736662103	3.318938133594909
566	92.41681367892974	3.3179118161958687
567	92.40757667401186	3.316885346400349
568	92.39833635637571	3.315858734271366
569	92.38909273052954	3.314831989871936
570	92.37984580098164	3.313805123265076
571	92.37059557224029	3.312778144513802
572	92.36134204881377	3.3117510636811307
573	92.35208523521037	3.3107238908300793
574	92.34282513593837	3.3096966360236637
575	92.33356175550605	3.308669309324901
576	92.32429509842173	3.307641920796807
577	92.31502516919363	3.306614480502399
578	92.30575197233006	3.3055869985046935
579	92.29647551233931	3.3045594848667066
580	92.28719579372967	3.303531949651455
581	92.27791282100938	3.302504402921955
582	92.26862659868678	3.3014768547412237
583	92.25933713127012	3.300449315172277
584	92.25004442326768	3.2994217942781323
585	92.24074847918776	3.298394302121806
586	92.23144930353861	3.297366848766314
587	92.22214690082855	3.296339444274673
588	92.21284127556585	3.2953120987099007
589	92.20353243225881	3.294284822135012
590	92.19422037541567	3.2932576246130245
591	92.18490510954473	3.292230516206954
592	92.17558663915429	3.2912035069798176
593	92.16626496875261	3.290176606994632
594	92.156940102848	3.2891498263144134
595	92.14761204594873	3.2881231750021787
596	92.13828080256307	3.287096663120944
597	92.12894637719931	3.286070300733726
598	92.11960877436573	3.285044097903542
599	92.11026799857062	3.284018064693407
600	92.10092405432226	3.282992211166339
601	92.09157694612894	3.281966547385354
602	92.08222667849894	3.2809410834134685
603	92.07287325594052	3.2799158293136985
604	92.06351668296199	3.278890795149062
605	92.05415696407162	3.277865990982574
606	92.0447941037777	3.2768414268772523
607	92.03542810658851	3.275817112896113
608	92.02605897701233	3.2747930591021728
609	92.01668671955744	3.2737692755584473
610	92.00731133873212	3.272745772327954
611	91.99793283904467	3.2717225594737096
612	91.98855122500335	3.2706996470587297
613	91.97916650111647	3.269677045146032
614	91.96977867189227	3.2686547637986325
615	91.9603877418391	3.2676328130795476
616	91.95099371546517	3.2666112030517938
617	91.9415965972788	3.265589943778388
618	91.93219639178828	3.264569045322347
619	91.92279310350186	3.263548517746687
620	91.91338673692786	3.262528371114424
621	91.90397729657454	3.2615086154885753
622	91.8945647869502	3.2604892609321574
623	91.88514921256309	3.2594703175081867
624	91.87573057792152	3.25845179527968
625	91.86630888753376	3.257433704309653
626	91.8568841459081	3.2564160546611234
627	91.84745635755283	3.2553988563971066
628	91.83802552697621	3.2543821195806206
629	91.82859165868656	3.253365854274681
630	91.81915475719212	3.2523500705423043
631	91.8097148270012	3.251334778446507
632	91.80027187262206	3.250319988050306
633	91.79082589856301	3.249305709416718
634	91.78137690933232	3.248291952608759
635	91.77192490943828	3.247278727689446
636	91.76246990338915	3.2462660447217955
637	91.75301189569323	3.245253913768824
638	91.7435508908588	3.2442423448935482
639	91.73408689339415	3.2432313481589845
640	91.72461990780754	3.242220933628149
641	91.71514993860728	3.2412111113640587
642	91.70567699030165	3.240201891429731
643	91.6962010673989	3.2391932838881803
644	91.68672217440735	3.238185298802425
645	91.67724031583526	3.2371779462354815
646	91.66775549619094	3.2361712362503656
647	91.65826771998263	3.235165178910094
648	91.64877699171866	3.2341597842776846
649	91.63928331590728	3.233155062416152
650	91.62978669705677	3.2321510233885133
651	91.62028713967543	3.231147677257786
652	91.61078464827155	3.2301450340869855
653	91.60127922735337	3.229143103939129
654	91.59177088142923	3.228141896877233
655	91.58225961500739	3.227141422964314
656	91.57274543259611	3.226141692263388
657	91.5632283387037	3.2251427148374727
658	91.55370833783842	3.2241445007495844
659	91.54418543450856	3.2231470600627388
660	91.53465963322243	3.2221504028399526
661	91.52513093848827	3.221154539144243
662	91.51559935481441	3.2201594790386263
663	91.5060648867091	3.2191652325861186
664	91.49652753868061	3.218171809849737
665	91.48698731523726	3.2171792208924983
666	91.47744422088729	3.2161874757774185
667	91.46789826013902	3.215196584567514
668	91.45834943750074	3.2142065573258023
669	91.44879775748069	3.213217404115299
670	91.43924322458717	3.212229134999021
671	91.42968584332849	3.211241760039985
672	91.42012561821288	3.210255289301207
673	91.41056255374866	3.209269732845704
674	91.40099665444411	3.208285100736493
675	91.39142792480753	3.2073014030365896
676	91.38185636934716	3.2063186498090106
677	91.3722819925713	3.2053368511167735
678	91.36270479898823	3.204356017022894
679	91.35312479310625	3.2033761575903883
680	91.34354197943362	3.2023972828822735
681	91.33395636247866	3.2014194029615664
682	91.3243679467496	3.200442527891283
683	91.31477673675475	3.1994666677344403
684	91.30518273700241	3.198491832554055
685	91.29558595200082	3.1975180324131425
686	91.2859863862583	3.1965452773747205
687	91.27638404428312	3.195573577501805
688	91.26677893058357	3.1946029428574136
689	91.25717104966792	3.1936333835045616
690	91.24756040604444	3.1926649095062656
691	91.23794700422144	3.191697530925543
692	91.22833084870719	3.1907312578254095
693	91.21871194400998	3.189766100268882
694	91.20909029463809	3.1888020683189775
695	91.19946590509981	3.187839172038712
696	91.1898387799034	3.186877421491102
697	91.18020892355716	3.185916826739165
698	91.17057634056935	3.1849573978459165
699	91.16094103544829	3.183999144874373
700	91.15130301270224	3.183042077887552
701	91.1416622768395	3.1820862069484686
702	91.13201883236832	3.1811315421201405
703	91.12237268379701	3.1801780934655843
704	91.11272383563383	3.1792258710478163
705	91.1030722923871	3.178274884929853
706	91.09341805856505	3.177325145174711
707	91.08376113867601	3.1763766618454063
708	91.07410153722826	3.175429445004957
709	91.06443925873005	3.174483504716378
710	91.05477430768968	3.1735388510426863
711	91.04510668861543	3.172595494046899
712	91.03543640601559	3.171653443792032
713	91.02576346439844	3.1707127103411024
714	91.01608786827225	3.1697733037571263
715	91.00640962214534	3.1688352341031205
716	90.99672873052594	3.167898511442101
717	90.98704519792237	3.166963145837086
718	90.9773590288429	3.1660291473510904
719	90.96767022779581	3.1650965260471313
720	90.95797879928938	3.1641652919882253
721	90.94828474783192	3.1632354552373885
722	90.93858807793168	3.162307025857638
723	90.92888879409695	3.16138001391199
724	90.91918690083601	3.160454429463462
725	90.90948240265716	3.159530282575069
726	90.89977530406867	3.158607583309829
727	90.89006560957883	3.157686341730757
728	90.88035332369593	3.1567665679008714
729	90.87063845092821	3.1558482718831877
730	90.860920995784	3.154931463740722
731	90.85120096277156	3.1540161535364923
732	90.84147835639918	3.1531023513335135
733	90.83175318117515	3.152190067194803
734	90.82202544160774	3.151279311183378
735	90.81229514220523	3.1503700933622536
736	90.80256228747591	3.1494624237944473
737	90.79282688192805	3.1485563125429756
738	90.78308893006997	3.1476517696708552
739	90.7733484364099	3.146748805241102
740	90.76360540545616	3.145847429316733
741	90.75385984171703	3.1449476519607646
742	90.74411174970078	3.1440494832362136
743	90.73436113391568	3.143152933206096
744	90.72460799887006	3.1422580119334294
745	90.71485234907215	3.1413647294812295
746	90.70509418903026	3.1404730959125127
747	90.69533352325267	3.139583121290296
748	90.68557035624767	3.1386948156775962
749	90.67580469252351	3.1378081891374294
750	90.6660365365885	3.1369232517328123
751	90.65626589295094	3.136040013526761
752	90.64649276611908	3.135158484582293
753	90.63671716060121	3.1342786749624243
754	90.62693908090561	3.133400594730171
755	90.61715853154058	3.1325242539485507
756	90.60737551701439	3.131649662680579
757	90.59759004183532	3.130776830989273
758	90.58780211051166	3.12990576893765
759	90.57801172755168	3.1290364865887246
760	90.56821889746368	3.1281689940055144
761	90.55842362475595	3.1273033012510365
762	90.54862591393673	3.1264394183883066
763	90.53882576951435	3.125577355480342
764	90.52902319599706	3.1247171225901584
765	90.51921819789315	3.1238587297807725
766	90.50941077971092	3.1230021871152016
767	90.49960094595863	3.122147504656462
768	90.48978870114459	3.12129469246757
769	90.47997404977706	3.1204437606115425
770	90.47015699636432	3.119594719151395
771	90.46033754541466	3.1187475781501455
772	90.45051570143637	3.1179023476708094
773	90.44069146893773	3.117059037776404
774	90.43086485242702	3.1162176585299455
775	90.42103585641252	3.1153782199944504
776	90.41120448540251	3.1145407322329355
777	90.40137074390528	3.1137052053084173
778	90.3915346364291	3.112871649283912
779	90.38169616748226	3.1120400742224374
780	90.37185534157305	3.1112104901870086
781	90.36201216320977	3.1103829072406426
782	90.35216663690065	3.109557335446356
783	90.34231876715401	3.1087337848671655
784	90.33246855847813	3.1079122655660876
785	90.32261601538129	3.1070927876061383
786	90.31276114237177	3.106275361050335
787	90.30290394395786	3.105459995961694
788	90.29304442464782	3.104646702403232
789	90.28318258894996	3.1038354904379655
790	90.27331844137254	3.10302637012891
791	90.26345198642386	3.102219351539083
792	90.25358322861219	3.1014144447315015
793	90.24371217244583	3.1006116597691813
794	90.23383882243306	3.0998110067151394
795	90.22396318308213	3.099012495632392
796	90.21408525890136	3.0982161365839556
797	90.20420505439901	3.0974219396328473
798	90.19432257408339	3.096629914842083
799	90.18443782246274	3.09584007227468
800	90.17455080404538	3.095052421993654
801	90.1646615233396	3.0942669740620223
802	90.15476998485364	3.0934837385428007
803	90.14487619309581	3.0927027254990063
804	90.1349801525744	3.0919239449936557
805	90.12508186779766	3.0911474070897653
806	90.1151813432739	3.0903731218503516
807	90.10527858351142	3.0896010993384313
808	90.09537359301845	3.0888313496170205
809	90.08546637630332	3.088063882749137
810	90.07555693787427	3.087298708797796
811	90.06564528223961	3.0865358378260144
812	90.05573141390764	3.0857752798968088
813	90.0458153373866	3.0850170450731955
814	90.03589705718483	3.0842611434181917
815	90.02597657781054	3.0835075849948144
816	90.01605390377206	3.0827563798660784
817	90.00612903957766	3.0820075380950014
818	89.99620198973562	3.0812610697446003
819	89.98627275875425	3.080516984877891
820	89.9763413511418	3.07977529355789
821	89.96640777140657	3.0790360058476143
822	89.95647202405682	3.07829913181008
823	89.94653411360085	3.0775646815083038
824	89.93659404454695	3.076832665005303
825	89.92665182140338	3.0761030923640926
826	89.91670744867844	3.07537597364769
827	89.90676093088042	3.0746513189191127
828	89.8968122725176	3.073929138241376
829	89.88686147809823	3.073209441677497
830	89.87690855213063	3.072492239290492
831	89.86695349912306	3.071777541143377
832	89.85699632358381	3.0710653572991697
833	89.84703703002117	3.0703556978208857
834	89.83707562294343	3.069648572771542
835	89.82711210685885	3.0689439922141557
836	89.81714648627572	3.0682419662117426
837	89.80717876570232	3.0675425048273195
838	89.79720894964694	3.066845618123903
839	89.78723704261787	3.0661513161645093
840	89.77726304912339	3.065459609012155
841	89.76728697367176	3.0647705067298574
842	89.75730882077129	3.0640840193806325
843	89.74732859493022	3.0634001570274965
844	89.7373463006569	3.0627189297334665
845	89.72736194245955	3.0620403475615587
846	89.7173755248465	3.0613644205747903
847	89.70738705232601	3.060691158836177
848	89.69739652940636	3.0600205724087357
849	89.68740396059583	3.0593526713554837
850	89.67740935040271	3.0586874657394363
851	89.66741270333529	3.0580249656236105
852	89.65741402390184	3.057365181071023
853	89.64741331661064	3.056708122144691
854	89.63741058597	3.0560537989076293
855	89.62740583648817	3.0554022214228564
856	89.61739907267344	3.0547533997533876
857	89.60739029903411	3.05410734396224
858	89.59737952007843	3.05346406411243
859	89.58736674031472	3.0528235702669746
860	89.57735196425126	3.0521858724888893
861	89.5673351963963	3.051550980841191
862	89.55731644125814	3.0509189053868973
863	89.54729570334507	3.0502896561890234
864	89.53727298716535	3.0496632433105866
865	89.52724829722729	3.049039676814603
866	89.51722163803916	3.04841896676409
867	89.50719301410926	3.0478011232220634
868	89.49716242994585	3.0471861562515397
869	89.48712989005722	3.046574075915536
870	89.47709539895163	3.045964892277069
871	89.46705896113741	3.045358615399154
872	89.4570205811228	3.0447552553448087
873	89.44698026341612	3.0441548221770494
874	89.43693801252563	3.0435573259588926
875	89.4268938329596	3.0429627767533542
876	89.41684772922633	3.042371184623452
877	89.40679970583412	3.041782559632202
878	89.39674976729121	3.0411969118426203
879	89.38669791810591	3.0406142513177246
880	89.37664416278652	3.0400345881205304
881	89.36658850584128	3.039457932314054
882	89.3565309517785	3.038884293961313
883	89.34647150510646	3.0383136831253235
884	89.33641017033344	3.0377461098691017
885	89.32634695196771	3.0371815842556646
886	89.31628185451757	3.036620116348029
887	89.3062148824913	3.0360617162092107
888	89.29614604039719	3.0355063939022267
889	89.2860753327435	3.034954159490094
890	89.27600276403851	3.034405023035828
891	89.26592833879053	3.033858994602446
892	89.25585206150784	3.0333160842529647
893	89.24577393669871	3.0327763020504004
894	89.23569396887143	3.0322396580577697
895	89.22561216253426	3.031706162338089
896	89.21552852219551	3.031175824954375
897	89.20544305236346	3.030648655969644
898	89.19535575754638	3.0301246654469134
899	89.18526664225256	3.029603863449199
900	89.17517571099029	3.0290862600395174
901	89.16508296826782	3.028571865280885
902	89.15498841859348	3.028060689236319
903	89.14489206647552	3.0275527419688353
904	89.13479391642223	3.0270480335414507
905	89.1246939729419	3.026546574017182
906	89.1145922405428	3.0260483734590453
907	89.10448872373324	3.0255534419300574
908	89.09438342702146	3.0250617894932352
909	89.08427635491577	3.024573426211595
910	89.07416751192446	3.024088362148153
911	89.06405690255578	3.023606607365926
912	89.05394453131804	3.0231281719279304
913	89.04383040271954	3.0226530658971833
914	89.03371452126851	3.0221812993367005
915	89.02359689147326	3.021712882309499
916	89.01347751784209	3.0212478248785954
917	89.00335640488325	3.020786137107006
918	88.99323355710504	3.0203278290577478
919	88.98310897901575	3.019872910793837
920	88.97298267512366	3.01942139237829
921	88.96285464993704	3.0189732838741237
922	88.95272490796418	3.018528595344354
923	88.94259345371336	3.0180873368519987
924	88.93246029169286	3.017649518460073
925	88.92232542641098	3.0172151502315945
926	88.912188862376	3.0167842422295794
927	88.90205060409616	3.016356804517044
928	88.8919106560798	3.015932847157005
929	88.88176902283516	3.0155123802124795
930	88.87162570887055	3.015095413746483
931	88.86148071869424	3.0146819578220327
932	88.85133405681452	3.014272022502145
933	88.84118572773968	3.0138656178498366
934	88.83103573597798	3.013462753928124
935	88.82088408603771	3.013063440800024
936	88.81073078242716	3.0126676885285524
937	88.80057582965459	3.012275507176726
938	88.79041923222832	3.011886906807562
939	88.78026099465662	3.0115018974840773
940	88.77010112144777	3.011120489269287
941	88.75993961711004	3.0107426922262084
942	88.74977648615172	3.0103685164178575
943	88.73961173308109	3.009997971907252
944	88.72944536240644	3.0096310687574075
945	88.71927737863605	3.009267817031341
946	88.70910778627822	3.008908226792069
947	88.6989365898412	3.008552308102608
948	88.68876379383329	3.0082000710259744
949	88.67858940276277	3.0078515256251857
950	88.66841342113793	3.0075066819632568
951	88.65823585346703	3.007165550103205
952	88.64805670425838	3.006828140108047
953	88.63787597802026	3.0064944620407994
954	88.62769367926094	3.006164525964479
955	88.61750981248869	3.005838341942102
956	88.60732438221183	3.005515920036684
957	88.5971373929386	3.005197270311244
958	88.58694884917732	3.004882402828796
959	88.57675875543624	3.0045713276523585
960	88.5665671162237	3.004264054844947
961	88.5563739360479	3.0039605944695777
962	88.54617921941718	3.0036609565892682
963	88.53598297083981	3.0033651512670345
964	88.52578519482407	3.003073188565893
965	88.51558589587825	3.0027850785488606
966	88.50538507851061	3.0025008312789536
967	88.49518274722946	3.0022204568191886
968	88.48497890654306	3.0019439652325826
969	88.4747735609597	3.001671366582152
970	88.46456671498768	3.0014026709309127
971	88.45435837313526	3.0011378883418818
972	88.44414853991074	3.000877028878076
973	88.4339372198224	3.000620102602511
974	88.42372441737851	3.0003671195782045
975	88.41351013708734	3.000118089868172
976	88.40329438345721	2.999873023535431
977	88.39307716099638	2.9996319306429977
978	88.38285847421314	2.9993948212538886
979	88.37263832761579	2.99916170543112
980	88.36241672571256	2.998932593237709
981	88.35219367301177	2.9987074947366716
982	88.3419691740217	2.998486419991025
983	88.33174323325065	2.998269379063785
984	88.32151585520685	2.9980563820179684
985	88.31128704439864	2.9978474389165917
986	88.30105680533428	2.997642559822672
987	88.29082514252204	2.997441754799225
988	88.28059206047021	2.9972450339092687
989	88.27035756368709	2.9970524072158184
990	88.26012165668094	2.9968638847818907
991	88.24988434396005	2.9966794766705025
992	88.2396456300327	2.99649919294467
993	88.2294055194072	2.99632304366741
994	88.21916401659179	2.9961510389017394
995	88.20892112609476	2.995983188710674
996	88.19867685242443	2.995819503157231
997	88.18843120008904	2.995659992304427
998	88.1781841735969	2.995504666215278
999	88.1679357774563	2.995353534952801
1000	88.15768601617548	2.9952066085800126
1001	88.14743489426274	2.9950638971599286
1002	88.13718241622638	2.9949254107555663
1003	88.12692858657468	2.9947911594299423
1004	88.1166734098159	2.9946611532460725
1005	88.10641689045836	2.994535402266974
1006	88.09615903301032	2.994413916555663
1007	88.08589984198005	2.994296706175157
1008	88.07563932187585	2.9941837811884713
1009	88.065377477206	2.9940751516586235
1010	88.05511431247879	2.9939708276486288
1011	88.04484983220247	2.993870819221505
1012	88.03458404088536	2.9937751364402687
1013	88.02431694303576	2.9936837893679353
1014	88.01404854316189	2.9935967880675225
1015	88.00377884577208	2.9935141426020464
1016	87.99350785537457	2.9934358630345232
1017	87.98323557647768	2.99336195942797
1018	87.9729620135897	2.993292441845403
1019	87.9626871712189	2.99322732034984
1020	87.95241105387353	2.993166605004296
1021	87.94213366606192	2.9931103058717876
1022	87.93185501229233	2.9930584330153316
1023	87.92157509707303	2.9930109964979454
1024	87.91129392491234	2.9929680063826445
1025	87.9010115003185	2.992929472732446
1026	87.89072782779985	2.9928954056103665
1027	87.8804429118646	2.992865815079422
1028	87.87015675702109	2.9928407112026294
1029	87.85986936777758	2.9928201040430062
1030	87.84958074864234	2.992804003663567
1031	87.83929090412367	2.99279242012733
1032	87.82899983872987	2.992785363497311
1033	87.8187075569692	2.992782843836526
1034	87.80841406334993	2.992784871207993
1035	87.79811936238035	2.9927914556747277
1036	87.78782345856877	2.9928026072997467
1037	87.77752635642344	2.992818336146067
1038	87.76722806045265	2.992838652276704
1039	87.75692857516471	2.992863565754676
1040	87.74662790506787	2.992893086642998
1041	87.73632605467041	2.9929272250046877
1042	87.72602302848064	2.99296599090276
1043	87.71571883100682	2.9930093944002336
1044	87.70541346675725	2.9930574455601233
1045	87.69510694024021	2.993110154445447
1046	87.68479925596398	2.9931675311192203
1047	87.67449041843682	2.9932295856444595
1048	87.66418043216704	2.9932963280841824
1049	87.65386930166291	2.9933677685014053
1050	87.64355703143272	2.993443916959144
1051	87.63324362598475	2.9935247835204146
1052	87.6229290898273	2.9936103782482357
1053	87.61261342746862	2.9937007112056215
1054	87.60229664341699	2.99379579245559
1055	87.59197874218073	2.9938956320611574
1056	87.5816597282681	2.9940002400853407
1057	87.57133960618738	2.9941096265911553
1058	87.56101838044687	2.994223801641619
1059	87.55069605555484	2.994342775299748
1060	87.54037263601957	2.9944665576285585
1061	87.53004812634934	2.9945951586910673
1062	87.51972253105244	2.9947285885502906
1063	87.50939585463715	2.9948668572692454
1064	87.49906810161175	2.9950099749109484
1065	87.48873927648455	2.9951579515384155
1066	87.4784093837638	2.9953107972146635
1067	87.46807842795779	2.9954685220027093
1068	87.4577464135748	2.995631135965569
1069	87.44741334512311	2.99579864916626
1070	87.43707922711101	2.995971071667798
1071	87.4267440640468	2.9961484135331995
1072	87.41640786043875	2.9963306848254816
1073	87.40607062079512	2.99651789560766
1074	87.39573234962421	2.9967100559427524
1075	87.3853930514343	2.996907175893775
1076	87.3750527307337	2.9971092655237435
1077	87.36471139203064	2.9973163348956753
1078	87.35436903983344	2.997528394072587
1079	87.3440256786504	2.9977454531174956
1080	87.33368131298974	2.997967522093416
1081	87.3233359473598	2.9981946110633664
1082	87.31298958626883	2.998426730090362
1083	87.30264223422512	2.99866388923742
1084	87.29229389573698	2.9989060985675575
1085	87.28194457531265	2.9991533681437907
1086	87.27159427746044	2.9994057080291356
1087	87.26124300668862	2.9996631282866093
1088	87.25089076750548	2.9999256389792284
1089	87.2405375644193	3.0001932501700095
1090	87.23018340193835	3.0004659719219684
1091	87.21982828457094	3.000743814298122
1092	87.20947221682535	3.0010267873614875
1093	87.19911520320983	3.001314901175081
1094	87.18875724823269	3.001608165801919
1095	87.1783983564022	3.0019065913050182
1096	87.16803853222666	3.0022101877473943
1097	87.15767778021433	3.0025189651920656
1098	87.14731610487351	3.0028329337020474
1099	87.13695351071249	3.0031521033403568
1100	87.12659000223951	3.0034764841700095
1101	87.1162255839629	3.003806086254023
1102	87.10586026039091	3.004140919655413
1103	87.09549403603185	3.0044809944371966
1104	87.08512691539399	3.004826320662391
1105	87.07475890298562	3.0051769083940116
1106	87.064390003315	3.005532767695075
1107	87.05402022089044	3.0058939086285994
1108	87.04364956022019	3.006260341257599
1109	87.03327802581256	3.006632075645092
1110	87.02290562217583	3.0070091218540944
1111	87.01253235381827	3.0073914899476226
1112	87.0021582252482	3.0077791899886934
1113	86.99178324097386	3.008172232040323
1114	86.98140740550353	3.0085706261655285
1115	86.9710307233455	3.0089743824273265
1116	86.96065319900809	3.009383510888733
1117	86.95027483699954	3.009798021612765
1118	86.93989564182816	3.010217924662438
1119	86.92951561800221	3.010643230100771
1120	86.91913477002998	3.011073947990778
1121	86.90875310241975	3.0115100883954766
1122	86.89837061967981	3.011951661377883
1123	86.88798732631844	3.0123986770010145
1124	86.87760322684393	3.012851145327887
1125	86.86721832576455	3.013309076421517
1126	86.85683262758859	3.0137724803449215
1127	86.84644613682433	3.0142413671611172
1128	86.83605885798005	3.01471574693312
1129	86.82567079556404	3.0151956297239475
1130	86.81528195408457	3.015681025596615
1131	86.80489233804992	3.0161719446141393
1132	86.79450195196841	3.0166683968395374
1133	86.78411080034829	3.0171703923358257
1134	86.77371888769784	3.0176779411660206
1135	86.76332621852535	3.0181910533931386
1136	86.75293279733911	3.0187097390801974
1137	86.7425386286474	3.0192340082902116
1138	86.7321437169585	3.0197638710861994
1139	86.72174806678069	3.020299337531177
1140	86.71135168262225	3.0208404176881603
1141	86.70095456899146	3.0213871216201658
1142	86.69055673039662	3.021939459390211
1143	86.68015817134601	3.022497441061312
1144	86.66975889634789	3.0230610766964845
1145	86.65935890991058	3.0236303763587467
1146	86.64895821654233	3.024205350111114
1147	86.63855682075142	3.024786008016603
1148	86.62815472704615	3.0253723601382307
1149	86.6177519399348	3.025964416539014
1150	86.60734846392565	3.0265621872819684
1151	86.59694430352698	3.027165682430111
1152	86.5865394632471	3.0277749120464588
1153	86.57613394759426	3.028389886194027
1154	86.56572776107674	3.029010614935834
1155	86.55532090820283	3.029637108334895
1156	86.54491339348083	3.0302693764542266
1157	86.534505221419	3.030907429356846
1158	86.52409639652565	3.0315512771057698
1159	86.51368692330902	3.032200929764013
1160	86.50327680627743	3.0328563973945952
1161	86.49286604993915	3.0335176900605303
1162	86.48245465880245	3.034184817824835
1163	86.47204263737565	3.0348577907505274
1164	86.46162999016698	3.035536618900623
1165	86.45121672168479	3.0362213123381383
1166	86.4408028364373	3.0369118811260902
1167	86.4303883389328	3.037608335327495
1168	86.41997323367961	3.03831068500537
1169	86.40955752518599	3.0390189402227303
1170	86.3991412179602	3.0397331110425947
1171	86.38872431651059	3.0404532075279773
1172	86.37830682534536	3.041179239741896
1173	86.36788874897285	3.0419112177473675
1174	86.35747009190132	3.0426491516074075
1175	86.34705085863905	3.0433930513850322
1176	86.33663105369433	3.0441429271432603
1177	86.32621068157546	3.0448987889451065
1178	86.3157897467907	3.0456606468535874
1179	86.30536825384833	3.0464285109317206
1180	86.29494620725664	3.0472023912425223
1181	86.28452361152391	3.047982297849008
1182	86.27410047115843	3.0487682408141956
1183	86.26367679066848	3.0495602302011013
1184	86.25325257456234	3.050358276072741
1185	86.2428278273483	3.051162388492132
1186	86.23240255353463	3.0519725775222906
1187	86.2219767576296	3.052788853226233
1188	86.21155044414154	3.0536112256669767
1189	86.20112361757869	3.0544397049075376
1190	86.19069628244934	3.055274301010932
1191	86.18026844326181	3.056115024040177
1192	86.16984010452433	3.056961884058289
1193	86.1594112707452	3.0578148911282836
1194	86.1489819464327	3.0586740553131797
1195	86.13855213609513	3.0595393866759917
1196	86.12812184424077	3.0604108952797366
1197	86.11769107537788	3.0612885911874312
1198	86.10725983401477	3.0621724844620926
1199	86.09682812465971	3.063062585166736
1200	86.08639595182098	3.0639589033643797
1201	86.07596332000686	3.0648614491180393
1202	86.06553023372564	3.0657702324907303
1203	86.05509669748561	3.0666852635454713
1204	86.04466271579503	3.0676065523452776
1205	86.03422829316222	3.0685341089531657
1206	86.02379343409541	3.0694679434321532
1207	86.01335814310293	3.0704080658452555
1208	86.00292242469304	3.071354486255489
1209	85.99248628337402	3.072307214725872
1210	85.98204972365416	3.07326626131942
1211	85.97161275004176	3.0742316360991486
1212	85.96117536704507	3.075203349128076
1213	85.95073757917238	3.0761814104692173
1214	85.94029939093198	3.0771658301855895
1215	85.92986080683217	3.07815661834021
1216	85.9194218313812	3.079153784996095
1217	85.90898246908738	3.08015734021626
1218	85.89854272445898	3.081167294063723
1219	85.88810260200427	3.0821836566015
1220	85.87766210623155	3.0832064378926067
1221	85.8672212416491	3.0842356480000612
1222	85.8567800127652	3.085271296986879
1223	85.84633842408815	3.086313394916077
1224	85.8358964801262	3.0873619518506716
1225	85.82545418538766	3.0884169778536794
1226	85.81501154438078	3.0894784829881172
1227	85.80456856161388	3.090546477317001
1228	85.79412524159521	3.0916209709033478
1229	85.78368158883309	3.092701973810174
1230	85.77323760783577	3.093789496100497
1231	85.76279330311156	3.0948835478373318
1232	85.75234867916872	3.095984139083696
1233	85.74190374051554	3.0970912799026054
1234	85.73145849166029	3.0982049803570773
1235	85.72101293711127	3.0993252505101285
1236	85.71056708137677	3.100452100424774
1237	85.70012092896505	3.101585540164032
1238	85.68967448438441	3.102725579790919
1239	85.67922775214313	3.10387222936845
1240	85.66878073674948	3.1050254989596433
1241	85.65833344271175	3.106185398627515
1242	85.64788587453822	3.1073519384350803
1243	85.63743803673718	3.108525128445357
1244	85.62698993381693	3.1097049787213624
1245	85.6165415702857	3.110891499326111
1246	85.60609295065183	3.112084700322621
1247	85.59564407942355	3.113284591773909
1248	85.58519496110918	3.11449118374299
1249	85.574745600217	3.1157044862928824
1250	85.56429600125529	3.1169245094866023
1251	85.55384616873232	3.1181512633871646
1252	85.54339610715638	3.1193847580575875
1253	85.53294582103575	3.120625003560888
1254	85.52249531487871	3.1218720099600805
1255	85.51204459319356	3.123125787318184
1256	85.50159366048857	3.1243863456982135
1257	85.49114252127201	3.1256536951631855
1258	85.4806911800522	3.126927845776118
1259	85.47023964133739	3.1282088076000263
1260	85.45978790963586	3.129496590697927
1261	85.4493359894559	3.1307912051328373
1262	85.43888388530581	3.1320926609677735
1263	85.42843160169384	3.1334009682657507
1264	85.41797914312833	3.134716137089788
1265	85.4075265141175	3.1360381775029005
1266	85.39707371916965	3.137367099568105
1267	85.38662076279309	3.1387029133484177
1268	85.37616764949607	3.140045628906856
1269	85.36571438378688	3.141395256306436
1270	85.3552609701738	3.142751805610174
1271	85.34480741316516	3.144115286881087
1272	85.33435371726917	3.1454857101821907
1273	85.32389988699416	3.146863085576503
1274	85.31344592684837	3.148247423127039
1275	85.30299184134014	3.149638732896817
1276	85.2925376349777	3.1510370249488515
1277	85.28208331226939	3.1524423093461604
1278	85.27162887772344	3.1538545961517603
1279	85.26117433584815	3.1552738954286665
1280	85.2507196911518	3.156700217239898
1281	85.24026494814268	3.158133571648469
1282	85.22981011132907	3.159573968717396
1283	85.21935518521926	3.1610214185096974
1284	85.20890017432153	3.162475931088389
1285	85.19844508314414	3.1639375165164862
1286	85.18798991619539	3.165406184857007
1287	85.17753467798356	3.166881946172968
1288	85.16707937301695	3.168364810527384
1289	85.1566240058038	3.1698547879832737
1290	85.14616858085245	3.171351888603653
1291	85.13571310267116	3.1728561224515373
1292	85.12525757576819	3.1743674995899442
1293	85.11480200465184	3.1758860300818905
1294	85.10434639383038	3.1774117239903914
1295	85.09389074781211	3.178944591378465
1296	85.0834350711053	3.1804846423091275
1297	85.07297936821826	3.1820318868453943
1298	85.06252364365925	3.1835863350502835
1299	85.05206790193654	3.1851479969868115
1300	85.04161214755842	3.1867168827179935
1301	85.03115638503319	3.1882930023068474
1302	85.02070061886911	3.1898763658163896
1303	85.01024485357449	3.191466983309635
1304	84.99978909365761	3.1930648648496027
1305	84.98933334362673	3.1946700204993075
1306	84.97887760799013	3.1962824603217665
1307	84.9684218912561	3.1979021943799966
1308	84.95796619793293	3.1995292327370137
1309	84.94751053252892	3.2011635854558342
1310	84.93705489955232	3.202805262599476
1311	84.92659930351144	3.2044542742309545
1312	84.91614374891454	3.2061106304132863
1313	84.90568824026991	3.2077743412094883
1314	84.89523278208583	3.209445416682577
1315	84.88477737887058	3.2111238668955684
1316	84.87432203513245	3.21280970191148
1317	84.86386675537975	3.214502931793328
1318	84.85341154412072	3.2162035666041278
1319	84.84295640586365	3.217911616406898
1320	84.83250134511682	3.2196270912646545
1321	84.82204636638853	3.221350001240413
1322	84.81159147418705	3.2230803563971904
1323	84.80113667302068	3.224818166798004
1324	84.7906819673977	3.2265634425058694
1325	84.78022736182636	3.2283161935838027
1326	84.76977286081497	3.2300764300948224
1327	84.75931846887181	3.2318441621019436
1328	84.74886419050516	3.233619399668183
1329	84.7384100302233	3.2354021528565573
1330	84.72795599253455	3.237192431730084
1331	84.71750208194712	3.2389902463517775
1332	84.70704830296934	3.2407956067846566
1333	84.69659466010948	3.2426085230917367
1334	84.68614115787582	3.2444290053360336
1335	84.67568780077667	3.2462570635805656
1336	84.66523459332028	3.2480927078883486
1337	84.65478154001497	3.249935948322398
1338	84.64432864536897	3.2517867949457324
1339	84.63387591389059	3.253645257821367
1340	84.6234233500881	3.2555113470123187
1341	84.61297095846982	3.257385072581604
1342	84.602518743544	3.2592664445922397
1343	84.59206670981892	3.261155473107241
1344	84.5816148618029	3.2630521681896267
1345	84.57116320400416	3.264956539902412
1346	84.56071174093104	3.266868598308613
1347	84.5502604770918	3.2687883534712476
1348	84.53980941699471	3.270715815453332
1349	84.52935856514809	3.272650994317881
1350	84.5189079260602	3.2745939001279143
1351	84.50845750423929	3.2765445429464464
1352	84.49800730419369	3.2785029328364934
1353	84.48755733043167	3.2804690798610734
1354	84.4771075874615	3.282442994083202
1355	84.46665807979149	3.2844246855658956
1356	84.45620881192988	3.2864141643721716
1357	84.445759788385	3.288411440565046
1358	84.4353110136651	3.2904165242075347
1359	84.42486249227848	3.292429425362656
1360	84.41441422873339	3.294450154093426
1361	84.40396622753816	3.296478720462859
1362	84.39351849320104	3.2985151345339743
1363	84.38307103023034	3.3005594063697874
1364	84.37262384313432	3.3026115460333143
1365	84.36217693642126	3.3046715635875725
1366	84.35173031459945	3.3067394690955787
1367	84.34128398217717	3.3088152726203477
1368	84.33083794366271	3.310898984224898
1369	84.32039220356435	3.3129906139722456
1370	84.3099467663904	3.315090171925407
1371	84.29950163664908	3.3171976681473985
1372	84.2890568188487	3.319313112701237
1373	84.27861231749758	3.3214365156499377
1374	84.26816813710396	3.3235678870565195
1375	84.25772428217613	3.3257072369839977
1376	84.24728075722237	3.3278545754953885
1377	84.23683756675099	3.3300099126537086
1378	84.22639471527023	3.332173258521976
1379	84.21595220728841	3.3343446231632052
1380	84.2055100473138	3.3365240166404138
1381	84.19506823985466	3.3387114490166185
1382	84.18462678941931	3.3409069303548353
1383	84.17418570051603	3.3431104707180803
1384	84.16374497765307	3.345322080169372
1385	84.15330462533873	3.347541768771725
1386	84.1428646480813	3.3497695465881563
1387	84.13242505038905	3.3520054236816836
1388	84.12198583677026	3.3542494101153224
1389	84.11154701173324	3.356501515952089
1390	84.10110857978626	3.3587617512550008
1391	84.09067054543758	3.361030126087074
1392	84.0802329131955	3.3633066505113245
1393	84.06979568756832	3.36559133459077
1394	84.05935887306428	3.3678841883884263
1395	84.0489224741917	3.3701852219673096
1396	84.03848649545884	3.372494445390438
1397	84.02805094137402	3.374811868720827
1398	84.01761581644547	3.377137502021492
1399	84.00718112518152	3.3794713553554523
1400	83.9967468720904	3.381813438785723
1401	83.98631306168045	3.3841637623753194
1402	83.9758796984599	3.3865223361872596
1403	83.9654467869371	3.3888891702845605
1404	83.95501433162025	3.391264274730237
1405	83.94458233701769	3.393647659587307
1406	83.93415080763769	3.3960393349187874
1407	83.92371974798851	3.3984393107876927
1408	83.91328916257848	3.4008475972570418
1409	83.90285905591584	3.40326420438985
1410	83.89242943250889	3.405689142249134
1411	83.88200029686591	3.4081224208979104
1412	83.87157165349518	3.4105640503991963
1413	83.86114350690498	3.413014040816007
1414	83.8507158616036	3.41547240221136
1415	83.84028872209933	3.417939144648272
1416	83.82986209290044	3.4204142781897584
1417	83.81943597851522	3.422897812898838
1418	83.80901038345192	3.425389758838525
1419	83.79858531221888	3.427890126071836
1420	83.78816076932434	3.4303989246617905
1421	83.77773675927659	3.4329161646714024
1422	83.76731328658394	3.4354418561636875
1423	83.75689035575465	3.437976009201665
1424	83.746467971297	3.44051863384835
1425	83.73604613771926	3.4430697401667594
1426	83.72562485952973	3.4456293382199084
1427	83.71520414123671	3.448197438070816
1428	83.70478398734845	3.4507740497824972
1429	83.69436440237325	3.4533591834179678
1430	83.6839453908194	3.455952849040247
1431	83.67352695719516	3.458555056712349
1432	83.66310910600885	3.4611658164972905
1433	83.6526918417687	3.4637851384580896
1434	83.64227516898302	3.4664130326577616
1435	83.6318590921601	3.4690495091593228
1436	83.62144361580823	3.4716945780257906
1437	83.61102874443567	3.474348249320182
1438	83.6006144825507	3.4770105331055117
1439	83.59020083466163	3.479681439444798
1440	83.57978780527671	3.482360978401058
1441	83.56937539890424	3.485049160037305
1442	83.55896362005251	3.4877459944165587
1443	83.5485524732298	3.4904514916018345
1444	83.53814196294438	3.4931656616561484
1445	83.52773209370453	3.4958885146425187
1446	83.51732287001855	3.498620060623961
1447	83.50691429639471	3.50136030966349
1448	83.4965063773413	3.5041092718241256
1449	83.4860991173666	3.5068669571688824
1450	83.47569252097891	3.5096333757607767
1451	83.46528659268647	3.5124085376628265
1452	83.4548813369976	3.515192452938047
1453	83.44447675842056	3.517985131649455
1454	83.43407286146365	3.5207865838600676
1455	83.42366965063515	3.5235968196329015
1456	83.41326713044334	3.526415849030972
1457	83.4028653053965	3.5292436821172966
1458	83.3924641800029	3.5320803289548923
1459	83.38206375877085	3.534925799606774
1460	83.37166404620862	3.537780104135961
1461	83.36126504682449	3.540643252605468
1462	83.35086676512672	3.5435152550783102
1463	83.34046920562366	3.5463961216175064
1464	83.33007237282352	3.549285862286073
1465	83.31967627123463	3.552184487147025
1466	83.30928090536524	3.5550920062633806
1467	83.29888627972365	3.5580084296981562
1468	83.28849239881814	3.5609337675143666
1469	83.278099267157	3.5638680297750307
1470	83.2677068892485	3.566811226543164
1471	83.25731526960092	3.5697633678817824
1472	83.24692441272256	3.5727244638539037
1473	83.2365343231217	3.575694524522544
1474	83.2261450053066	3.5786735599507193
1475	83.21575646378557	3.581661580201446
1476	83.20536870306688	3.584658595337742
1477	83.19498172765881	3.587664615422623
1478	83.18459554206966	3.590679650519105
1479	83.17421015080768	3.593703710690206
1480	83.16382555838118	3.5967368059989417
1481	83.15344176929842	3.5997789465083274
1482	83.14305878806772	3.602830142281382
1483	83.13267661919734	3.6058904033811214
1484	83.12229526719555	3.6089597398705604
1485	83.11191473657064	3.6120381618127184
1486	83.1015350318309	3.61512567927061
1487	83.09115615748462	3.6182223023072515
1488	83.08077811804006	3.6213280409856607
1489	83.07040091800553	3.624442905368854
1490	83.0600245618893	3.6275669055198465
1491	83.04964905419965	3.630700051501657
1492	83.03927439944485	3.6338423533773008
1493	83.02890060213319	3.6369938212097934
1494	83.01852766677297	3.6401544650621536
1495	83.00815559787246	3.643324294997397
1496	82.99778439993996	3.646503321078539
1497	82.98741407748372	3.649691553368598
1498	82.97704463501204	3.6528890019305895
1499	82.9666760770332	3.6560956768275297
1500	82.95630840805549	3.6593115881224363
1501	82.94594163258719	3.662536745878326
1502	82.93557575513657	3.6657711601582132
1503	82.92521078021194	3.669014841025117
1504	82.91484671232155	3.672267798542052
1505	82.9044835559737	3.675530042772036
1506	82.89412131567667	3.678801583778085
1507	82.88375999593873	3.682082431623216
1508	82.87339960126819	3.6853725963704447
1509	82.86304013617334	3.688672088082789
1510	82.85268160516242	3.6919809168232645
1511	82.84232401274372	3.6952990926548877
1512	82.83196736342555	3.6986266256406757
1513	82.82161166171618	3.7019635258436447
1514	82.81125691212388	3.7053098033268106
1515	82.80090311915696	3.708665468153191
1516	82.79055028732368	3.712030530385803
1517	82.78019842113233	3.715405000087661
1518	82.7698475250912	3.7187888873217836
1519	82.75949760370854	3.7221822021511866
1520	82.74914866149268	3.7255849546388857
1521	82.73880070295186	3.7289971548478995
1522	82.72845373259442	3.7324188128412428
1523	82.71810775492857	3.735849938681932
1524	82.70776277446264	3.739290542432985
1525	82.69741879570489	3.742740634157418
1526	82.68707582316362	3.746200223918247
1527	82.67673386134712	3.749669321778488
1528	82.66639291476363	3.7531479378011596
1529	82.6560529879215	3.756636082049277
1530	82.64571408532895	3.7601337645858557
1531	82.63537621149428	3.763640995473915
1532	82.62503937092578	3.7671577847764692
1533	82.61470356813174	3.7706841425565347
1534	82.60436880762043	3.77422007887713
1535	82.59403509390013	3.7777656038012704
1536	82.58370243147915	3.7813207273919716
1537	82.57337082486575	3.7848854597122523
1538	82.5630402785682	3.788459810825128
1539	82.5527107970948	3.7920437907936138
1540	82.54238238495383	3.795637409680729
1541	82.53205504665358	3.799240677549489
1542	82.52172878670233	3.802853604462909
1543	82.51140360960835	3.806476200484007
1544	82.50107951987992	3.8101084756757997
1545	82.49075652202535	3.8137504401013023
1546	82.48043462055288	3.8174021038235333
1547	82.47011381997085	3.821063476905508
1548	82.45979412478749	3.8247345694102424
1549	82.44947553951113	3.8284153914007546
1550	82.43915806865	3.8321059529400605
1551	82.42884171671241	3.8358062640911754
1552	82.41852648820665	3.839516334917118
1553	82.408212387641	3.843236175480904
1554	82.39789941952372	3.846965795845549
1555	82.38758758836315	3.8507052060740707
1556	82.37727689866749	3.8544544162294856
1557	82.36696735494507	3.8582134363748093
1558	82.35665896170418	3.8619822765730594
1559	82.34635172345308	3.8657609468872525
1560	82.33604564470008	3.8695494573804035
1561	82.32574072995342	3.8733478181155316
1562	82.31543698372144	3.877156039155652
1563	82.30513441051237	3.8809741305637795
1564	82.29483301483451	3.8848021024029338
1565	82.28453280119615	3.8886399647361296
1566	82.27423377410557	3.892487727626383
1567	82.26393593807106	3.8963454011367125
1568	82.25363929760087	3.9002129953301337
1569	82.24334385720334	3.9040905202696616
1570	82.2330496213867	3.9079779860183157
1571	82.22275659465926	3.911875402639111
1572	82.21246478152928	3.915782780195063
1573	82.20217418650506	3.91970012874919
1574	82.19188481409489	3.9236274583645083
1575	82.18159666880705	3.9275647791040336
1576	82.17130975514979	3.931512101030782
1577	82.16102407763144	3.9354694342077723
1578	82.15073964076025	3.9394367886980195
1579	82.1404564490445	3.9434141745645395
1580	82.1301745069925	3.94740160187035
1581	82.11989381911252	3.9513990806784687
1582	82.10961438991285	3.9554066210519085
1583	82.09933622390176	3.95942423305369
1584	82.08905932558751	3.9634519267468273
1585	82.07878369947844	3.967489712194337
1586	82.06850935008278	3.971537599459237
1587	82.05823628190885	3.975595598604543
1588	82.0479644994649	3.9796637196932707
1589	82.03769400725925	3.983741972788439
1590	82.02742480980015	3.9878303679530624
1591	82.01715691159589	3.991928915250158
1592	82.00689031715476	3.996037624742743
1593	81.99662503098504	4.000156506493833
1594	81.98636105759502	4.004285570566445
1595	81.97609840149298	4.008424827023596
1596	81.96583706718718	4.012574285928302
1597	81.95557705918593	4.016733957343579
1598	81.94531838199751	4.020903851332444
1599	81.93506104013018	4.025083977957915
1600	81.92480503809225	4.029274347283006
1601	81.91455038039197	4.033474969370737
1602	81.90429707153768	4.0376858542841205
1603	81.8940451160376	4.041907012086175
1604	81.88379451840005	4.046138452839918
1605	81.8735452831333	4.050380186608365
1606	81.86329741474562	4.054632223454531
1607	81.85305091774532	4.058894573441436
1608	81.84280579664068	4.063167246632094
1609	81.83256205593996	4.067450253089523
1610	81.82231970015145	4.071743602876738
1611	81.81207873378344	4.076047306056758
1612	81.8018391613442	4.080361372692596
1613	81.79160098734204	4.084685812847272
1614	81.78136421628523	4.0890206365838
1615	81.77112885268204	4.093365853965198
1616	81.76089490104076	4.097721475054482
1617	81.75066236586967	4.10208750991467
1618	81.74043125167705	4.106463968608775
1619	81.7302015629712	4.110850861199817
1620	81.71997330426038	4.115248197750812
1621	81.7097464800529	4.119655988324776
1622	81.69952109485702	4.124074242984725
1623	81.68929715318103	4.128502971793676
1624	81.6790746595332	4.132942184814646
1625	81.66885361842183	4.13739189211065
1626	81.6586340343552	4.141852103744707
1627	81.6484159118416	4.146322829779833
1628	81.6381992553893	4.150804080279042
1629	81.62798406950657	4.155295865305353
1630	81.6177703587017	4.159798194921783
1631	81.607558127483	4.1643110791913465
1632	81.59734738035873	4.168834528177062
1633	81.58713812183717	4.173368551941945
1634	81.57693035642662	4.177913160549011
1635	81.56672408863534	4.182468364061278
1636	81.55651932297162	4.187034172541763
1637	81.54631606394375	4.191610596053481
1638	81.53611431606001	4.19619764465945
1639	81.52591408382868	4.200795328422687
1640	81.51571537175805	4.205403657406205
1641	81.50551818435639	4.210022641673025
1642	81.495322526132	4.2146522912861615
1643	81.48512840159313	4.21929261630863
1644	81.4749358152481	4.223943626803449
1645	81.46474477160517	4.228605332833635
1646	81.45455527517264	4.233277744462202
1647	81.44436733045877	4.23796087175217
1648	81.43418094197187	4.242654724766554
1649	81.4239961142202	4.247359313568369
1650	81.41381285171205	4.252074648220635
1651	81.4036311589557	4.2568007387863664
1652	81.39345104045944	4.261537595328578
1653	81.38327250073154	4.2662852279102905
1654	81.37309554428029	4.271043646594517
1655	81.362920175614	4.275812861444275
1656	81.3527463992409	4.2805928825225825
1657	81.3425742196693	4.285383719892455
1658	81.33240364140748	4.290185383616908
1659	81.32223466896373	4.29499788375896
1660	81.31206730684633	4.299821230381626
1661	81.30190155956356	4.304655433547923
1662	81.2917374316237	4.309500503320868
1663	81.28157492753503	4.314356449763478
1664	81.27141405180585	4.319223282938768
1665	81.26125480894441	4.324101012909756
1666	81.25109720345903	4.328989649739457
1667	81.24094123985796	4.333889203490888
1668	81.23078692264951	4.338799684227068
1669	81.22063425634195	4.343721102011011
1670	81.21048324544356	4.348653466905732
1671	81.20033389446263	4.3535967889742535
1672	81.19018620790743	4.358551078279586
1673	81.18004019028625	4.363516344884748
1674	81.16989584610738	4.368492598852757
1675	81.1597531798791	4.373479850246629
1676	81.14961219610969	4.378478109129381
1677	81.13947289930742	4.3834873855640275
1678	81.12933529398059	4.388507689613588
1679	81.11919938463747	4.393539031341078
1680	81.10906517578636	4.398581420809512
1681	81.09893267193553	4.40363486808191
1682	81.08880187759326	4.408699383221286
1683	81.07867279726784	4.413774976290656
1684	81.06854543546754	4.41886165735304
1685	81.05841979670066	4.423959436471453
1686	81.04829588547548	4.429068323708909
1687	81.03817370630027	4.434188329128427
1688	81.02805326368335	4.439319462793025
1689	81.01793456213294	4.4444617347657145
1690	81.00781760615736	4.449615155109518
1691	80.9977024002649	4.454779733887449
1692	80.98758894896382	4.459955481162522
1693	80.97747725676241	4.465142406997758
1694	80.96736732816896	4.470340521456172
1695	80.95725916769177	4.475549834600778
1696	80.94715277983909	4.480770356494596
1697	80.93704816911921	4.486002097200641
1698	80.92694534004042	4.491245066781929
1699	80.91684429711098	4.4964992753014785
1700	80.90674504483921	4.501764732822304
1701	80.89664758773338	4.5070414494074225
1702	80.88655193030178	4.5123294351198515
1703	80.87645807705265	4.517628700022607
1704	80.86636603249431	4.522939254178705
1705	80.85627580113504	4.528261107651163
1706	80.84618738748311	4.533594270502998
1707	80.83610079604682	4.538938752797224
1708	80.82601603133446	4.54429456459686
1709	80.81593309785427	4.549661715964922
1710	80.80585200011457	4.555040216964425
1711	80.79577274262363	4.560430077658389
1712	80.78569532988972	4.5658313081098285
1713	80.77561976642114	4.571243918381757
1714	80.7655460567262	4.576667918537197
1715	80.75547420531312	4.582103318639161
1716	80.74540421669022	4.587550128750667
1717	80.73533609536578	4.593008358934732
1718	80.72526984584809	4.598478019254371
1719	80.71520547264541	4.6039591197726
1720	80.70514298026603	4.609451670552438
1721	80.69508237321826	4.614955681656903
1722	80.68502365601034	4.620471163149005
1723	80.67496683315058	4.625998125091767
1724	80.66491190914725	4.631536577548202
1725	80.65485888850864	4.637086530581328
1726	80.64480777574303	4.642647994254161
1727	80.6347585753587	4.648220978629719
1728	80.62471129186396	4.653805493771016
1729	80.61466592976706	4.6594015497410695
1730	80.60462249357627	4.665009156602897
1731	80.5945809877999	4.670628324419516
1732	80.58454141694624	4.67625906325394
1733	80.57450378552355	4.681901383169188
1734	80.56446809804014	4.687555294228275
1735	80.55443435900426	4.693220806494217
1736	80.5444025729242	4.698897930030034
1737	80.53437274430826	4.70458667489874
1738	80.5243448776647	4.71028705116335
1739	80.51431897750183	4.715999068886885
1740	80.5042950483279	4.721722738132358
1741	80.49427309465123	4.727458068962785
1742	80.48425312098009	4.733205071441186
1743	80.47423513182274	4.738963755630576
1744	80.46421913168747	4.744734131593969
1745	80.45420512508258	4.750516209394386
1746	80.44419311651635	4.7563099990948405
1747	80.43418311049703	4.762115510758349
1748	80.42417511153297	4.76793275444793
1749	80.41416912413239	4.773761740226599
1750	80.40416515280359	4.779602478157372
1751	80.39416320205487	4.7854549783032665
1752	80.38416327639447	4.791319250727299
1753	80.37416538033074	4.797195305492485
1754	80.36416951837191	4.803083152661842
1755	80.35417569502627	4.808982802298386
1756	80.34418391480212	4.814894264465134
1757	80.33419418220772	4.820817549225103
1758	80.32420650175138	4.826752666641309
1759	80.31422087794135	4.832699626776767
1760	80.30423731528595	4.838658439694497
1761	80.29425581829344	4.844629115457514
1762	80.2842763914721	4.850611664128832
1763	80.27429903933022	4.856606095771472
1764	80.26432376637608	4.862612420448447
1765	80.25435057711796	4.868630648222775
1766	80.24437947606415	4.874660789157472
1767	80.23441046772294	4.880702853315556
1768	80.2244435566026	4.886756850760041
1769	80.21447874721139	4.892822791553947
1770	80.20451604405764	4.898900685760288
1771	80.19455545164959	4.90499054344208
1772	80.18459697449556	4.911092374662342
1773	80.1746406171038	4.91720618948409
1774	80.16468638398263	4.923331997970339
1775	80.1547342796403	4.929469810184106
1776	80.14478430858509	4.935619636188408
1777	80.1348364753253	4.9417814860462626
1778	80.12489078436923	4.947955369820683
1779	80.1149472402251	4.95414129757469
1780	80.10500584740127	4.960339279371299
1781	80.09506661040598	4.966549325273523
1782	80.0851295337475	4.972771445344383
1783	80.07519462193414	4.979005649646895
1784	80.06526187947418	4.985251948244072
1785	80.0553313108759	4.991510351198935
1786	80.04540292064758	4.997780868574497
1787	80.0354767132975	5.004063510433776
1788	80.02555269333394	5.010358286839789
1789	80.01563086526518	5.016665207855554
1790	80.00571123359951	5.0229842835440826
1791	79.99579380284521	5.029315523968397
1792	79.98587857751058	5.035658939191511
1793	79.97596556210388	5.04201453927644
1794	79.9660547611334	5.048382334286203
1795	79.95614617910744	5.054762334283816
1796	79.94623982053423	5.061154549332294
1797	79.93633568992212	5.067558989494654
1798	79.92643379177935	5.073975664833915
1799	79.9165341306142	5.08040458541309
1800	79.90663671093499	5.086845761295199
1801	79.89674153724997	5.093299202543257
1802	79.88684861406742	5.099764919220277
1803	79.87695794589564	5.106242921389283
1804	79.8670695372429	5.112733219113286
1805	79.8571833926175	5.119235822455303
1806	79.8472995165277	5.1257507414783525
1807	79.83741791348183	5.132277986245451
1808	79.8275385879881	5.138817566819613
1809	79.81766154455484	5.145369493263857
1810	79.80778678769032	5.151933775641199
1811	79.79791432190282	5.158510424014654
1812	79.78804415170065	5.165099448447242
1813	79.77817628159205	5.171700859001977
1814	79.76831071608534	5.178314665741874
1815	79.75844745968878	5.184940878729954
1816	79.74858651691065	5.19157950802923
1817	79.73872789225925	5.198230563702719
1818	79.72887159024285	5.2048940558134404
1819	79.71901761536972	5.211569994424408
1820	79.70916597214818	5.2182583895986365
1821	79.69931666508649	5.224959251399149
1822	79.68946969869293	5.231672589888956
1823	79.67962507747578	5.2383984151310745
1824	79.66978280594333	5.245136737188525
1825	79.65994288860387	5.251887566124321
1826	79.65010532996567	5.25865091200148
1827	79.64027013453703	5.265426784883017
1828	79.63043730682621	5.272215194831951
1829	79.6206068513415	5.279016151911297
1830	79.61077877259119	5.285829666184071
1831	79.60095307508354	5.292655747713292
1832	79.59112976332688	5.299494406561975
1833	79.58130884182944	5.306345652793135
1834	79.57149031509954	5.313209496469792
1835	79.56167418764545	5.3200859476549605
1836	79.55186046397544	5.326975016411656
1837	79.54204914859781	5.333876712802898
1838	79.53224024602083	5.340791046891701
1839	79.52243376075279	5.347718028741079
1840	79.51262969730199	5.354657668414055
1841	79.50282806017668	5.361609975973642
1842	79.49302885388515	5.368574961482854
1843	79.4832320829357	5.375552635004712
1844	79.47343775183658	5.382543006602231
1845	79.46364586509613	5.3895460863384255
1846	79.45385642722258	5.3965618842763154
1847	79.44406944272423	5.403590410478916
1848	79.43428491610936	5.410631675009242
1849	79.42450285188626	5.417685687930312
1850	79.4147232545632	5.424752459305143
1851	79.40494612864848	5.431831999196748
1852	79.39517147865037	5.43892431766815
1853	79.38539930907717	5.44602942478236
1854	79.37562962443712	5.453147330602394
1855	79.36586242923855	5.460278045191274
1856	79.35609772798972	5.467421578612012
1857	79.34633552519892	5.474577940927625
1858	79.33657582537442	5.481747142201132
1859	79.32681863302452	5.488929192495548
1860	79.31706395265749	5.496124101873888
1861	79.30731178878163	5.5033318803991715
1862	79.29756214590519	5.510552538134414
1863	79.28781502853649	5.517786085142631
1864	79.27807044118377	5.52503253148684
1865	79.26832838835536	5.532291887230058
1866	79.2585888745595	5.539564162435299
1867	79.24885190430453	5.546849367165583
1868	79.23911748209866	5.554147511483926
1869	79.22938561245023	5.561458605453341
1870	79.2196562998675	5.568782659136849
1871	79.20992954885872	5.576119682597464
1872	79.20020536393224	5.583469685898203
1873	79.19048374959631	5.590832679102084
1874	79.1807647103592	5.598208672272122
1875	79.1710482507292	5.6055976754713335
1876	79.16133437521461	5.612999698762735
1877	79.15162308832367	5.620414752209344
1878	79.14191439456472	5.627842845874177
1879	79.132208298446	5.635283989820248
1880	79.12250480447582	5.642738194110578
1881	79.11280391716245	5.650205468808181
1882	79.10310564101417	5.657685823976073
1883	79.09340998053926	5.665179269677272
1884	79.083716940246	5.672685815974793
1885	79.07402652464269	5.680205472931654
1886	79.06433873823761	5.687738250610872
1887	79.05465358553903	5.695284159075461
1888	79.04497107105524	5.702843208388439
1889	79.0352911992945	5.710415408612825
1890	79.02561397476515	5.718000769811631
1891	79.01593940197542	5.7255993020478755
1892	79.0062674854336	5.733211015384577
1893	78.99659822964799	5.74083591988475
1894	78.98693163912687	5.74847402561141
1895	78.9772677183785	5.756125342627577
1896	78.96760647191118	5.763789880996265
1897	78.95794790423321	5.77146765078049
1898	78.94829201985283	5.779158662043271
1899	78.93863882327837	5.786862924847623
1900	78.92898831901809	5.794580449256561
1901	78.91934051158026	5.802311245333105
1902	78.90969540547319	5.81005532314027
1903	78.90005300520512	5.817812692741072
1904	78.89041331528438	5.825583364198529
1905	78.88077634021923	5.833367347575656
1906	78.87114208451797	5.841164652935468
1907	78.86151055268886	5.848975290340986
1908	78.85188174924018	5.856799269855225
1909	78.84225567868023	5.864636601541198
1910	78.83263234551728	5.8724872954619265
1911	78.82301175425962	5.880351361680425
1912	78.81339390941554	5.888228810259708
1913	78.80377881549333	5.896119651262795
1914	78.79416647700123	5.904023894752703
1915	78.78455689844756	5.911941550792444
1916	78.77495008434059	5.91987262944504
1917	78.7653460391886	5.927817140773506
1918	78.75574476749988	5.935775094840855
1919	78.74614627378271	5.943746501710107
1920	78.73655056254539	5.951731371444279
1921	78.72695763829617	5.959729714106386
1922	78.71736750554334	5.967741539759445
1923	78.7077801687952	5.975766858466473
1924	78.69819563256002	5.983805680290486
1925	78.68861390134609	5.9918580152945
1926	78.6790349796617	5.999923873541532
1927	78.6694588720151	6.008003265094601
1928	78.6598855829146	6.016096200016717
1929	78.65031511686848	6.024202688370904
1930	78.64074747838501	6.032322740220176
1931	78.63118267197248	6.040456365627547
1932	78.62162070213918	6.048603574656037
1933	78.61206157339342	6.056764377368661
1934	78.60250529024341	6.064938783828434
1935	78.59295185719748	6.073126804098376
1936	78.58340127876392	6.081328448241502
1937	78.57385355945097	6.089543726320826
1938	78.56430870376695	6.097772648399368
1939	78.55476671622014	6.106015224540144
1940	78.54522760131883	6.114271464806169
1941	78.53569136357126	6.122541379260461
1942	78.52615800748576	6.1308249779660375
1943	78.51662753757059	6.1391222709859115
1944	78.50709995833402	6.147433268383103
1945	78.49757527428436	6.155757980220628
1946	78.4880534899299	6.164096416561499
1947	78.47853460977888	6.172448587468739
1948	78.4690186383396	6.180814503005361
1949	78.45950558012038	6.18919417323438
1950	78.44999543962945	6.197587608218816
1951	78.4404882213751	6.205994818021685
1952	78.43098392986565	6.214415812706001
1953	78.42148256960937	6.222850602334782
1954	78.41198414511452	6.2312991969710465
1955	78.40248866088939	6.239761606677807
1956	78.39299612144227	6.248237841518085
1957	78.38350653128143	6.2567279115548935
1958	78.37401989491516	6.265231826851249
1959	78.36453621685179	6.273749597470169
1960	78.35505550159952	6.282281233474672
1961	78.34557775366667	6.290826744927769
1962	78.33610297756154	6.299386141892484
1963	78.3266311777924	6.307959434431829
1964	78.31716235886749	6.316546632608818
1965	78.30769652529517	6.325147746486475
1966	78.29823368158368	6.333762786127811
1967	78.2887738322413	6.342391761595842
1968	78.27931698177632	6.351034682953589
1969	78.269863134697	6.359691560264066
1970	78.26041229551168	6.368362403590288
1971	78.25096446872858	6.377047222995274
1972	78.24151965885602	6.385746028542041
1973	78.23207787040229	6.394458830293601
1974	78.22263910787564	6.403185638312976
1975	78.21320337578437	6.411926462663182
1976	78.20377067863676	6.420681313407233
1977	78.19434102094108	6.429450200608144
1978	78.18491440720564	6.438233134328936
1979	78.17549084193872	6.447030124632624
1980	78.16607032964858	6.4558411815822225
1981	78.1566528748435	6.464666315240751
1982	78.14723848203178	6.473505535671226
1983	78.13782715572171	6.48235885293666
1984	78.12841890042156	6.491226277100075
1985	78.11901372063961	6.500107818224484
1986	78.10961162088415	6.509003486372903
1987	78.10021260566347	6.517913291608352
1988	78.09081667948583	6.526837243993845
1989	78.08142384685952	6.535775353592397
1990	78.07203411229283	6.54472763046703
1991	78.06264748029403	6.553694084680757
1992	78.05326395537145	6.562674726296592
1993	78.04388354203331	6.571669565377557
1994	78.0345062447879	6.5806786119866665
1995	78.02513206814355	6.589701876186934
1996	78.01576101660851	6.59873936804138
1997	78.00639309469105	6.6077910976130205
1998	77.99702830689947	6.616857074964868
1999	77.98766665774207	6.625937310159944
2000	77.9783081517271	6.635031813261265
2001	77.96895279336286	6.644140594331843
2002	77.95960058715762	6.6532636634347
2003	77.95025153761968	6.662401030632849
2004	77.94090564925732	6.671552705989306
2005	77.9315629265788	6.68071869956709
2006	77.92222337409245	6.689899021429218
2007	77.9128869963065	6.699093681638702
2008	77.90355379772924	6.708302690258565
2009	77.89422378286899	6.717526057351819
2010	77.884896956234	6.72676379298148
2011	77.87557332233257	6.736015907210569
2012	77.86625288567299	6.745282410102099
2013	77.8569356507635	6.754563311719087
2014	77.84762162211243	6.763858622124551
2015	77.83831080422803	6.773168351381506
2016	77.8290032016186	6.782492509552968
2017	77.81969881879242	6.791831106701957
2018	77.81039766025776	6.801184152891486
2019	77.80109973052295	6.810551658184572
2020	77.7918050340962	6.819933632644235
2021	77.78251357548585	6.829330086333487
2022	77.77322535920014	6.838741029315345
2023	77.76394038974739	6.84816647165283
2024	77.75465867163587	6.857606423408955
2025	77.74538020937385	6.867060894646736
2026	77.73610500746963	6.87652989542919
2027	77.7268330704315	6.886013435819336
2028	77.71756440276769	6.895511525880189
2029	77.70829900898654	6.905024175674763
2030	77.69903689359631	6.91455139526608
2031	77.68977806110529	6.924093194717152
2032	77.68052251602177	6.933649584090996
2033	77.67127026285401	6.943220573450631
2034	77.66202130611029	6.952806172859072
2035	77.65277565029892	6.962406392379335
2036	77.64353329992817	6.972021242074438
2037	77.6342942595063	6.981650732007397
2038	77.62505853354165	6.991294872241227
2039	77.61582612654246	7.000953672838946
2040	77.606597043017	7.010627143863571
2041	77.59737128747358	7.020315295378118
2042	77.58814886442048	7.030018137445604
2043	77.57892977836596	7.039735680129046
2044	77.56971403381833	7.0494679334914565
2045	77.56050163528587	7.059214907595859
2046	77.55129258727685	7.068976612505264
2047	77.54208689429956	7.07875305828269
2048	77.53288456086227	7.088544254991156
2049	77.52368559147328	7.098350212693676
2050	77.51448999064087	7.108170941453264
2051	77.50529776287331	7.118006451332942
2052	77.4961089126789	7.127856752395726
2053	77.48692344456592	7.137721854704626
2054	77.47774136304263	7.147601768322668
2055	77.46856267261734	7.157496503312862
2056	77.45938737779831	7.167406069738224
2057	77.45021548309384	7.177330477661775
2058	77.44104699301221	7.18726973714653
2059	77.4318819120617	7.197223858255503
2060	77.4227202447506	7.2071928510517145
2061	77.41356199558716	7.217176725598179
2062	77.40440716907969	7.227175491957912
2063	77.39525576973648	7.237189160193932
2064	77.38610780206581	7.247217740369255
2065	77.37696327057596	7.257261242546896
2066	77.36782217977519	7.2673196767898744
2067	77.3586845341718	7.277393053161205
2068	77.34955033827408	7.287481381723904
2069	77.34041959659031	7.297584672540989
2070	77.33129231362877	7.307702935675477
2071	77.32216849389773	7.317836181190381
2072	77.3130481419055	7.327984419148723
