0.0	47.77439147778223	4.0
1.0	47.775336512514514	4.0
2.0	47.77627950003132	4.0
3.0	47.77722044212041	4.0
4.0	47.778159340569545	4.0
5.0	47.77909619716651	4.0
6.0	47.78003101369906	4.0
7.0	47.78096379195496	4.0
8.0	47.78189453372201	4.0
9.0	47.782823240787934	4.0
10.0	47.78374991494054	4.0
11.0	47.78467455796759	4.0
12.0	47.78559717165683	4.0
13.0	47.78651775779606	4.0
14.0	47.78743631817302	4.0
15.0	47.78835285457552	4.0
16.0	47.789267368791286	4.0
17.0	47.79017986260811	4.0
18.0	47.79109033781377	4.0
19.0	47.791998796196	4.0
20.0	47.792905239542605	4.0
21.0	47.79380966964135	4.0
22.0	47.794712088279994	4.0
23.0	47.795612497246296	4.0
24.0	47.79651089832804	4.0
25.0	47.797407293313	4.0
26.0	47.79830168398894	4.0
27.0	47.79919407214362	4.0
28.0	47.80008445956483	4.0
29.0	47.80097284804032	4.0
30.0	47.80185923935787	4.0
31.0	47.802743635305234	4.0
32.0	47.80362603767021	4.0
33.0	47.804506448240545	4.0
34.0	47.80538486880401	4.0
35.0	47.806261301148396	4.0
36.0	47.80713574706144	4.0
37.0	47.80800820833093	4.0
38.0	47.808878686744634	4.0
39.0	47.80974718409031	4.0
40.0	47.81061370215576	4.0
41.0	47.81147824272871	4.0
42.0	47.81234080759697	4.0
43.0	47.81320139854827	4.0
44.0	47.81406001737042	4.0
45.0	47.81491666585116	4.0
46.0	47.815771345778245	4.0
47.0	47.816624058939496	4.0
48.0	47.81747480712265	4.0
49.0	47.818323592115476	4.0
50.0	47.81917041570574	4.0
51.0	47.82001527968123	4.0
52.0	47.82085818582971	4.0
53.0	47.82169913593893	4.0
54.0	47.82253813179669	4.0
55.0	47.82337517519072	4.0
56.0	47.824210267908825	4.0
57.0	47.82504341173876	4.0
58.0	47.8258746084683	4.0
59.0	47.826703859885214	4.0
60.0	47.827531167777266	4.0
61.0	47.82835653393222	4.0
62.0	47.829179960137864	4.0
63.0	47.830001448181946	4.0
64.0	47.830820999852264	4.0
65.0	47.831638616936544	4.0
66.0	47.83245430122261	4.0
67.0	47.83326805449818	4.0
68.0	47.83407987855105	4.0
69.0	47.83488977516899	4.0
70.0	47.83569774613976	4.0
71.0	47.836503793251154	4.0
72.0	47.83730791829089	4.0
73.0	47.83811012304679	4.0
74.0	47.83891040930661	4.0
75.0	47.83970877885808	4.0
76.0	47.84050523348904	4.0
77.0	47.84129977498719	4.0
78.0	47.842092405140335	4.0
79.0	47.842883125736265	4.0
80.0	47.84367193856269	4.0
81.0	47.844458845407445	4.0
82.0	47.845243848058246	4.0
83.0	47.84602694830289	4.0
84.0	47.84680814792915	4.0
85.0	47.84758744872477	4.0
86.0	47.84836485247756	4.0
87.0	47.84914036097524	4.0
88.0	47.849913976005624	4.0
89.0	47.85068569935646	4.0
90.0	47.85145553281551	4.0
91.0	47.85222347817056	4.0
92.0	47.85298953720937	4.0
93.0	47.85375371171972	4.0
94.0	47.85451600348935	4.0
95.0	47.85527641430606	4.0
96.0	47.85603494595763	4.0
97.0	47.85679160023179	4.0
98.0	47.85754637891634	4.0
99.0	47.85829928379903	4.0
100.0	47.859050316667634	4.0
101.0	47.85979947930994	4.0
102.0	47.860546773513704	4.0
103.0	47.86129220106669	4.0
104.0	47.862035763756666	4.0
105.0	47.8627774633714	4.0
106.0	47.86351730169869	4.0
107.0	47.86425528052628	4.0
108.0	47.864991401641944	4.0
109.0	47.86572566683344	4.0
110.0	47.866458077888566	4.0
111.0	47.86718863659506	4.0
112.0	47.867917344740704	4.0
113.0	47.86864420411328	4.0
114.0	47.86936921650053	4.0
115.0	47.87009238369026	4.0
116.0	47.870813707470205	4.0
117.0	47.87153318962815	4.0
118.0	47.872250831951874	4.0
119.0	47.87296663622912	4.0
120.0	47.873680604247696	4.0
121.0	47.87439273779533	4.0
122.0	47.8751030386598	4.0
123.0	47.875811508628914	4.0
124.0	47.876518149490394	4.0
125.0	47.87722296303204	4.0
126.0	47.877925951041604	4.0
127.0	47.878627115306855	4.0
128.0	47.87932645761559	4.0
129.0	47.880023979755535	4.0
130.0	47.8807196835145	4.0
131.0	47.88141357068021	4.0
132.0	47.88210564304049	4.0
133.0	47.882795902383066	4.0
134.0	47.883484350495706	4.0
135.0	47.88417098916622	4.0
136.0	47.88485582018234	4.0
137.0	47.885538845331865	4.0
138.0	47.88622006640253	4.0
139.0	47.88689948518211	4.0
140.0	47.88757710345841	4.0
141.0	47.88825292301917	4.0
142.0	47.88892694565216	4.0
143.0	47.88959917314516	4.0
144.0	47.890269607285916	4.0
145.0	47.890938249862245	4.0
146.0	47.89160510266187	4.0
147.0	47.89227016747259	4.0
148.0	47.89293344608214	4.0
149.0	47.89359494027832	4.0
150.0	47.8942546518489	4.0
151.0	47.894912582581625	4.0
152.0	47.8955687342643	4.0
153.0	47.89622310868465	4.0
154.0	47.896875707630485	4.0
155.0	47.89752653288956	4.0
156.0	47.89817558624962	4.0
157.0	47.89882286949849	4.0
158.0	47.89946838442387	4.0
159.0	47.900112132813604	4.0
160.0	47.90075411645539	4.0
161.0	47.901394337137035	4.0
162.0	47.902032796646324	4.0
163.0	47.902669496771	4.0
164.0	47.903304439298836	4.0
165.0	47.903937626017594	4.0
166.0	47.904569058715055	4.0
167.0	47.90519873917901	4.0
168.0	47.90582666919718	4.0
169.0	47.906452850557386	4.0
170.0	47.90707728504735	4.0
171.0	47.90769997445486	4.0
172.0	47.908320920567704	4.0
173.0	47.90894012517363	4.0
174.0	47.909557590060416	4.0
175.0	47.91017331701582	4.0
176.0	47.91078730782765	4.0
177.0	47.91139956428361	4.0
178.0	47.91201008817151	4.0
179.0	47.91261888127913	4.0
180.0	47.91322594539422	4.0
181.0	47.91383128230454	4.0
182.0	47.91443489379789	4.0
183.0	47.91503678166201	4.0
184.0	47.91563694768469	4.0
185.0	47.91623539365368	4.0
186.0	47.91683212135678	4.0
187.0	47.91742713258172	4.0
188.0	47.9180204291163	4.0
189.0	47.918612012748284	4.0
190.0	47.91920188526542	4.0
191.0	47.919790048455525	4.0
192.0	47.920376504106315	4.0
193.0	47.920961254005576	4.0
194.0	47.921544299941104	4.0
195.0	47.922125643700625	4.0
196.0	47.92270528707195	4.0
197.0	47.92328323184282	4.0
198.0	47.923859479801024	4.0
199.0	47.92443403273431	4.0
200.0	47.925006892430446	4.0
201.0	47.92557806067724	4.0
202.0	47.92614753926243	4.0
203.0	47.92671532997379	4.0
204.0	47.927281434599095	4.0
205.0	47.92784585492609	4.0
206.0	47.928408592742585	4.0
207.0	47.92896964983632	4.0
208.0	47.92952902799509	4.0
209.0	47.93008672900663	4.0
210.0	47.93064275465872	4.0
211.0	47.93119710673916	4.0
212.0	47.931749787035685	4.0
213.0	47.93230079733608	4.0
214.0	47.93285013942811	4.0
215.0	47.93339781509954	4.0
216.0	47.93394382613815	4.0
217.0	47.93448817433169	4.0
218.0	47.935030861467965	4.0
219.0	47.93557188933471	4.0
220.0	47.93611125971971	4.0
221.0	47.93664897441073	4.0
222.0	47.937185035195526	4.0
223.0	47.93771944386191	4.0
224.0	47.9382522021976	4.0
225.0	47.93878331199042	4.0
226.0	47.93931277502807	4.0
227.0	47.93984059309838	4.0
228.0	47.940366767989104	4.0
229.0	47.94089130148798	4.0
230.0	47.94141419538283	4.0
231.0	47.941935451461376	4.0
232.0	47.94245507151142	4.0
233.0	47.942973057320714	4.0
234.0	47.94348941067703	4.0
235.0	47.94400413336815	4.0
236.0	47.94451722718182	4.0
237.0	47.945028693905826	4.0
238.0	47.94553853532794	4.0
239.0	47.94604675323592	4.0
240.0	47.94655334941754	4.0
241.0	47.94705832566058	4.0
242.0	47.947561683752795	4.0
243.0	47.94806342548195	4.0
244.0	47.94856355263583	4.0
245.0	47.9490620670022	4.0
246.0	47.94955897036883	4.0
247.0	47.95005426452349	4.0
248.0	47.950547951253924	4.0
249.0	47.95104003234795	4.0
250.0	47.9515305095933	4.0
251.0	47.952019384777756	4.0
252.0	47.95250665968909	4.0
253.0	47.95299233611506	4.0
254.0	47.95347641584344	4.0
255.0	47.953958900662016	4.0
256.0	47.95443979235854	4.0
257.0	47.954919092720786	4.0
258.0	47.955396803536516	4.0
259.0	47.955872926593514	4.0
260.0	47.95634746367955	4.0
261.0	47.95682041658236	4.0
262.0	47.95729178708977	4.0
263.0	47.9577615769895	4.0
264.0	47.958229788069346	4.0
265.0	47.95869642211706	4.0
266.0	47.959161480920415	4.0
267.0	47.9596249662672	4.0
268.0	47.960086879945166	4.0
269.0	47.9605472237421	4.0
270.0	47.96100599944573	4.0
271.0	47.96146320884387	4.0
272.0	47.96191885372427	4.0
273.0	47.9623729358747	4.0
274.0	47.96282545708294	4.0
275.0	47.96327641913675	4.0
276.0	47.96372582382389	4.0
277.0	47.96417367293216	4.0
278.0	47.964619968249295	4.0
279.0	47.9650647115631	4.0
280.0	47.965507904661294	4.0
281.0	47.96594954933168	4.0
282.0	47.96638964736205	4.0
283.0	47.966828200540135	4.0
284.0	47.96726521065372	4.0
285.0	47.96770067949055	4.0
286.0	47.96813460883844	4.0
287.0	47.96856700048512	4.0
288.0	47.96899785621838	4.0
289.0	47.96942717782599	4.0
290.0	47.9698549670957	4.0
291.0	47.97028122581531	4.0
292.0	47.97070595577256	4.0
293.0	47.97112915875522	4.0
294.0	47.97155083655109	4.0
295.0	47.97197099094791	4.0
296.0	47.97238962373348	4.0
297.0	47.97280673669553	4.0
298.0	47.97322233162184	4.0
299.0	47.973636410300216	4.0
300.0	47.97404897451838	4.0
301.0	47.974460026064136	4.0
302.0	47.97486956672523	4.0
303.0	47.97527759828942	4.0
304.0	47.975684122544536	4.0
305.0	47.97608914127828	4.0
306.0	47.97649265627847	4.0
307.0	47.97689466933282	4.0
308.0	47.97729518222917	4.0
309.0	47.97769419675522	4.0
310.0	47.97809171469879	4.0
311.0	47.978487737847644	4.0
312.0	47.97888226798952	4.0
313.0	47.979275306912214	4.0
314.0	47.97966685640348	4.0
315.0	47.980056918251094	4.0
316.0	47.98044549424284	4.0
317.0	47.98083258616647	4.0
318.0	47.98121819580976	4.0
319.0	47.98160232496048	4.0
320.0	47.98198497540638	4.0
321.0	47.98236614893527	4.0
322.0	47.98274584733487	4.0
323.0	47.983124072393	4.0
324.0	47.98350082589738	4.0
325.0	47.983876109635816	4.0
326.0	47.98424992539607	4.0
327.0	47.9846222749659	4.0
328.0	47.9849931601331	4.0
329.0	47.9853625826854	4.0
330.0	47.9857305444106	4.0
331.0	47.98609704709645	4.0
332.0	47.98646209253074	4.0
333.0	47.986825682501234	4.0
334.0	47.98718781879569	4.0
335.0	47.98754850320189	4.0
336.0	47.9879077375076	4.0
337.0	47.98826552350057	4.0
338.0	47.9886218629686	4.0
339.0	47.98897675769945	4.0
340.0	47.98933020948088	4.0
341.0	47.98968222010066	4.0
342.0	47.990032791346565	4.0
343.0	47.99038192500639	4.0
344.0	47.990729622867846	4.0
345.0	47.99107588671876	4.0
346.0	47.99142071834686	4.0
347.0	47.99176411953992	4.0
348.0	47.99210609208575	4.0
349.0	47.992446637772076	4.0
350.0	47.99278575838669	4.0
351.0	47.99312345571734	4.0
352.0	47.99345973155182	4.0
353.0	47.99379458767788	4.0
354.0	47.9941280258833	4.0
355.0	47.994460047955855	4.0
356.0	47.9947906556833	4.0
357.0	47.99511985085343	4.0
358.0	47.99544763525397	4.0
359.0	47.99577401067272	4.0
360.0	47.99609897889745	4.0
361.0	47.996422541715916	4.0
362.0	47.99674470091591	4.0
363.0	47.99706545828518	4.0
364.0	47.9973848156115	4.0
365.0	47.99770277468265	4.0
366.0	47.99801933728638	4.0
367.0	47.998334505210494	4.0
368.0	47.998648280242705	4.0
369.0	47.99896066417084	4.0
370.0	47.99927165878263	4.0
371.0	47.99958126586587	4.0
372.0	47.99988948720832	4.0
373.0	48.00019632459774	4.0
374.0	48.0005017798219	4.0
375.0	48.000805854668585	4.0
376.0	48.00110855092555	4.0
377.0	48.001409870380584	4.0
378.0	48.001709814821425	4.0
379.0	48.00200838603588	4.0
380.0	48.00230558581168	4.0
381.0	48.002601415936624	4.0
382.0	48.00289587819847	4.0
383.0	48.00318897438498	4.0
384.0	48.00348070628394	4.0
385.0	48.003771075683105	4.0
386.0	48.00406008437025	4.0
387.0	48.00434773413316	4.0
388.0	48.00463402675956	4.0
389.0	48.00491896403729	4.0
390.0	48.00520254775404	4.0
391.0	48.005484779697625	4.0
392.0	48.005765661655815	4.0
393.0	48.00604519541638	4.0
394.0	48.006323382767064	4.0
395.0	48.00660022549566	4.0
396.0	48.006875725389946	4.0
397.0	48.00714988423765	4.0
398.0	48.00742270382658	4.0
399.0	48.00769418594449	4.0
400.0	48.007964332379146	4.0
401.0	48.00823314491835	4.0
402.0	48.008500625349825	4.0
403.0	48.00876677546135	4.0
404.0	48.00903159704073	4.0
405.0	48.0092950918757	4.0
406.0	48.00955726175404	4.0
407.0	48.00981810846352	4.0
408.0	48.010077633791894	4.0
409.0	48.010335839526974	4.0
410.0	48.01059272745647	4.0
411.0	48.010848299368206	4.0
412.0	48.01110255704991	4.0
413.0	48.011355502289376	4.0
414.0	48.011607136874375	4.0
415.0	48.01185746259266	4.0
416.0	48.012106481232024	4.0
417.0	48.0123541945802	4.0
418.0	48.01260060442499	4.0
419.0	48.01284571255415	4.0
420.0	48.01308952075544	4.0
421.0	48.01333203081667	4.0
422.0	48.013573244525546	4.0
423.0	48.01381316366991	4.0
424.0	48.014051790037456	4.0
425.0	48.014289125416	4.0
426.0	48.01452517159332	4.0
427.0	48.01475993035716	4.0
428.0	48.014993403495296	4.0
429.0	48.01522559279549	4.0
430.0	48.01545650004552	4.0
431.0	48.01568612703316	4.0
432.0	48.01591447554618	4.0
433.0	48.01614154737236	4.0
434.0	48.016367344299425	4.0
435.0	48.01659186811517	4.0
436.0	48.01681512060739	4.0
437.0	48.01703710356382	4.0
438.0	48.01725781877225	4.0
439.0	48.01747726802043	4.0
440.0	48.01769545309615	4.0
441.0	48.01791237578716	4.0
442.0	48.01812803788124	4.0
443.0	48.01834244116618	4.0
444.0	48.0185555874297	4.0
445.0	48.01876747845962	4.0
446.0	48.018978116043684	4.0
447.0	48.01918750196964	4.0
448.0	48.019395638025316	4.0
449.0	48.01960252599842	4.0
450.0	48.01980816767677	4.0
451.0	48.0200125648481	4.0
452.0	48.0202157193002	4.0
453.0	48.02041763282084	4.0
454.0	48.020618307197765	4.0
455.0	48.02081774421879	4.0
456.0	48.021015945671635	4.0
457.0	48.02121291334409	4.0
458.0	48.02140864902394	4.0
459.0	48.02160315449892	4.0
460.0	48.02179643155684	4.0
461.0	48.02198848198543	4.0
462.0	48.0221793075725	4.0
463.0	48.02236891010578	4.0
464.0	48.02255729137306	4.0
465.0	48.02274445316212	4.0
466.0	48.022930397260694	4.0
467.0	48.0231151254566	4.0
468.0	48.02329863953756	4.0
469.0	48.02348094129137	4.0
470.0	48.0236620325058	4.0
471.0	48.0238419149686	4.0
472.0	48.02402059046757	4.0
473.0	48.02419806079044	4.0
474.0	48.02437432772501	4.0
475.0	48.02454939305906	4.0
476.0	48.02472325858032	4.0
477.0	48.024895926076596	4.0
478.0	48.02506739733563	4.0
479.0	48.0252376741452	4.0
480.0	48.02540675829309	4.0
481.0	48.02557465156704	4.0
482.0	48.02574135575486	4.0
483.0	48.025906872644285	4.0
484.0	48.02607120402311	4.0
485.0	48.026234351679065	4.0
486.0	48.02639631739996	4.0
487.0	48.026557102973555	4.0
488.0	48.0267167101876	4.0
489.0	48.02687514082989	4.0
490.0	48.02703239668817	4.0
491.0	48.02718847955023	4.0
492.0	48.02734339120384	4.0
493.0	48.02749713343674	4.0
494.0	48.02764970803675	4.0
495.0	48.02780111679159	4.0
496.0	48.027951361489045	4.0
497.0	48.02810044391691	4.0
498.0	48.02824836586291	4.0
499.0	48.028395129114855	4.0
500.0	48.028540735460496	4.0
501.0	48.028685186687596	4.0
502.0	48.02882848458394	4.0
503.0	48.02897063093728	4.0
504.0	48.0291116275354	4.0
505.0	48.02925147616607	4.0
506.0	48.02939017861705	4.0
507.0	48.029527736676116	4.0
508.0	48.02966415213102	4.0
509.0	48.02979942676957	4.0
510.0	48.0299335623795	4.0
511.0	48.030066560748594	4.0
512.0	48.030198423664615	4.0
513.0	48.03032915291533	4.0
514.0	48.03045875028853	4.0
515.0	48.03058721757195	4.0
516.0	48.030714556553406	4.0
517.0	48.030840769020614	4.0
518.0	48.03096585676137	4.0
519.0	48.031089821563455	4.0
520.0	48.031212665214625	4.0
521.0	48.03133438950266	4.0
522.0	48.0314549962153	4.0
523.0	48.03157448714033	4.0
524.0	48.03169286406556	4.0
525.0	48.03181012877869	4.0
526.0	48.03192628306755	4.0
527.0	48.032041328719856	4.0
528.0	48.03215526752342	4.0
529.0	48.032268101265984	4.0
530.0	48.03237983173534	4.0
531.0	48.032490460719245	4.0
532.0	48.032599990005465	4.0
533.0	48.032708421381784	4.0
534.0	48.03281575663594	4.0
535.0	48.03292199755573	4.0
536.0	48.03302714592894	4.0
537.0	48.03313120354329	4.0
538.0	48.033234172186596	4.0
539.0	48.03333605364659	4.0
540.0	48.033436849711066	4.0
541.0	48.0335365621678	4.0
542.0	48.03363519280454	4.0
543.0	48.03373274340906	4.0
544.0	48.03382921576913	4.0
545.0	48.03392461167253	4.0
546.0	48.03401893290702	4.0
547.0	48.03411218126037	4.0
548.0	48.034204358520356	4.0
549.0	48.03429546647473	4.0
550.0	48.03438550691129	4.0
551.0	48.03447448161778	4.0
552.0	48.03456239238197	4.0
553.0	48.034649240991655	4.0
554.0	48.03473502923458	4.0
555.0	48.034819758898536	4.0
556.0	48.034903431771255	4.0
557.0	48.03498604964054	4.0
558.0	48.03506761429415	4.0
559.0	48.03514812751985	4.0
560.0	48.035227591105425	4.0
561.0	48.035306006838624	4.0
562.0	48.03538337650723	4.0
563.0	48.035459701899015	4.0
564.0	48.03553498480173	4.0
565.0	48.035609227003164	4.0
566.0	48.035682430291075	4.0
567.0	48.03575459645323	4.0
568.0	48.03582572727743	4.0
569.0	48.03589582455139	4.0
570.0	48.03596489006293	4.0
571.0	48.036032925599784	4.0
572.0	48.03609993294975	4.0
573.0	48.03616591390056	4.0
574.0	48.03623087024002	4.0
575.0	48.036294803755894	4.0
576.0	48.036357716235926	4.0
577.0	48.03641960946793	4.0
578.0	48.03648048523962	4.0
579.0	48.03654034533879	4.0
580.0	48.03659919155325	4.0
581.0	48.036657025670706	4.0
582.0	48.03671384947896	4.0
583.0	48.03676966476577	4.0
584.0	48.036824473318916	4.0
585.0	48.03687827692616	4.0
586.0	48.03693107737527	4.0
587.0	48.03698287645403	4.0
588.0	48.0370336759502	4.0
589.0	48.037083477651535	4.0
590.0	48.03713228334583	4.0
591.0	48.037180094820826	4.0
592.0	48.03722691386433	4.0
593.0	48.03727274226408	4.0
594.0	48.037317581807855	4.0
595.0	48.037361434283426	4.0
596.0	48.037404301478546	4.0
597.0	48.037446185181025	4.0
598.0	48.03748708717859	4.0
599.0	48.03752700925904	4.0
600.0	48.03756595321012	4.0
601.0	48.03760392081962	4.0
602.0	48.03764091387531	4.0
603.0	48.03767693416492	4.0
604.0	48.037711983476285	4.0
605.0	48.03774606359711	4.0
606.0	48.03777917631521	4.0
607.0	48.03781132341834	4.0
608.0	48.03784250669426	4.0
609.0	48.03787272793076	4.0
610.0	48.03790198891558	4.0
611.0	48.03793029143651	4.0
612.0	48.03795763728132	4.0
613.0	48.03798402823777	4.0
614.0	48.038009466093655	4.0
615.0	48.038033952636695	4.0
616.0	48.038057489654705	4.0
617.0	48.03808007893544	4.0
618.0	48.038101722266646	4.0
619.0	48.03812242143613	4.0
620.0	48.03814217823164	4.0
621.0	48.03816099444096	4.0
622.0	48.03817887185184	4.0
623.0	48.038195812252056	4.0
624.0	48.0382118174294	4.0
625.0	48.03822688917161	4.0
626.0	48.03824102926647	4.0
627.0	48.03825423950174	4.0
628.0	48.03826652166519	4.0
629.0	48.03827787754463	4.0
630.0	48.03828830892776	4.0
631.0	48.03829781760241	4.0
632.0	48.03830640535631	4.0
633.0	48.03831407397723	4.0
634.0	48.03832082525298	4.0
635.0	48.03832666097129	4.0
636.0	48.03833158291995	4.0
637.0	48.038335592886725	4.0
638.0	48.03833869265938	4.0
639.0	48.03834088402567	4.0
640.0	48.03834216877338	4.0
641.0	48.038342548690295	4.0
642.0	48.03834202556416	4.0
643.0	48.03834060118277	4.0
644.0	48.03833827733385	4.0
645.0	48.038335055805206	4.0
646.0	48.03833093838462	4.0
647.0	48.03832592685981	4.0
648.0	48.0383200230186	4.0
649.0	48.03831322864872	4.0
650.0	48.03830554553795	4.0
651.0	48.03829697547408	4.0
652.0	48.038287520244864	4.0
653.0	48.038277181638065	4.0
654.0	48.038265961441454	4.0
655.0	48.0382538614428	4.0
656.0	48.03824088342989	4.0
657.0	48.03822702919048	4.0
658.0	48.03821230051234	4.0
659.0	48.03819669918323	4.0
660.0	48.038180226990946	4.0
661.0	48.038162885723224	4.0
662.0	48.03814467716785	4.0
663.0	48.038125603112604	4.0
664.0	48.03810566534523	4.0
665.0	48.03808486565353	4.0
666.0	48.03806320582524	4.0
667.0	48.03804068764815	4.0
668.0	48.03801731291003	4.0
669.0	48.037993083398646	4.0
670.0	48.037968000901756	4.0
671.0	48.03794206720714	4.0
672.0	48.03791528410257	4.0
673.0	48.03788765337582	4.0
674.0	48.037859176814635	4.0
675.0	48.03782985620681	4.0
676.0	48.037799693340105	4.0
677.0	48.03776869000228	4.0
678.0	48.03773684798114	4.0
679.0	48.0377041690644	4.0
680.0	48.037670655039875	4.0
681.0	48.03763630769531	4.0
682.0	48.037601128818494	4.0
683.0	48.03756512019716	4.0
684.0	48.03752828361911	4.0
685.0	48.03749062087212	4.0
686.0	48.037452133743926	4.0
687.0	48.03741282402234	4.0
688.0	48.03737269349509	4.0
689.0	48.03733174394995	4.0
690.0	48.03728997717474	4.0
691.0	48.03724739495715	4.0
692.0	48.03720399908502	4.0
693.0	48.037159791346085	4.0
694.0	48.0371147735281	4.0
695.0	48.03706894741889	4.0
696.0	48.037022314806165	4.0
697.0	48.03697487747773	4.0
698.0	48.03692663722133	4.0
699.0	48.03687759582475	4.0
700.0	48.03682775507578	4.0
701.0	48.03677711676214	4.0
702.0	48.036725682671644	4.0
703.0	48.03667345459202	4.0
704.0	48.03662043431109	4.0
705.0	48.036566623616565	4.0
706.0	48.03651202429626	4.0
707.0	48.036456638137935	4.0
708.0	48.03640046692934	4.0
709.0	48.03634351245826	4.0
710.0	48.03628577651246	4.0
711.0	48.0362272608797	4.0
712.0	48.03616796734778	4.0
713.0	48.03610789770444	4.0
714.0	48.03604705373748	4.0
715.0	48.035985437234615	4.0
716.0	48.03592304998365	4.0
717.0	48.03585989377238	4.0
718.0	48.035795970388534	4.0
719.0	48.03573128161989	4.0
720.0	48.03566582925423	4.0
721.0	48.035599615079306	4.0
722.0	48.035532640882906	4.0
723.0	48.03546490845278	4.0
724.0	48.03539641957671	4.0
725.0	48.03532717604247	4.0
726.0	48.035257179637824	4.0
727.0	48.035186432150525	4.0
728.0	48.03511493536837	4.0
729.0	48.03504269107911	4.0
730.0	48.03496970107052	4.0
731.0	48.03489596713038	4.0
732.0	48.03482149104644	4.0
733.0	48.034746274606476	4.0
734.0	48.03467031959828	4.0
735.0	48.03459362780957	4.0
736.0	48.03451620102818	4.0
737.0	48.034438041041824	4.0
738.0	48.03435914963829	4.0
739.0	48.03427952860538	4.0
740.0	48.034199179730805	4.0
741.0	48.03411810480239	4.0
742.0	48.034036305607856	4.0
743.0	48.03395378393499	4.0
744.0	48.03387054157159	4.0
745.0	48.03378658030539	4.0
746.0	48.03370190192419	4.0
747.0	48.033616508215715	4.0
748.0	48.03353040096778	4.0
749.0	48.033443581968115	4.0
750.0	48.03335605300451	4.0
751.0	48.03326781586476	4.0
752.0	48.03317887233658	4.0
753.0	48.033089224207785	4.0
754.0	48.03299887326612	4.0
755.0	48.03290782129936	4.0
756.0	48.03281607009528	4.0
757.0	48.03272362144165	4.0
758.0	48.03263047712623	4.0
759.0	48.03253663893679	4.0
760.0	48.0324421086611	4.0
761.0	48.03234688808695	4.0
762.0	48.03225097900207	4.0
763.0	48.03215438319428	4.0
764.0	48.032057102451304	4.0
765.0	48.03195913856092	4.0
766.0	48.03186049331093	4.0
767.0	48.03176116848907	4.0
768.0	48.03166116588312	4.0
769.0	48.03156048728084	4.0
770.0	48.031459134470026	4.0
771.0	48.031357109238414	4.0
772.0	48.03125441337379	4.0
773.0	48.03115104866393	4.0
774.0	48.03104701689658	4.0
775.0	48.03094231985955	4.0
776.0	48.030836959340576	4.0
777.0	48.030730937127416	4.0
778.0	48.03062425500789	4.0
779.0	48.03051691476972	4.0
780.0	48.030408918200706	4.0
781.0	48.03030026708859	4.0
782.0	48.03019096322116	4.0
783.0	48.03008100838619	4.0
784.0	48.029970404371426	4.0
785.0	48.02985915296466	4.0
786.0	48.02974725595365	4.0
787.0	48.029634715126164	4.0
788.0	48.029521532269996	4.0
789.0	48.02940770917287	4.0
790.0	48.029293247622604	4.0
791.0	48.02917814940693	4.0
792.0	48.02906241631365	4.0
793.0	48.028946050130486	4.0
794.0	48.02882905264525	4.0
795.0	48.02871142564571	4.0
796.0	48.02859317091962	4.0
797.0	48.02847429025475	4.0
798.0	48.028354785438864	4.0
799.0	48.02823465825975	4.0
800.0	48.02811391050517	4.0
801.0	48.02799254396288	4.0
802.0	48.02787056042068	4.0
803.0	48.02774796166631	4.0
804.0	48.02762474948753	4.0
805.0	48.02750092567216	4.0
806.0	48.02737649200792	4.0
807.0	48.027251450282606	4.0
808.0	48.027125802283976	4.0
809.0	48.0269995497998	4.0
810.0	48.02687269461785	4.0
811.0	48.02674523852589	4.0
812.0	48.026617183311714	4.0
813.0	48.02648853076306	4.0
814.0	48.02635928266771	4.0
815.0	48.02622944081344	4.0
816.0	48.026099006988005	4.0
817.0	48.025967982979196	4.0
818.0	48.02583637057475	4.0
819.0	48.02570417156247	4.0
820.0	48.025571387730096	4.0
821.0	48.02543802086541	4.0
822.0	48.025304072756214	4.0
823.0	48.02516954519021	4.0
824.0	48.025034439955235	4.0
825.0	48.024898758839	4.0
826.0	48.02476250362932	4.0
827.0	48.024625676113956	4.0
828.0	48.02448827808064	4.0
829.0	48.02435031131719	4.0
830.0	48.024211777611356	4.0
831.0	48.02407267875088	4.0
832.0	48.0239330165236	4.0
833.0	48.02379279271722	4.0
834.0	48.023652009119544	4.0
835.0	48.02351066751831	4.0
836.0	48.02336876970132	4.0
837.0	48.023226317456334	4.0
838.0	48.0230833125711	4.0
839.0	48.02293975683344	4.0
840.0	48.022795652031064	4.0
841.0	48.02265099995178	4.0
842.0	48.022505802383336	4.0
843.0	48.0223600611135	4.0
844.0	48.02221377793008	4.0
845.0	48.0220669546208	4.0
846.0	48.02191959297345	4.0
847.0	48.02177169477578	4.0
848.0	48.02162326181559	4.0
849.0	48.02147429588064	4.0
850.0	48.021324798758684	4.0
851.0	48.021174772237515	4.0
852.0	48.02102421810487	4.0
853.0	48.02087313814853	4.0
854.0	48.02072153415631	4.0
855.0	48.0205694079159	4.0
856.0	48.020416761215145	4.0
857.0	48.020263595841755	4.0
858.0	48.02010991358355	4.0
859.0	48.01995571622825	4.0
860.0	48.01980100556365	4.0
861.0	48.01964578337754	4.0
862.0	48.01949005145764	4.0
863.0	48.019333811591764	4.0
864.0	48.01917706556766	4.0
865.0	48.019019815173095	4.0
866.0	48.018862062195865	4.0
867.0	48.018703808423695	4.0
868.0	48.01854505564441	4.0
869.0	48.01838580564572	4.0
870.0	48.018226060215426	4.0
871.0	48.018065821141306	4.0
872.0	48.0179050902111	4.0
873.0	48.01774386921262	4.0
874.0	48.017582159933596	4.0
875.0	48.01741996416182	4.0
876.0	48.017257283685055	4.0
877.0	48.01709412029105	4.0
878.0	48.01693047576762	4.0
879.0	48.01676635190249	4.0
880.0	48.01660175048346	4.0
881.0	48.01643667329827	4.0
882.0	48.01627112213471	4.0
883.0	48.01610509878056	4.0
884.0	48.015938605023564	4.0
885.0	48.015771642651515	4.0
886.0	48.01560421345215	4.0
887.0	48.015436319213265	4.0
888.0	48.01526796172264	4.0
889.0	48.01509914276801	4.0
890.0	48.01492986413717	4.0
891.0	48.014760127617876	4.0
892.0	48.0145899349979	4.0
893.0	48.01441928806503	4.0
894.0	48.01424818860701	4.0
895.0	48.01407663841162	4.0
896.0	48.01390463926663	4.0
897.0	48.01373219295979	4.0
898.0	48.01355930127892	4.0
899.0	48.013385966011725	4.0
900.0	48.01321218894604	4.0
901.0	48.01303797186958	4.0
902.0	48.01286331657015	4.0
903.0	48.012688224835486	4.0
904.0	48.012512698453364	4.0
905.0	48.012336739211605	4.0
906.0	48.01216034889791	4.0
907.0	48.011983529300096	4.0
908.0	48.011806282205896	4.0
909.0	48.011628609403104	4.0
910.0	48.01145051267949	4.0
911.0	48.0112719938228	4.0
912.0	48.011093054620844	4.0
913.0	48.01091369686135	4.0
914.0	48.01073392233211	4.0
915.0	48.010553732820895	4.0
916.0	48.010373130115454	4.0
917.0	48.01019211600358	4.0
918.0	48.01001069227303	4.0
919.0	48.009828860711565	4.0
920.0	48.00964662310699	4.0
921.0	48.00946398124702	4.0
922.0	48.00928093691948	4.0
923.0	48.0090974919121	4.0
924.0	48.00891364801268	4.0
925.0	48.00872940700894	4.0
926.0	48.0085447706887	4.0
927.0	48.00835974083972	4.0
928.0	48.00817431924975	4.0
929.0	48.007988507706585	4.0
930.0	48.00780230799796	4.0
931.0	48.00761572191168	4.0
932.0	48.007428751235494	4.0
933.0	48.00724139775717	4.0
934.0	48.0070536632645	4.0
935.0	48.00686554954521	4.0
936.0	48.00667705838711	4.0
937.0	48.00648819157797	4.0
938.0	48.00629895090553	4.0
939.0	48.006109338157586	4.0
940.0	48.005919355121875	4.0
941.0	48.0057290035862	4.0
942.0	48.00553828533833	4.0
943.0	48.00534720216601	4.0
944.0	48.00515575585703	4.0
945.0	48.00496394819915	4.0
946.0	48.004771780980136	4.0
947.0	48.004579255987764	4.0
948.0	48.00438637500979	4.0
949.0	48.004193139834015	4.0
950.0	48.003999552248175	4.0
951.0	48.003805614040076	4.0
952.0	48.003611326997444	4.0
953.0	48.00341669290806	4.0
954.0	48.003221713559725	4.0
955.0	48.003026390740175	4.0
956.0	48.00283072623721	4.0
957.0	48.00263472183855	4.0
958.0	48.002438379332006	4.0
959.0	48.00224170050534	4.0
960.0	48.00204468714631	4.0
961.0	48.001847341042705	4.0
962.0	48.00164966398226	4.0
963.0	48.00145165775278	4.0
964.0	48.00125332414204	4.0
965.0	48.00105466493777	4.0
966.0	48.00085568192776	4.0
967.0	48.000656376899784	4.0
968.0	48.00045675164161	4.0
969.0	48.000256807941	4.0
970.0	48.000056547585714	4.0
971.0	47.99985597236356	4.0
972.0	47.99965508406227	4.0
973.0	47.99945388446963	4.0
974.0	47.9992523753734	4.0
975.0	47.99905055856135	4.0
976.0	47.99884843582127	4.0
977.0	47.99864600894091	4.0
978.0	47.99844327970804	4.0
979.0	47.998240249910424	4.0
980.0	47.99803692133585	4.0
981.0	47.99783329577208	4.0
982.0	47.99762937500688	4.0
983.0	47.99742516082803	4.0
984.0	47.99722065502327	4.0
985.0	47.9970158593804	4.0
986.0	47.99681077568718	4.0
987.0	47.99660540573137	4.0
988.0	47.99639975130076	4.0
989.0	47.9961938141831	4.0
990.0	47.995987596166174	4.0
991.0	47.99578109903773	4.0
992.0	47.99557432458555	4.0
993.0	47.99536727459743	4.0
994.0	47.995159950861094	4.0
995.0	47.994952355164344	4.0
996.0	47.99474448929493	4.0
997.0	47.99453635504062	4.0
998.0	47.9943279541892	4.0
999.0	47.99411928852844	4.0
1000.0	47.9939103598461	4.0
1001.0	47.993701169929935	4.0
1002.0	47.99349172056775	4.0
1003.0	47.99328201354729	4.0
1004.0	47.99307205065631	4.0
1005.0	47.992861833682625	4.0
1006.0	47.99265136441396	4.0
1007.0	47.99244064463811	4.0
1008.0	47.99222967614284	4.0
1009.0	47.9920184607159	4.0
1010.0	47.9918070001451	4.0
1011.0	47.991595296218165	4.0
1012.0	47.9913833507229	4.0
1013.0	47.99117116544704	4.0
1014.0	47.99095874217838	4.0
1015.0	47.9907460827047	4.0
1016.0	47.99053318881374	4.0
1017.0	47.99032006229329	4.0
1018.0	47.990106704931094	4.0
1019.0	47.98989311851494	4.0
1020.0	47.98967930483262	4.0
1021.0	47.98946526567185	4.0
1022.0	47.98925100282045	4.0
1023.0	47.98903651806616	4.0
1024.0	47.98882181319675	4.0
1025.0	47.988606890000014	4.0
1026.0	47.9883917502637	4.0
1027.0	47.98817639577558	4.0
1028.0	47.98796082832342	4.0
1029.0	47.98774504969499	4.0
1030.0	47.98752906167809	4.0
1031.0	47.98731286606045	4.0
1032.0	47.98709646462986	4.0
1033.0	47.98687985917407	4.0
1034.0	47.986663051480875	4.0
1035.0	47.98644604333802	4.0
1036.0	47.986228836533286	4.0
1037.0	47.986011432854454	4.0
1038.0	47.98579383408928	4.0
1039.0	47.98557604202554	4.0
1040.0	47.985358058450984	4.0
1041.0	47.9851398851534	4.0
1042.0	47.98492152392056	4.0
1043.0	47.984702976540234	4.0
1044.0	47.984484244800186	4.0
1045.0	47.98426533048817	4.0
1046.0	47.98404623539196	4.0
1047.0	47.98382696129936	4.0
1048.0	47.98360750999811	4.0
1049.0	47.98338788327598	4.0
1050.0	47.98316808292074	4.0
1051.0	47.98294811072016	4.0
1052.0	47.98272796846203	4.0
1053.0	47.98250765793408	4.0
1054.0	47.98228718092412	4.0
1055.0	47.982066539219886	4.0
1056.0	47.98184573460918	4.0
1057.0	47.98162476887974	4.0
1058.0	47.98140364381935	4.0
1059.0	47.98118236121579	4.0
1060.0	47.980960922856795	4.0
1061.0	47.980739330530184	4.0
1062.0	47.98051758602368	4.0
1063.0	47.98029569112508	4.0
1064.0	47.98007364762215	4.0
1065.0	47.979851457302644	4.0
1066.0	47.97962912195436	4.0
1067.0	47.97940664336504	4.0
1068.0	47.97918402332246	4.0
1069.0	47.978961263614394	4.0
1070.0	47.97873836602861	4.0
1071.0	47.9785153323529	4.0
1072.0	47.97829216437498	4.0
1073.0	47.978068863882655	4.0
1074.0	47.97784543266371	4.0
1075.0	47.97762187250588	4.0
1076.0	47.97739818519696	4.0
1077.0	47.9771743725247	4.0
1078.0	47.976950436276894	4.0
1079.0	47.97672637824127	4.0
1080.0	47.97650220020563	4.0
1081.0	47.97627790395775	4.0
1082.0	47.97605349128537	4.0
1083.0	47.9758289639763	4.0
1084.0	47.97560432381826	4.0
1085.0	47.97537957259905	4.0
1086.0	47.975154712106445	4.0
1087.0	47.97492974412819	4.0
1088.0	47.97470467045207	4.0
1089.0	47.974479492865854	4.0
1090.0	47.97425421315731	4.0
1091.0	47.974028833114204	4.0
1092.0	47.97380335452431	4.0
1093.0	47.9735777791754	4.0
1094.0	47.97335210885524	4.0
1095.0	47.97312634535159	4.0
1096.0	47.97290049045223	4.0
1097.0	47.972674545944926	4.0
1098.0	47.972448513617465	4.0
1099.0	47.97222239525759	4.0
1100.0	47.97199619265308	4.0
1101.0	47.97176990759171	4.0
1102.0	47.97154354186124	4.0
1103.0	47.97131709724944	4.0
1104.0	47.97109057554408	4.0
1105.0	47.97086397853296	4.0
1106.0	47.9706373080038	4.0
1107.0	47.97041056574439	4.0
1108.0	47.970183753542514	4.0
1109.0	47.96995687318592	4.0
1110.0	47.969729926462406	4.0
1111.0	47.969502915159694	4.0
1112.0	47.969275841065596	4.0
1113.0	47.969048705967865	4.0
1114.0	47.96882151165427	4.0
1115.0	47.96859425991259	4.0
1116.0	47.96836695253057	4.0
1117.0	47.96813959129601	4.0
1118.0	47.967912177996666	4.0
1119.0	47.9676847144203	4.0
1120.0	47.96745720235471	4.0
1121.0	47.96722964358763	4.0
1122.0	47.967002039906845	4.0
1123.0	47.96677439310011	4.0
1124.0	47.96654670495522	4.0
1125.0	47.966318977259945	4.0
1126.0	47.96609121180202	4.0
1127.0	47.96586341036925	4.0
1128.0	47.965635574749385	4.0
1129.0	47.96540770673019	4.0
1130.0	47.965179808099464	4.0
1131.0	47.96495188064493	4.0
1132.0	47.96472392615442	4.0
1133.0	47.96449594641564	4.0
1134.0	47.9642679432164	4.0
1135.0	47.964039918344454	4.0
1136.0	47.963811873587574	4.0
1137.0	47.96358381073354	4.0
1138.0	47.96335573157009	4.0
1139.0	47.96312763788501	4.0
1140.0	47.96289953146611	4.0
1141.0	47.962671414101095	4.0
1142.0	47.96244328757777	4.0
1143.0	47.9622151536839	4.0
1144.0	47.96198701420725	4.0
1145.0	47.96175887093558	4.0
1146.0	47.96153072565667	4.0
1147.0	47.96130258015832	4.0
1148.0	47.961074436228245	4.0
1149.0	47.96084629565425	4.0
1150.0	47.96061816022409	4.0
1151.0	47.960390031725524	4.0
1152.0	47.96016191194636	4.0
1153.0	47.959933802674314	4.0
1154.0	47.9597057056972	4.0
1155.0	47.95947762280278	4.0
1156.0	47.9592495557788	4.0
1157.0	47.95902150641305	4.0
1158.0	47.9587934764933	4.0
1159.0	47.958565467807304	4.0
1160.0	47.95833748214284	4.0
1161.0	47.95810952128768	4.0
1162.0	47.957881587029604	4.0
1163.0	47.95765368115636	4.0
1164.0	47.95742580545573	4.0
1165.0	47.95719796171548	4.0
1166.0	47.95697015172338	4.0
1167.0	47.95674237726719	4.0
1168.0	47.956514640134685	4.0
1169.0	47.956286942113664	4.0
1170.0	47.95605928499184	4.0
1171.0	47.95583167055703	4.0
1172.0	47.955604100596986	4.0
1173.0	47.95537657689947	4.0
1174.0	47.95514910125226	4.0
1175.0	47.95492167544313	4.0
1176.0	47.95469430125985	4.0
1177.0	47.95446698049017	4.0
1178.0	47.95423971492187	4.0
1179.0	47.954012506342735	4.0
1180.0	47.95378535654052	4.0
1181.0	47.953558267302995	4.0
1182.0	47.953331240417924	4.0
1183.0	47.95310427767309	4.0
1184.0	47.952877380856265	4.0
1185.0	47.952650551755184	4.0
1186.0	47.952423792157674	4.0
1187.0	47.95219710385145	4.0
1188.0	47.95197048862431	4.0
1189.0	47.95174394826401	4.0
1190.0	47.95151748455832	4.0
1191.0	47.951291099295034	4.0
1192.0	47.951064794261896	4.0
1193.0	47.95083857124669	4.0
1194.0	47.95061243203716	4.0
1195.0	47.9503863784211	4.0
1196.0	47.95016041218629	4.0
1197.0	47.94993453512046	4.0
1198.0	47.94970874901142	4.0
1199.0	47.94948305564691	4.0
1200.0	47.949257456814706	4.0
1201.0	47.9490319543026	4.0
1202.0	47.94880654989832	4.0
1203.0	47.94858124538969	4.0
1204.0	47.94835604256441	4.0
1205.0	47.948130943210316	4.0
1206.0	47.94790594911515	4.0
1207.0	47.947681062066664	4.0
1208.0	47.94745628385266	4.0
1209.0	47.94723161626088	4.0
1210.0	47.94700706107912	4.0
1211.0	47.94678262009512	4.0
1212.0	47.946558295096665	4.0
1213.0	47.946334087871534	4.0
1214.0	47.94611000020748	4.0
1215.0	47.94588603389229	4.0
1216.0	47.945662190713705	4.0
1217.0	47.945438472459514	4.0
1218.0	47.94521488091749	4.0
1219.0	47.944991417875386	4.0
1220.0	47.944768085121	4.0
1221.0	47.94454488444207	4.0
1222.0	47.944321817626374	4.0
1223.0	47.9440988864617	4.0
1224.0	47.94387609273579	4.0
1225.0	47.94365343823644	4.0
1226.0	47.9434309247514	4.0
1227.0	47.943208554068434	4.0
1228.0	47.94298632797535	4.0
1229.0	47.94276424825986	4.0
1230.0	47.94254231670979	4.0
1231.0	47.94232053511287	4.0
1232.0	47.9420989052569	4.0
1233.0	47.941877428929615	4.0
1234.0	47.9416561079188	4.0
1235.0	47.941434944012244	4.0
1236.0	47.94121393899768	4.0
1237.0	47.940993094662915	4.0
1238.0	47.94077241279568	4.0
1239.0	47.94055189518377	4.0
1240.0	47.94033154361496	4.0
1241.0	47.940111359876994	4.0
1242.0	47.93989134575767	4.0
1243.0	47.93967150304472	4.0
1244.0	47.93945183352595	4.0
1245.0	47.93923233898913	4.0
1246.0	47.939013021221996	4.0
1247.0	47.93879388201235	4.0
1248.0	47.93857492314794	4.0
1249.0	47.93835614641654	4.0
1250.0	47.93813755360594	4.0
1251.0	47.93791914650387	4.0
1252.0	47.937700926898145	4.0
1253.0	47.9374828965765	4.0
1254.0	47.93726505732671	4.0
1255.0	47.93704741093656	4.0
1256.0	47.9368299591938	4.0
1257.0	47.936612703886226	4.0
1258.0	47.93639564680157	4.0
1259.0	47.936178789727634	4.0
1260.0	47.93596213445217	4.0
1261.0	47.935745682762956	4.0
1262.0	47.935529436447766	4.0
1263.0	47.93531339729435	4.0
1264.0	47.93509756709051	4.0
1265.0	47.934881947623964	4.0
1266.0	47.93466654068253	4.0
1267.0	47.93445134805397	4.0
1268.0	47.934236371526026	4.0
1269.0	47.9340216128865	4.0
1270.0	47.93380707392312	4.0
1271.0	47.93359275642369	4.0
1272.0	47.933378662176	4.0
1273.0	47.93316479296776	4.0
1274.0	47.93295115058679	4.0
1275.0	47.93273773682081	4.0
1276.0	47.932524553457654	4.0
1277.0	47.932311602285026	4.0
1278.0	47.93209888509074	4.0
1279.0	47.93188640366256	4.0
1280.0	47.93167415978823	4.0
1281.0	47.93146215525556	4.0
1282.0	47.93125039185226	4.0
1283.0	47.931038871366155	4.0
1284.0	47.930827595585	4.0
1285.0	47.93061656629655	4.0
1286.0	47.930405785288585	4.0
1287.0	47.930195254348874	4.0
1288.0	47.92998497526517	4.0
1289.0	47.92977494982529	4.0
1290.0	47.92956517981695	4.0
1291.0	47.92935566702795	4.0
1292.0	47.92914641324603	4.0
1293.0	47.92893742025899	4.0
1294.0	47.928728689854594	4.0
1295.0	47.9285202238206	4.0
1296.0	47.9283120239448	4.0
1297.0	47.928104092014934	4.0
1298.0	47.92789642981879	4.0
1299.0	47.92768903914413	4.0
1300.0	47.92748192177871	4.0
1301.0	47.92727507951034	4.0
1302.0	47.927068514126745	4.0
1303.0	47.926862227415725	4.0
1304.0	47.92665622116503	4.0
1305.0	47.926450497162435	4.0
1306.0	47.92624505719573	4.0
1307.0	47.926039903052654	4.0
1308.0	47.92583503652101	4.0
1309.0	47.925630459388515	4.0
1310.0	47.92542617344297	4.0
1311.0	47.925222180472176	4.0
1312.0	47.92501848226385	4.0
1313.0	47.92481508060578	4.0
1314.0	47.92461197728575	4.0
1315.0	47.92440917409151	4.0
1316.0	47.92420667281084	4.0
1317.0	47.9240044752315	4.0
1318.0	47.92380258314127	4.0
1319.0	47.92360099832791	4.0
1320.0	47.923399722579205	4.0
1321.0	47.92319875768291	4.0
1322.0	47.922998105426785	4.0
1323.0	47.92279776759864	4.0
1324.0	47.92259774598618	4.0
1325.0	47.92239804237725	4.0
1326.0	47.92219865855955	4.0
1327.0	47.9219995963209	4.0
1328.0	47.92180085744904	4.0
1329.0	47.92160244373176	4.0
1330.0	47.92140435695681	4.0
1331.0	47.92120659891198	4.0
1332.0	47.92100917138501	4.0
1333.0	47.9208120761637	4.0
1334.0	47.9206153150358	4.0
1335.0	47.920418889789104	4.0
1336.0	47.92022280221134	4.0
1337.0	47.92002705409031	4.0
1338.0	47.91983164721378	4.0
1339.0	47.91963658336951	4.0
1340.0	47.91944186434527	4.0
1341.0	47.91924749192884	4.0
1342.0	47.919053467907986	4.0
1343.0	47.91885979407046	4.0
1344.0	47.91866647220404	4.0
1345.0	47.918473504096525	4.0
1346.0	47.918280891535645	4.0
1347.0	47.91808863630919	4.0
1348.0	47.91789674020491	4.0
1349.0	47.917705205010606	4.0
1350.0	47.91751403251402	4.0
1351.0	47.91732322450294	4.0
1352.0	47.91713278276512	4.0
1353.0	47.91694270908833	4.0
1354.0	47.91675300526035	4.0
1355.0	47.916563673068964	4.0
1356.0	47.916374714301895	4.0
1357.0	47.916186130746965	4.0
1358.0	47.9159979241919	4.0
1359.0	47.915810096424494	4.0
1360.0	47.91562264923252	4.0
1361.0	47.91543558440371	4.0
1362.0	47.915248903725896	4.0
1363.0	47.91506260898679	4.0
1364.0	47.914876701974194	4.0
1365.0	47.914691184475856	4.0
1366.0	47.91450605827957	4.0
1367.0	47.91432132517309	4.0
1368.0	47.914136986944186	4.0
1369.0	47.91395304538064	4.0
1370.0	47.913769502270185	4.0
1371.0	47.913586359400625	4.0
1372.0	47.91340361855974	4.0
1373.0	47.91322128153526	4.0
1374.0	47.913039350114985	4.0
1375.0	47.91285782608668	4.0
1376.0	47.91267671123809	4.0
1377.0	47.91249600735702	4.0
1378.0	47.912315716231205	4.0
1379.0	47.91213583964846	4.0
1380.0	47.9119563793965	4.0
1381.0	47.91177733726312	4.0
1382.0	47.91159871503611	4.0
1383.0	47.911420514503206	4.0
1384.0	47.9112427374522	4.0
1385.0	47.91106538567084	4.0
1386.0	47.91088846094692	4.0
1387.0	47.9107119650682	4.0
1388.0	47.910535899822435	4.0
1389.0	47.910360266997415	4.0
1390.0	47.9101850683809	4.0
1391.0	47.910010305760665	4.0
1392.0	47.909835980924456	4.0
1393.0	47.90966209566007	4.0
1394.0	47.90948865175527	4.0
1395.0	47.909315650997826	4.0
1396.0	47.90914309517551	4.0
1397.0	47.90897098607607	4.0
1398.0	47.908799325487294	4.0
1399.0	47.90862811519696	4.0
1400.0	47.90845735699281	4.0
1401.0	47.90828705266266	4.0
1402.0	47.90811720399422	4.0
1403.0	47.90794781277529	4.0
1404.0	47.90777888079366	4.0
1405.0	47.90761040983705	4.0
1406.0	47.90744240169329	4.0
1407.0	47.90727485815009	4.0
1408.0	47.90710778099526	4.0
1409.0	47.906941172016545	4.0
1410.0	47.90677503300172	4.0
1411.0	47.906609365738575	4.0
1412.0	47.906444172014844	4.0
1413.0	47.90627945361834	4.0
1414.0	47.9061152123368	4.0
1415.0	47.90595144995798	4.0
1416.0	47.90578816826971	4.0
1417.0	47.90562536905969	4.0
1418.0	47.90546305411574	4.0
1419.0	47.9053012252256	4.0
1420.0	47.905139884177046	4.0
1421.0	47.904979032757865	4.0
1422.0	47.904818672755795	4.0
1423.0	47.90465880595865	4.0
1424.0	47.90449943415413	4.0
1425.0	47.90434055913008	4.0
1426.0	47.90418218267422	4.0
1427.0	47.90402430657434	4.0
1428.0	47.903866932618214	4.0
1429.0	47.90371006259359	4.0
1430.0	47.90355369828826	4.0
1431.0	47.903397841489976	4.0
1432.0	47.90324249398651	4.0
1433.0	47.90308765756565	4.0
1434.0	47.90293333401513	4.0
1435.0	47.90277952512277	4.0
1436.0	47.90262623267628	4.0
1437.0	47.902473458463476	4.0
1438.0	47.90232120427211	4.0
1439.0	47.90216947188995	4.0
1440.0	47.90201826310478	4.0
1441.0	47.901867579704344	4.0
1442.0	47.90171742347643	4.0
1443.0	47.90156779620881	4.0
1444.0	47.90141869968923	4.0
1445.0	47.90127013570549	4.0
1446.0	47.901122106045335	4.0
1447.0	47.90097461249654	4.0
1448.0	47.9008276568469	4.0
1449.0	47.90068124088414	4.0
1450.0	47.90053536639607	4.0
1451.0	47.90039003517043	4.0
1452.0	47.90024524899502	4.0
1453.0	47.900101009657575	4.0
1454.0	47.89995731894588	4.0
1455.0	47.899814178647716	4.0
1456.0	47.899671590550824	4.0
1457.0	47.899529556443014	4.0
1458.0	47.89938807811201	4.0
1459.0	47.89924715734561	4.0
1460.0	47.89910679593159	4.0
1461.0	47.89896699565769	4.0
1462.0	47.89882775831171	4.0
1463.0	47.8986890856814	4.0
1464.0	47.898550979554514	4.0
1465.0	47.89841344171887	4.0
1466.0	47.8982764739622	4.0
1467.0	47.89814007807229	4.0
1468.0	47.898004255836895	4.0
1469.0	47.89786900904379	4.0
1470.0	47.89773433948076	4.0
1471.0	47.89760024893555	4.0
1472.0	47.89746673919595	4.0
1473.0	47.89733381204971	4.0
1474.0	47.89720146928461	4.0
1475.0	47.89706971268842	4.0
1476.0	47.89693854404891	4.0
1477.0	47.896807965153855	4.0
1478.0	47.896677977791	4.0
1479.0	47.89654858374816	4.0
1480.0	47.89641978481305	4.0
1481.0	47.89629158277346	4.0
1482.0	47.896163979417196	4.0
1483.0	47.896036976531974	4.0
1484.0	47.89591057590559	4.0
1485.0	47.89578477932581	4.0
1486.0	47.8956595885804	4.0
1487.0	47.895535005457134	4.0
1488.0	47.89541103174378	4.0
1489.0	47.895287669228125	4.0
1490.0	47.89516491969789	4.0
1491.0	47.895042784940884	4.0
1492.0	47.89492126674489	4.0
1493.0	47.89480036689763	4.0
1494.0	47.89468008718691	4.0
1495.0	47.89456042940047	4.0
1496.0	47.894441395326126	4.0
1497.0	47.894322986751604	4.0
1498.0	47.89420520546467	4.0
1499.0	47.89408805325314	4.0
1500.0	47.89397153190474	4.0
1501.0	47.893855643207274	4.0
1502.0	47.89374038894847	4.0
1503.0	47.89362577091612	4.0
1504.0	47.89351179089802	4.0
1505.0	47.89339845068187	4.0
1506.0	47.89328575205552	4.0
1507.0	47.893173696806684	4.0
1508.0	47.893062286723136	4.0
1509.0	47.892951523592686	4.0
1510.0	47.89284140920306	4.0
1511.0	47.89273194534205	4.0
1512.0	47.8926231337974	4.0
1513.0	47.89251497635691	4.0
1514.0	47.89240747480835	4.0
1515.0	47.89230063093946	4.0
1516.0	47.89219444653804	4.0
1517.0	47.892088923391825	4.0
1518.0	47.89198406328863	4.0
1519.0	47.891879868016176	4.0
1520.0	47.891776339362266	4.0
1521.0	47.89167347911467	4.0
1522.0	47.89157128906113	4.0
1523.0	47.891469770989445	4.0
1524.0	47.89136892668736	4.0
1525.0	47.89126875794267	4.0
1526.0	47.89116926654313	4.0
1527.0	47.8910704542765	4.0
1528.0	47.890972322930565	4.0
1529.0	47.89087487429309	4.0
1530.0	47.89077811015183	4.0
1531.0	47.89068203229459	4.0
1532.0	47.890586642509106	4.0
1533.0	47.89049194258317	4.0
1534.0	47.89039793430452	4.0
1535.0	47.89030461946095	4.0
1536.0	47.89021199984023	4.0
1537.0	47.89012007723012	4.0
1538.0	47.890028853418414	4.0
1539.0	47.88993833019285	4.0
1540.0	47.889848509341206	4.0
1541.0	47.88975939265126	4.0
1542.0	47.889670981910754	4.0
1543.0	47.88958327890751	4.0
1544.0	47.889496285429246	4.0
1545.0	47.88941000326376	4.0
1546.0	47.88932443419881	4.0
1547.0	47.88923958002216	4.0
1548.0	47.88915544252161	4.0
1549.0	47.8890720234849	4.0
1550.0	47.88898932469982	4.0
1551.0	47.8889073479541	4.0
1552.0	47.88882609503554	4.0
1553.0	47.88874556773193	4.0
1554.0	47.888665767831	4.0
1555.0	47.888586697120544	4.0
1556.0	47.888508357388304	4.0
1557.0	47.888430750422074	4.0
1558.0	47.888353878009625	4.0
1559.0	47.88827774193871	4.0
1560.0	47.88820234399712	4.0
1561.0	47.88812768597259	4.0
1562.0	47.88805376965294	4.0
1563.0	47.887980596825884	4.0
1564.0	47.88790816927923	4.0
1565.0	47.88783648880073	4.0
1566.0	47.887765557178156	4.0
1567.0	47.88769537619929	4.0
1568.0	47.887625947651884	4.0
1569.0	47.88755727332371	4.0
1570.0	47.88748935500256	4.0
1571.0	47.88742219447617	4.0
1572.0	47.88735579353235	4.0
1573.0	47.887290153958816	4.0
1574.0	47.887225277543365	4.0
1575.0	47.887161166073795	4.0
1576.0	47.88709782133782	4.0
1577.0	47.88703524512326	4.0
1578.0	47.88697343921784	4.0
1579.0	47.88691240540936	4.0
1580.0	47.88685214548559	4.0
1581.0	47.88679266123428	4.0
1582.0	47.88673395444323	4.0
1583.0	47.88667602690016	4.0
1584.0	47.8866188803929	4.0
1585.0	47.88656251670916	4.0
1586.0	47.88650693763675	4.0
1587.0	47.88645214496343	4.0
1588.0	47.886398140476956	4.0
1589.0	47.88634492596512	4.0
1590.0	47.88629250321567	4.0
1591.0	47.88624087401638	4.0
1592.0	47.88619004015504	4.0
1593.0	47.8861400034194	4.0
1594.0	47.88609076559723	4.0
1595.0	47.88604232847629	4.0
1596.0	47.88599469384438	4.0
1597.0	47.88594786348925	4.0
1598.0	47.88590183919865	4.0
1599.0	47.8858566227604	4.0
1600.0	47.88581221596223	4.0
1601.0	47.885768620591904	4.0
1602.0	47.885725838437224	4.0
1603.0	47.885683871285934	4.0
1604.0	47.88564272092583	4.0
1605.0	47.88560238914464	4.0
1606.0	47.885562877730166	4.0
1607.0	47.88552418847017	4.0
1608.0	47.885486323152406	4.0
1609.0	47.88544928356468	4.0
1610.0	47.88541307149471	4.0
1611.0	47.885377688730316	4.0
1612.0	47.88534313705924	4.0
1613.0	47.885309418269244	4.0
1614.0	47.88527653414813	4.0
1615.0	47.88524448648364	4.0
1616.0	47.885213277063556	4.0
1617.0	47.88518290767563	4.0
1618.0	47.88515338010764	4.0
1619.0	47.885124696147386	4.0
1620.0	47.88509685758258	4.0
1621.0	47.88506986620105	4.0
1622.0	47.88504372379052	4.0
1623.0	47.88501843213878	4.0
1624.0	47.8849939930336	4.0
1625.0	47.884970408262745	4.0
1626.0	47.88494767961399	4.0
1627.0	47.88492580887508	4.0
1628.0	47.88490479783384	4.0
1629.0	47.884884648277975	4.0
1630.0	47.88486536199528	4.0
1631.0	47.884846940773556	4.0
1632.0	47.88482938640051	4.0
1633.0	47.88481270066397	4.0
1634.0	47.884796885351676	4.0
1635.0	47.884781942251394	4.0
1636.0	47.88476787315092	4.0
1637.0	47.88475467983798	4.0
1638.0	47.884742364100404	4.0
1639.0	47.8847309277259	4.0
1640.0	47.88472037250226	4.0
1641.0	47.88471070021727	4.0
1642.0	47.884701912658684	4.0
1643.0	47.88469401161427	4.0
1644.0	47.8846869988718	4.0
1645.0	47.88468087621905	4.0
1646.0	47.88467564544379	4.0
1647.0	47.88467130833378	4.0
1648.0	47.88466786667679	4.0
1649.0	47.88466532226059	4.0
1650.0	47.884663676872975	4.0
1651.0	47.884662932301666	4.0
1652.0	47.884663090334456	4.0
1653.0	47.88466415275913	4.0
1654.0	47.88466612136344	4.0
1655.0	47.884668997935165	4.0
1656.0	47.884672784262065	4.0
1657.0	47.884677482131906	4.0
1658.0	47.88468309333247	4.0
1659.0	47.884689619651525	4.0
1660.0	47.88469706287684	4.0
1661.0	47.88470542479617	4.0
1662.0	47.88471470719729	4.0
1663.0	47.88472491186799	4.0
1664.0	47.884736040596025	4.0
1665.0	47.88474809516916	4.0
1666.0	47.88476107737516	4.0
1667.0	47.88477498900181	4.0
1668.0	47.88478983183688	4.0
1669.0	47.88480560766813	4.0
1670.0	47.88482231828333	4.0
1671.0	47.884839965470235	4.0
1672.0	47.88485855101665	4.0
1673.0	47.88487807671031	4.0
1674.0	47.88489854433901	4.0
1675.0	47.884919955690506	4.0
1676.0	47.88494231255257	4.0
1677.0	47.884965616712975	4.0
1678.0	47.88498986995947	4.0
1679.0	47.885015074079845	4.0
1680.0	47.88504123086189	4.0
1681.0	47.88506834209332	4.0
1682.0	47.88509640956195	4.0
1683.0	47.88512543505553	4.0
1684.0	47.885155420361826	4.0
1685.0	47.88518636726863	4.0
1686.0	47.885218277563695	4.0
1687.0	47.88525115303479	4.0
1688.0	47.885284995469675	4.0
1689.0	47.88531980665614	4.0
1690.0	47.885355588381955	4.0
1691.0	47.885392342434855	4.0
1692.0	47.885430070602666	4.0
1693.0	47.8854687746731	4.0
1694.0	47.88550845643397	4.0
1695.0	47.88554911767301	4.0
1696.0	47.885590760178005	4.0
1697.0	47.88563338573674	4.0
1698.0	47.885676996136965	4.0
1699.0	47.885721593166465	4.0
1700.0	47.88576717861298	4.0
1701.0	47.885813754264305	4.0
1702.0	47.88586132190822	4.0
1703.0	47.88590988333246	4.0
1704.0	47.885959440324825	4.0
1705.0	47.88600999467306	4.0
1706.0	47.886061548164946	4.0
1707.0	47.886114102588266	4.0
1708.0	47.88616765973077	4.0
1709.0	47.88622222138024	4.0
1710.0	47.886277789324424	4.0
1711.0	47.886334365351104	4.0
1712.0	47.88639195124807	4.0
1713.0	47.88645054880307	4.0
1714.0	47.886510159803876	4.0
1715.0	47.88657078603825	4.0
1716.0	47.88663242929398	4.0
1717.0	47.88669509135882	4.0
1718.0	47.886758774020535	4.0
1719.0	47.88682347906693	4.0
1720.0	47.88688920828572	4.0
1721.0	47.88695596346473	4.0
1722.0	47.88702374639168	4.0
1723.0	47.88709255885436	4.0
1724.0	47.88716240264057	4.0
1725.0	47.88723327953802	4.0
1726.0	47.887305191334534	4.0
1727.0	47.88737813981784	4.0
1728.0	47.88745212677573	4.0
1729.0	47.887527153995975	4.0
1730.0	47.887603223266325	4.0
1731.0	47.887680336374586	4.0
1732.0	47.887758495108486	4.0
1733.0	47.887837701255805	4.0
1734.0	47.88791795660434	4.0
1735.0	47.88799926294182	4.0
1736.0	47.88808162205606	4.0
1737.0	47.88816503573479	4.0
1738.0	47.8882495057658	4.0
1739.0	47.88833503393684	4.0
1740.0	47.88842162203569	4.0
1741.0	47.88850927185014	4.0
1742.0	47.88859798516792	4.0
1743.0	47.888687763776844	4.0
1744.0	47.88877860946464	4.0
1745.0	47.8888705240191	4.0
1746.0	47.888963509228006	4.0
1747.0	47.88905756687909	4.0
1748.0	47.88915269876016	4.0
1749.0	47.88924890665895	4.0
1750.0	47.88934619236325	4.0
1751.0	47.88944455766084	4.0
1752.0	47.889544004339456	4.0
1753.0	47.889644534186914	4.0
1754.0	47.88974614899092	4.0
1755.0	47.88984885053931	4.0
1756.0	47.88995264061981	4.0
1757.0	47.89005752102021	4.0
1758.0	47.89016349352828	4.0
1759.0	47.890270559931764	4.0
1760.0	47.89037872201847	4.0
1761.0	47.89048798157613	4.0
1762.0	47.89059834039253	4.0
1763.0	47.89070980025545	4.0
1764.0	47.89082236295265	4.0
1765.0	47.89093603027189	4.0
1766.0	47.891050804000955	4.0
1767.0	47.89116668592759	4.0
1768.0	47.89128367783961	4.0
1769.0	47.891401781524735	4.0
1770.0	47.89152099877077	4.0
1771.0	47.89164133136546	4.0
1772.0	47.89176278109659	4.0
1773.0	47.89188534975193	4.0
1774.0	47.89200903911923	4.0
1775.0	47.89213385098628	4.0
1776.0	47.892259787140844	4.0
1777.0	47.89238684937068	4.0
1778.0	47.89251503946359	4.0
1779.0	47.89264435920731	4.0
1780.0	47.892774810389625	4.0
1781.0	47.89290639479829	4.0
1782.0	47.8930391142211	4.0
1783.0	47.893172970445775	4.0
1784.0	47.893307965260135	4.0
1785.0	47.89344410045196	4.0
1786.0	47.89358137780896	4.0
1787.0	47.893719799118955	4.0
1788.0	47.89385936616968	4.0
1789.0	47.894000080748924	4.0
1790.0	47.89414194464446	4.0
1791.0	47.89428495964404	4.0
1792.0	47.89442912753546	4.0
1793.0	47.89457445010646	4.0
1794.0	47.894720929144825	4.0
1795.0	47.89486856643833	4.0
1796.0	47.89501736377473	4.0
1797.0	47.8951673229418	4.0
1798.0	47.89531844572731	4.0
1799.0	47.895470733919026	4.0
1800.0	47.89562418930474	4.0
1801.0	47.89577881367218	4.0
1802.0	47.89593460880917	4.0
1803.0	47.89609157650341	4.0
1804.0	47.896249718542734	4.0
1805.0	47.89640903671487	4.0
1806.0	47.896569532807604	4.0
1807.0	47.89673120860871	4.0
1808.0	47.896894065905954	4.0
1809.0	47.897058106487094	4.0
1810.0	47.8972233321399	4.0
1811.0	47.89738974465216	4.0
1812.0	47.89755734581165	4.0
1813.0	47.897726137406096	4.0
1814.0	47.89789612122331	4.0
1815.0	47.89806729905102	4.0
1816.0	47.898239672677036	4.0
1817.0	47.898413243889124	4.0
1818.0	47.898588014475024	4.0
1819.0	47.89876398622255	4.0
1820.0	47.89894116091941	4.0
1821.0	47.89911954035341	4.0
1822.0	47.89929912631234	4.0
1823.0	47.89947992058394	4.0
1824.0	47.89966192495599	4.0
1825.0	47.89984514121625	4.0
1826.0	47.90002957115249	4.0
1827.0	47.90021521655248	4.0
1828.0	47.900402079204	4.0
1829.0	47.90059016089482	4.0
1830.0	47.90077946341269	4.0
1831.0	47.90096998854541	4.0
1832.0	47.90116173808072	4.0
1833.0	47.9013547138064	4.0
1834.0	47.901548917510226	4.0
1835.0	47.90174435097995	4.0
1836.0	47.90194101600338	4.0
1837.0	47.90213891436824	4.0
1838.0	47.902338047862315	4.0
1839.0	47.902538418273394	4.0
1840.0	47.902740027389214	4.0
1841.0	47.90294287699757	4.0
1842.0	47.90314696888622	4.0
1843.0	47.903352304842926	4.0
1844.0	47.90355888665549	4.0
1845.0	47.90376671611163	4.0
1846.0	47.90397579499917	4.0
1847.0	47.90418612510584	4.0
1848.0	47.904397708219435	4.0
1849.0	47.904610546127685	4.0
1850.0	47.9048246406184	4.0
1851.0	47.90503999347935	4.0
1852.0	47.905256606498284	4.0
1853.0	47.905474481462974	4.0
1854.0	47.90569362016119	4.0
1855.0	47.90591402438071	4.0
1856.0	47.9061356959093	4.0
1857.0	47.90635863653472	4.0
1858.0	47.90658284804476	4.0
1859.0	47.90680833222717	4.0
1860.0	47.907035090869726	4.0
1861.0	47.90726312576021	4.0
1862.0	47.90749243868636	4.0
1863.0	47.90772303143598	4.0
1864.0	47.907954905796814	4.0
1865.0	47.908188063556636	4.0
1866.0	47.90842250650323	4.0
1867.0	47.90865823642436	4.0
1868.0	47.908895255107794	4.0
1869.0	47.90913356434129	4.0
1870.0	47.909373165912626	4.0
1871.0	47.909614061609574	4.0
1872.0	47.9098562532199	4.0
1873.0	47.910099742531386	4.0
1874.0	47.91034453133177	4.0
1875.0	47.91059062140887	4.0
1876.0	47.91083801455041	4.0
1877.0	47.911086712544176	4.0
1878.0	47.911336717177946	4.0
1879.0	47.91158803023947	4.0
1880.0	47.91184065351655	4.0
1881.0	47.912094588796904	4.0
1882.0	47.91234983786835	4.0
1883.0	47.91260640251865	4.0
1884.0	47.912864284535544	4.0
1885.0	47.91312348570683	4.0
1886.0	47.91338400782027	4.0
1887.0	47.91364585266362	4.0
1888.0	47.91390902202468	4.0
1889.0	47.91417351769118	4.0
1890.0	47.91443934145093	4.0
1891.0	47.914706495091664	4.0
1892.0	47.91497498040117	4.0
1893.0	47.91524479916721	4.0
1894.0	47.91551595317756	4.0
1895.0	47.91578844422	4.0
1896.0	47.916062274082265	4.0
1897.0	47.91633744455217	4.0
1898.0	47.91661395741744	4.0
1899.0	47.91689181446587	4.0
1900.0	47.91717101748523	4.0
1901.0	47.917451568263274	4.0
1902.0	47.9177334685878	4.0
1903.0	47.91801672024653	4.0
1904.0	47.91830132502727	4.0
1905.0	47.9185872847178	4.0
1906.0	47.918874601105856	4.0
1907.0	47.91916327597923	4.0
1908.0	47.91945331112568	4.0
1909.0	47.91974470833297	4.0
1910.0	47.92003746938889	4.0
1911.0	47.9203315960812	4.0
1912.0	47.92062709019767	4.0
1913.0	47.92092395352604	4.0
1914.0	47.92122218785414	4.0
1915.0	47.92152179496969	4.0
1916.0	47.92182277666048	4.0
1917.0	47.92212513471428	4.0
1918.0	47.922428870918836	4.0
1919.0	47.922733987061946	4.0
1920.0	47.92304048493136	4.0
1921.0	47.92334836631487	4.0
1922.0	47.92365763300023	4.0
1923.0	47.92396828677521	4.0
1924.0	47.92428032942759	4.0
1925.0	47.92459376274512	4.0
1926.0	47.924908588515564	4.0
1927.0	47.925224808526735	4.0
1928.0	47.92554242456636	4.0
1929.0	47.92586143842223	4.0
1930.0	47.926181851882106	4.0
1931.0	47.92650366673375	4.0
1932.0	47.926826884764964	4.0
1933.0	47.92715150776347	4.0
1934.0	47.92747753751708	4.0
1935.0	47.92780497581353	4.0
1936.0	47.92813382444061	4.0
1937.0	47.92846408518608	4.0
1938.0	47.92879575983771	4.0
1939.0	47.92912885018329	4.0
1940.0	47.92946335801055	4.0
1941.0	47.92979928510731	4.0
1942.0	47.930136633261284	4.0
1943.0	47.930475404260264	4.0
1944.0	47.93081559989204	4.0
1945.0	47.93115722194436	4.0
1946.0	47.931500272205014	4.0
1947.0	47.93184475246174	4.0
1948.0	47.93219066450233	4.0
1949.0	47.93253801011454	4.0
1950.0	47.93288679108615	4.0
1951.0	47.93323700920493	4.0
1952.0	47.93358866625864	4.0
1953.0	47.933941764035055	4.0
1954.0	47.93429630432196	4.0
1955.0	47.93465228890709	4.0
1956.0	47.93500971957825	4.0
1957.0	47.935368598123176	4.0
1958.0	47.93572892632966	4.0
1959.0	47.936090705985464	4.0
1960.0	47.93645393887836	4.0
1961.0	47.936818626796125	4.0
1962.0	47.9371847715265	4.0
1963.0	47.93755237485729	4.0
1964.0	47.937921438576254	4.0
1965.0	47.938291964471134	4.0
1966.0	47.93866395432974	4.0
1967.0	47.939037409939814	4.0
1968.0	47.93941233308915	4.0
1969.0	47.93978872556549	4.0
1970.0	47.940166589156604	4.0
1971.0	47.9405459256503	4.0
1972.0	47.9409267368343	4.0
1973.0	47.941309024496405	4.0
1974.0	47.94169279042437	4.0
1975.0	47.94207803640596	4.0
1976.0	47.94246476422896	4.0
1977.0	47.942852975681134	4.0
1978.0	47.943242672550255	4.0
1979.0	47.94363385662406	4.0
1980.0	47.944026529690376	4.0
1981.0	47.94442069353693	4.0
1982.0	47.94481634995148	4.0
1983.0	47.94521350072185	4.0
1984.0	47.94561214763577	4.0
1985.0	47.946012292481015	4.0
1986.0	47.94641393704535	4.0
1987.0	47.94681708311656	4.0
1988.0	47.947221732482404	4.0
1989.0	47.94762788693065	4.0
1990.0	47.94803554824908	4.0
1991.0	47.94844471822543	4.0
1992.0	47.94885539864751	4.0
1993.0	47.949267591303084	4.0
1994.0	47.94968129797989	4.0
1995.0	47.950096520465735	4.0
1996.0	47.95051326054835	4.0
1997.0	47.95093152001553	4.0
1998.0	47.95135130065506	4.0
1999.0	47.95177260425467	4.0
2000.0	47.95219543260217	4.0
2001.0	47.95261978748529	4.0
2002.0	47.95304567069182	4.0
2003.0	47.95347308400953	4.0
2004.0	47.953902029226185	4.0
2005.0	47.95433250812957	4.0
2006.0	47.95476452250742	4.0
2007.0	47.955198074147546	4.0
2008.0	47.95563316483768	4.0
2009.0	47.9560697963656	4.0
2010.0	47.9565079705191	4.0
2011.0	47.95694768908592	4.0
2012.0	47.957388953853865	4.0
2013.0	47.95783176661067	4.0
2014.0	47.958276129144096	4.0
2015.0	47.95872204324196	4.0
2016.0	47.95916951069199	4.0
2017.0	47.95961853328198	4.0
2018.0	47.96006911279969	4.0
2019.0	47.96052125103287	4.0
2020.0	47.96097494976932	4.0
2021.0	47.961430210796806	4.0
2022.0	47.961887035903075	4.0
2023.0	47.96234542687591	4.0
2024.0	47.9628053855031	4.0
2025.0	47.96326691357237	4.0
2026.0	47.96373001287152	4.0
2027.0	47.96419468518833	4.0
2028.0	47.96466093231054	4.0
2029.0	47.96512875602595	4.0
2030.0	47.96559815812229	4.0
2031.0	47.96606914038735	4.0
2032.0	47.96654170460893	4.0
2033.0	47.96701585257475	4.0
2034.0	47.9674915860726	4.0
2035.0	47.96796890689025	4.0
2036.0	47.96844781681547	4.0
2037.0	47.96892831763603	4.0
2038.0	47.96941041113969	4.0
2039.0	47.96989409911424	4.0
2040.0	47.970379383347435	4.0
2041.0	47.97086626562704	4.0
2042.0	47.97135474774085	4.0
2043.0	47.97184483147659	4.0
2044.0	47.97233651862207	4.0
2045.0	47.972829810965024	4.0
2046.0	47.97332471029327	4.0
2047.0	47.973821218394534	4.0
2048.0	47.9743193370566	4.0
2049.0	47.974819068067234	4.0
2050.0	47.97532041321422	4.0
2051.0	47.97582337428531	4.0
2052.0	47.97632795306828	4.0
2053.0	47.9768341513509	4.0
2054.0	47.977341970920946	4.0
2055.0	47.97785141356617	4.0
2056.0	47.97836248107437	4.0
2057.0	47.97887517523327	4.0
2058.0	47.97938949783068	4.0
2059.0	47.97990545065437	4.0
2060.0	47.98042303549208	4.0
2061.0	47.980942254131605	4.0
2062.0	47.981463108360686	4.0
2063.0	47.98198559996712	4.0
2064.0	47.982509730738684	4.0
2065.0	47.98303550246311	4.0
2066.0	47.98356291692821	4.0
2067.0	47.984091975921714	4.0
2068.0	47.984622681231414	4.0
2069.0	47.985155034645075	4.0
2070.0	47.985689037950465	4.0
2071.0	47.986224692935366	4.0
2072.0	47.98676200138752	4.0
2073.0	47.98730096509473	4.0
2074.0	47.987841585844734	4.0
2075.0	47.988383865425305	4.0
2076.0	47.98892780562424	4.0
2077.0	47.98947340822929	4.0
2078.0	47.990020675028234	4.0
2079.0	47.99056960780882	4.0
2080.0	47.99112020835882	4.0
2081.0	47.99167247846604	4.0
2082.0	47.99222641991821	4.0
2083.0	47.99278203450312	4.0
2084.0	47.99333932400853	4.0
2085.0	47.993898290222205	4.0
2086.0	47.99445893493193	4.0
2087.0	47.995021259925466	4.0
2088.0	47.995585266990574	4.0
2089.0	47.996150957915034	4.0
2090.0	47.99671833448663	4.0
2091.0	47.9972873984931	4.0
2092.0	47.99785815172221	4.0
2093.0	47.99843059596178	4.0
2094.0	47.99900473299952	4.0
2095.0	47.99958056462326	4.0
2096.0	48.00015809262071	4.0
2097.0	48.00073731877967	4.0
2098.0	48.00131824488791	4.0
2099.0	48.00190087273319	4.0
2100.0	48.00248520410328	4.0
2101.0	48.00307124078596	4.0
