0	739.7369075819082	-0.39377640180703544
1	739.7714515959611	-0.3745981064207159
2	739.805894946227	-0.35546807067986974
3	739.8402377373028	-0.33638623871422646
4	739.8744800737848	-0.3173525546535157
5	739.9086220602697	-0.29836696262746687
6	739.9426638013542	-0.27942940676580963
7	739.9766054016347	-0.2605398311982734
8	740.0104469657081	-0.24169818005458782
9	740.0441885981706	-0.22290439746448248
10	740.0778304036191	-0.2041584275576868
11	740.11137248665	-0.18546021446393035
12	740.1448149518602	-0.16680970231294273
13	740.178157903846	-0.14820683523445347
14	740.2114014472043	-0.12965155735819206
15	740.2445456865313	-0.11114381281388808
16	740.2775907264239	-0.09268354573127108
17	740.3105366714786	-0.07427070024007065
18	740.343383626292	-0.05590522047001617
19	740.3761316954607	-0.03758705055083744
20	740.4087809835814	-0.01931613461226378
21	740.4413315952506	-0.00109241678402483
22	740.473783635065	0.017084158804149874
23	740.5061372076211	0.03521364802253085
24	740.5383924175155	0.053296106741388405
25	740.5705493693448	0.07133159083099311
26	740.6026081677057	0.08932015616161548
27	740.6345689171947	0.10726185860352583
28	740.6664317224083	0.12515675402699467
29	740.6981966879433	0.14300489830229252
30	740.7298639183964	0.16080634729968968
31	740.7614335183639	0.17856115688945678
32	740.7929055924426	0.19626938294186425
33	740.8242802452289	0.21393108132718236
34	740.8555575813198	0.23154630791568187
35	740.8867377053114	0.24911511857763297
36	740.9178207218005	0.26663756918330617
37	740.9488067353839	0.2841137156029722
38	740.979695850658	0.3015436137069009
39	741.0104881722194	0.31892731936536345
40	741.0411838046648	0.33626488844862984
41	741.0717828525908	0.3535563768269707
42	741.1022854205938	0.3708018403706564
43	741.1326916132707	0.3880013349499576
44	741.1630015352177	0.4051549164351444
45	741.193215291032	0.42226264069648756
46	741.2233329853095	0.43932456360425737
47	741.2533547226474	0.45634074102872435
48	741.283280607642	0.473311228840159
49	741.31311074489	0.4902360829088316
50	741.3428452389878	0.5071153591050128
51	741.3724841945323	0.5239491132989731
52	741.4020277161198	0.5407374013609828
53	741.4314759083471	0.5574802791613123
54	741.4608288758109	0.5741778025702322
55	741.4900867231075	0.5908300274580129
56	741.5192495548338	0.6074370096949252
57	741.5483174755863	0.6239988051512388
58	741.5772905899614	0.6405154696972246
59	741.6061690025559	0.6569870592031533
60	741.6349528179665	0.6734136295392948
61	741.6636421407893	0.6897952365759201
62	741.6922370756216	0.7061319361832992
63	741.7207377270596	0.722423784231703
64	741.7491441996999	0.7386708365914015
65	741.7774565981393	0.7548731491326655
66	741.8056750269742	0.7710307777257654
67	741.8337995908013	0.7871437782409714
68	741.8618303942171	0.8032122065485541
69	741.8897675418183	0.8192361185187843
70	741.9176111382014	0.8352155700219321
71	741.9453612879632	0.8511506169282679
72	741.9730180957002	0.867041315108062
73	742.0005816660089	0.8828877204315856
74	742.0280521034861	0.8986898887691086
75	742.0554295127281	0.9144478759909014
76	742.0827139983318	0.9301617379672344
77	742.1099056648936	0.9458315305683788
78	742.1370046170102	0.9614573096646042
79	742.1640109592782	0.9770391311261812
80	742.1909247962942	0.9925770508233807
81	742.2177462326548	1.0080711246264726
82	742.2444753729566	1.0235214084057276
83	742.2711123217962	1.0389279580314166
84	742.2976571837701	1.0542908293738094
85	742.324110063475	1.0696100783031766
86	742.3504710655075	1.0848857606897888
87	742.3767402944642	1.1001179324039168
88	742.4029178549417	1.1153066493158303
89	742.4290038515367	1.1304519672958
90	742.4549983888456	1.1455539422140966
91	742.4809015714651	1.1606126299409907
92	742.5067135039918	1.1756280863467523
93	742.5324342910224	1.1906003673016519
94	742.5580640371533	1.2055295286759602
95	742.583602846981	1.2204156263399475
96	742.6090508251025	1.2352587161638846
97	742.6344080761143	1.250058854018041
98	742.6596747046127	1.2648160957726886
99	742.6848508151946	1.2795304972980968
100	742.7099365124566	1.2942021144645364
101	742.7349319009951	1.3088310031422778
102	742.7598370854068	1.3234172192015914
103	742.7846521702883	1.3379608185127476
104	742.8093772602363	1.3524618569460172
105	742.8340124598473	1.3669203903716702
106	742.8585578737178	1.3813364746599774
107	742.8830136064446	1.395710165681209
108	742.9073797626243	1.4100415193056357
109	742.9316564468533	1.4243305914035278
110	742.9558437637282	1.4385774378451561
111	742.9799418178458	1.4527821145007902
112	743.0039507138027	1.4669446772407015
113	743.0278705561954	1.4810651819351601
114	743.0517014496205	1.4951436844544364
115	743.0754434986746	1.5091802406688009
116	743.0990968079544	1.5231749064485234
117	743.1226614820563	1.5371277376638761
118	743.1461376255771	1.551038790185128
119	743.1695253431134	1.5649081198825494
120	743.1928247392615	1.5787357826264112
121	743.2160359186183	1.5925218342869845
122	743.2391589857805	1.6062663307345393
123	743.2621940453445	1.6199693278393457
124	743.2851412019068	1.6336308814716738
125	743.3080005600642	1.6472510475017952
126	743.3307722244132	1.6608298817999798
127	743.3534562995504	1.6743674402364979
128	743.3760528900724	1.6878637786816206
129	743.398562100576	1.7013189530056176
130	743.4209840356575	1.7147330190787595
131	743.4433187999138	1.7281060327713167
132	743.4655664979412	1.7414380499535602
133	743.4877272343365	1.7547291264957599
134	743.5098011136962	1.7679793182681869
135	743.531788240617	1.7811886811411106
136	743.5536887196952	1.794357270984802
137	743.5755026555279	1.807485143669532
138	743.5972301527114	1.8205723550655704
139	743.6188713158423	1.8336189610431881
140	743.6404262495173	1.8466250174726555
141	743.6618950583329	1.8595905802242432
142	743.6832778468857	1.872515705168221
143	743.7045747197725	1.8854004481748594
144	743.7257857815897	1.89824486511443
145	743.7469111369338	1.9110490118572014
146	743.7679508904017	1.923812944273446
147	743.7889051465899	1.9365367182334334
148	743.8097740100948	1.9492203896074336
149	743.8305575855132	1.9618640142657182
150	743.8512559774417	1.9744676480785563
151	743.8718692904769	1.9870313469162195
152	743.8923976292153	1.9995551666489773
153	743.9128410982535	2.012039163147101
154	743.9331998021883	2.02448339228086
155	743.953473845616	2.0368879099205257
156	743.9736633331335	2.0492527719363682
157	743.9937683693372	2.061578034198659
158	744.0137890588238	2.0738637525776666
159	744.0337255061899	2.0861099829436625
160	744.053577816032	2.098316781166918
161	744.0733460929467	2.110484203117702
162	744.0930304415307	2.1226123046662853
163	744.1126309663806	2.1347011416829393
164	744.132147772093	2.146750770037933
165	744.1515809632645	2.1587612456015384
166	744.1709306444916	2.1707326242440255
167	744.190196920371	2.182664961835664
168	744.2093798954993	2.194558314246725
169	744.2284796744731	2.2064127373474784
170	744.2474963618888	2.2182282870081957
171	744.2664300623434	2.230005019099147
172	744.2852808804331	2.2417429894906014
173	744.3040489207548	2.2534422540528314
174	744.322734287905	2.265102868656106
175	744.3413370864802	2.2767248891706964
176	744.3598574210771	2.2883083714668726
177	744.3782953962923	2.299853371414905
178	744.3966511167223	2.311359944885065
179	744.4149246869639	2.3228281477476225
180	744.4331162116135	2.334258035872847
181	744.4512257952679	2.3456496651310106
182	744.4692535425236	2.3570030913923823
183	744.4871995579771	2.3683183705272333
184	744.5050639462252	2.379595558405834
185	744.5228468118643	2.390834710898455
186	744.5405482594911	2.4020358838753664
187	744.558168393702	2.413199133206839
188	744.575707319094	2.424324514763143
189	744.5931651402635	2.435412084414549
190	744.6105419618071	2.4464618980313277
191	744.6278378883214	2.457474011483749
192	744.645053024403	2.4684484806420834
193	744.6621874746485	2.4793853613766017
194	744.6792413436544	2.4902847095575744
195	744.6962147360174	2.5011465810552718
196	744.7131077563342	2.5119710317399635
197	744.7299205092013	2.522758117481922
198	744.7466530992153	2.5335078941514158
199	744.7633056309728	2.544220417618716
200	744.7798782090705	2.554895743754094
201	744.7963709381048	2.5655339284278185
202	744.8127839226725	2.576135027510161
203	744.8291172673698	2.586699096871392
204	744.845371076794	2.597226192381782
205	744.8615454555411	2.6077163699116013
206	744.877640508208	2.61816968533112
207	744.8936563393912	2.628586194510609
208	744.9095930536873	2.638965953320338
209	744.925450755693	2.649309017630579
210	744.9412295500047	2.6596154433116013
211	744.9569295412191	2.669885286233675
212	744.9725508339328	2.680118602267072
213	744.9880935327425	2.690315447282061
214	745.0035577422448	2.700475877148914
215	745.0189435670361	2.7105999477379004
216	745.0342511117132	2.720687714919291
217	745.0494804808726	2.7307392345633565
218	745.0646317791109	2.7407545625403675
219	745.0797051110247	2.750733754720594
220	745.0947005812106	2.7606768669743063
221	745.1096182942654	2.7705839551717757
222	745.1244583547854	2.780455075183271
223	745.1392208673673	2.7902902828790643
224	745.1539059366078	2.8000896341294252
225	745.1685136671034	2.8098531848046253
226	745.1830441634509	2.8195809907749334
227	745.1974975302466	2.829273107910622
228	745.2118738720872	2.838929592081959
229	745.2261732935692	2.8485504991592165
230	745.2403958992895	2.8581358850126652
231	745.2545417938446	2.8676858055125747
232	745.268611081831	2.8772003165292155
233	745.2826038678453	2.8866794739328587
234	745.2965202564842	2.896123333593774
235	745.3103603523442	2.9055319513822324
236	745.3241242600219	2.9149053831685046
237	745.3378120841139	2.9242436848228595
238	745.3514239292169	2.93354691221557
239	745.3649598999276	2.942815121216905
240	745.3784201008423	2.952048367697134
241	745.3918046365578	2.96124670752653
242	745.4051136116707	2.970410196575361
243	745.4183471307774	2.9795388907138998
244	745.4315052984748	2.988632845812415
245	745.4445882193592	2.9976921177411775
246	745.4575959980275	3.0067167623704583
247	745.470528739076	3.015706835570527
248	745.4833865471016	3.024662393211655
249	745.4961695267008	3.0335834911641126
250	745.50887778247	3.0424701852981695
251	745.5215114190061	3.051322531484097
252	745.5340705409055	3.0601405855921646
253	745.5465552527648	3.0689244034926437
254	745.5589656591807	3.0776740410558046
255	745.5713018647498	3.086389554151917
256	745.5835639740686	3.095070998651252
257	745.5957520917339	3.1037184304240806
258	745.607866322342	3.112331905340672
259	745.6199067704897	3.1209114792712973
260	745.6318735407737	3.1294572080862277
261	745.6437667377903	3.1379691476557316
262	745.6555864661364	3.146447353850082
263	745.6673328304083	3.1548918825395464
264	745.6790059352029	3.163302789594399
265	745.6906058851167	3.171680130884907
266	745.7021327847463	3.1800239622813424
267	745.7135867386882	3.1883343396539754
268	745.7249678515391	3.1966113188730763
269	745.7362762278956	3.204854955808915
270	745.7475119723542	3.213065306331764
271	745.7586751895116	3.221242426311891
272	745.7697659839644	3.2293863716195683
273	745.7807844603092	3.237497198125066
274	745.7917307231426	3.245574961698654
275	745.8026048770612	3.253619718210604
276	745.8134070266615	3.2616315235311846
277	745.8241372765402	3.269610433530668
278	745.834795731294	3.2775565040793238
279	745.8453824955192	3.285469791047422
280	745.8558976738127	3.293350350305235
281	745.8663413707709	3.301198237723031
282	745.8767136909906	3.309013509171081
283	745.8870147390683	3.3167962205196564
284	745.8972446196005	3.3245464276390266
285	745.907403437184	3.332264186399463
286	745.9174912964153	3.3399495526712357
287	745.9275083018908	3.3476025823246145
288	745.9374545582075	3.355223331229871
289	745.9473301699617	3.3628118552572746
290	745.9571352417502	3.370368210277096
291	745.9668698781694	3.3778924521596068
292	745.976534183816	3.3853846367750755
293	745.9861282632867	3.3928448199937744
294	745.9956522211779	3.4002730576859728
295	746.0051061620863	3.407669405721941
296	746.0144901906085	3.415033919971951
297	746.0238044113412	3.4223666563062713
298	746.0330489288809	3.429667670595174
299	746.0422238478242	3.436937018708928
300	746.0513292727677	3.444174756517805
301	746.060365308308	3.4513809398920756
302	746.0693320590417	3.458555624702009
303	746.0782296295654	3.4656988668178763
304	746.0870581244756	3.4728107221099482
305	746.0958176483691	3.479891246448495
306	746.1045083058425	3.486940495703787
307	746.1131302014923	3.493958525746095
308	746.121683439915	3.5009453924456895
309	746.1301681257075	3.50790115167284
310	746.1385843634662	3.5148258592978174
311	746.1469322577876	3.521719571190893
312	746.1552119132684	3.528582343222336
313	746.1634234345053	3.5354142312624184
314	746.1715669260948	3.5422152911814093
315	746.1796424926335	3.5489855788495794
316	746.1876502387181	3.5557251501372
317	746.1955902689451	3.562434060914541
318	746.2034626879112	3.569112367051872
319	746.2112676002128	3.575760124419465
320	746.2190051104467	3.582377388887589
321	746.2266753232093	3.588964216326516
322	746.2342783430975	3.595520662606515
323	746.2418142747076	3.6020467835978573
324	746.2492832226364	3.6085426351708128
325	746.2566852914805	3.615008273195652
326	746.2640205858363	3.6214437535426467
327	746.2712892103007	3.6278491320820656
328	746.27849126947	3.6342244646841797
329	746.2856268679409	3.64056980721926
330	746.2926961103102	3.6468852155575764
331	746.2996991011743	3.6531707455693985
332	746.3066359451298	3.659426453125
333	746.3135067467733	3.665652394094648
334	746.3203116107015	3.6718486243486135
335	746.3270506415109	3.678015199757168
336	746.3337239437983	3.6841521761905818
337	746.34033162216	3.690259609519125
338	746.3468737811927	3.6963375556130678
339	746.3533505254932	3.702386070342681
340	746.3597619596578	3.7084052095782356
341	746.3661081882833	3.7143950291900003
342	746.3723893159663	3.720355585048248
343	746.3786054473034	3.726286933023247
344	746.384756686891	3.7321891289852687
345	746.3908431393261	3.738062228804585
346	746.3968649092047	3.7439062883514636
347	746.402822101124	3.7497213634961755
348	746.4087148196803	3.7555075101089925
349	746.4145431694703	3.761264784060184
350	746.4203072550905	3.766993241220022
351	746.4260071811376	3.772692937458775
352	746.4316430522082	3.7783639286467143
353	746.4372149728988	3.784006270654112
354	746.442723047806	3.7896200193512346
355	746.4481673815266	3.795205230608356
356	746.453548078657	3.8007619602957456
357	746.4588652437939	3.806290264283674
358	746.4641189815338	3.8117901984424107
359	746.4693093964735	3.817261818642227
360	746.4744365932094	3.8227051807533927
361	746.4795006763381	3.8281203406461803
362	746.4845017504564	3.8335073541908575
363	746.4894399201605	3.8388662772576962
364	746.4943152900476	3.844197165716967
365	746.4991279647138	3.84950007543894
366	746.503878048756	3.8547750622938857
367	746.5085656467705	3.8600221821520737
368	746.5131908633542	3.865241490883777
369	746.5177538031037	3.870433044359264
370	746.5222545706154	3.875596898448804
371	746.5266932704857	3.8807331090226698
372	746.5310700073118	3.885841731951132
373	746.5353848856898	3.890922823104459
374	746.5396380102167	3.8959764383529216
375	746.5438294854887	3.9010026335667924
376	746.5479594161027	3.90600146461634
377	746.5520279066551	3.9109729873718355
378	746.5560350617427	3.915917257703549
379	746.5599809859617	3.9208343314817506
380	746.5638657839093	3.9257242645767114
381	746.5676895601816	3.9305871128587024
382	746.5714524193755	3.9354229321979934
383	746.5751544660876	3.940231778464854
384	746.5787958049143	3.9450137075295557
385	746.5823765404523	3.9497687752623696
386	746.5858967772981	3.9544970375335646
387	746.5893566200485	3.959198550213412
388	746.5927561732999	3.9638733691721817
389	746.596095541649	3.968521550280145
390	746.5993748296925	3.9731431494075715
391	746.6025941420269	3.977738222424733
392	746.6057535832488	3.9823068252018983
393	746.6088532579547	3.9868490136093397
394	746.6118932707415	3.991364843517325
395	746.6148737262055	3.9958543707961267
396	746.6177947289432	4.000317651316015
397	746.6206563835516	4.004754740947261
398	746.6234587946271	4.009165695560133
399	746.6262020667664	4.013550571024902
400	746.6288863045659	4.017909423211841
401	746.6315116126224	4.022242307991219
402	746.6340780955323	4.0265492812333035
403	746.6365858578924	4.030830398808369
404	746.6390350042992	4.035085716586686
405	746.6414256393492	4.0393152904385214
406	746.6437578676392	4.043519176234148
407	746.6460317937658	4.047697429843837
408	746.6482475223254	4.051850107137857
409	746.6504051579149	4.055977263986479
410	746.6525048051305	4.060078956259975
411	746.6545465685691	4.064155239828613
412	746.6565305528273	4.068206170562665
413	746.6584568625015	4.072231804332401
414	746.6603256021884	4.0762321970080935
415	746.6621368764847	4.080207404460008
416	746.663890789987	4.084157482558419
417	746.6655874472918	4.0880824871735975
418	746.6672269529957	4.091982474175811
419	746.6688094116954	4.095857499435332
420	746.6703349279874	4.09970761882243
421	746.6718036064681	4.103532888207376
422	746.6732155517345	4.107333363460439
423	746.6745708683832	4.111109100451893
424	746.6758696610104	4.114860155052004
425	746.6771120342131	4.118586583131045
426	746.6782980925876	4.122288440559287
427	746.6794279407308	4.125965783206999
428	746.680501683239	4.1296186669444515
429	746.681519424709	4.1332471476419155
430	746.6824812697372	4.136851281169663
431	746.6833873229206	4.140431123397961
432	746.6842376888553	4.143986730197081
433	746.6850324721383	4.147518157437297
434	746.685771777366	4.151025460988874
435	746.6864557091351	4.154508696722087
436	746.6870843720421	4.157967920507204
437	746.6876578706837	4.161403188214496
438	746.6881763096562	4.164814555714234
439	746.6886397935567	4.168202078876688
440	746.6890484269815	4.171565813572128
441	746.6894023145272	4.174905815670825
442	746.6897015607906	4.178222141043048
443	746.6899462703681	4.181514845559072
444	746.6901365478562	4.184783985089162
445	746.6902724978519	4.1880296155035905
446	746.6903542249513	4.19125179267263
447	746.6903818337514	4.194450572466548
448	746.6903554288486	4.197626010755616
449	746.6902751148397	4.200778163410103
450	746.690140996321	4.203907086300283
451	746.6899531778894	4.207012835296425
452	746.6897117641413	4.210095466268797
453	746.6894168596733	4.213155035087673
454	746.6890685690822	4.21619159762332
455	746.6886669969643	4.219205209746012
456	746.6882122479165	4.222195927326017
457	746.6877044265352	4.225163806233606
458	746.6871436374171	4.22810890233905
459	746.6865299851588	4.23103127151262
460	746.6858635743569	4.233930969624584
461	746.6851445096079	4.236808052545214
462	746.6843728955084	4.239662576144783
463	746.6835488366552	4.2424945962935565
464	746.6826724376447	4.245304168861808
465	746.6817438030736	4.2480913497198065
466	746.6807630375386	4.250856194737826
467	746.679730245636	4.253598759786131
468	746.6786455319627	4.256319100734997
469	746.6775090011151	4.259017273454693
470	746.67632075769	4.2616933338154865
471	746.6750809062837	4.264347337687653
472	746.6737895514931	4.26697934094146
473	746.6724467979146	4.269589399447179
474	746.671052750145	4.272177569075079
475	746.6696075127808	4.274743905695432
476	746.6681111904185	4.277288465178507
477	746.6665638876548	4.279811303394577
478	746.6649657090863	4.282312476213909
479	746.6633167593096	4.284792039506777
480	746.6616171429213	4.287250049143449
481	746.659866964518	4.289686560994195
482	746.6580663286962	4.292101630929288
483	746.6562153400528	4.294495314818996
484	746.654314103184	4.296867668533591
485	746.6523627226867	4.2992187479433435
486	746.6503613031574	4.301548608918522
487	746.6483099491927	4.3038573073294
488	746.646208765389	4.306144899046245
489	746.6440578563434	4.308411439939331
490	746.641857326652	4.310656985878924
491	746.6396072809117	4.312881592735296
492	746.637307823719	4.315085316378721
493	746.6349590596705	4.3172682126794655
494	746.6325610933628	4.3194303375078
495	746.6301140293925	4.321571746733997
496	746.6276179723562	4.323692496228326
497	746.6250730268505	4.325792641861056
498	746.622479297472	4.327872239502462
499	746.6198368888173	4.329931345022809
500	746.6171459054831	4.33197001429237
501	746.6144064520659	4.333988303181416
502	746.6116186331623	4.335986267560215
503	746.6087825533689	4.337963963299042
504	746.6058983172824	4.3399214462681615
505	746.602966029499	4.34185877233785
506	746.5999857946159	4.343775997378373
507	746.5969577172294	4.345673177260003
508	746.5938819019361	4.347550367853011
509	746.5907584533327	4.349407625027668
510	746.5875874760155	4.351245004654241
511	746.5843690745816	4.353062562603006
512	746.5811033536271	4.354860354744228
513	746.5777904177488	4.35663843694818
514	746.5744303715435	4.358396865085133
515	746.5710233196075	4.360135695025356
516	746.5675693665377	4.36185498263912
517	746.5640686169304	4.363554783796696
518	746.5605211753824	4.365235154368354
519	746.5569271464902	4.366896150224363
520	746.5532866348505	4.368537827234997
521	746.5495997450597	4.370160241270524
522	746.5458665817144	4.371763448201214
523	746.5420872494117	4.37334750389734
524	746.5382618527476	4.374912464229169
525	746.534390496319	4.376458385066974
526	746.5304732847225	4.377985322281024
527	746.5265103225546	4.379493331741592
528	746.5225017144119	4.380982469318944
529	746.5184475648911	4.382452790883353
530	746.5143479785886	4.383904352305092
531	746.5102030601013	4.385337209454427
532	746.5060129140255	4.386751418201633
533	746.5017776449581	4.388147034416974
534	746.4974973574955	4.389524113970727
535	746.4931721562343	4.390882712733158
536	746.4888021457713	4.39222288657454
537	746.4843874307028	4.393544691365144
538	746.4799281156256	4.394848182975238
539	746.4754243051361	4.3961334172750925
540	746.4708761038313	4.397400450134982
541	746.4662836163075	4.398649337425172
542	746.4616469471613	4.399880135015934
543	746.4569662009893	4.4010928987775415
544	746.4522414823882	4.402287684580263
545	746.4474728959547	4.403464548294367
546	746.4426605462851	4.404623545790126
547	746.437804537976	4.405764732937811
548	746.4329049756244	4.406888165607692
549	746.4279619638266	4.407993899670038
550	746.4229756071794	4.409081990995123
551	746.4179460102791	4.410152495453212
552	746.4128732777226	4.41120546891458
553	746.4077575141063	4.412240967249497
554	746.4025988240268	4.413259046328232
555	746.3973973120808	4.414259762021054
556	746.3921530828649	4.415243170198236
557	746.3868662409756	4.4162093267300495
558	746.3815368910097	4.417158287486761
559	746.3761651375636	4.418090108338646
560	746.3707510852339	4.41900484515597
561	746.3652948386174	4.419902553809006
562	746.3597965023106	4.420783290168025
563	746.3542561809099	4.4216471101032955
564	746.3486739790121	4.42249406948509
565	746.3430500012139	4.423324224183677
566	746.3373843521117	4.424137630069329
567	746.3316771363023	4.424934343012314
568	746.3259284583821	4.4257144188829045
569	746.3201384229478	4.42647791355137
570	746.314307134596	4.427224882887982
571	746.3084346979233	4.42795538276301
572	746.3025212175261	4.4286694690467225
573	746.2965667980013	4.4293671976093965
574	746.2905715439455	4.430048624321294
575	746.2845355599551	4.430713805052692
576	746.2784589506268	4.4313627956738575
577	746.2723418205571	4.431995652055061
578	746.2661842743429	4.432612430066575
579	746.2599864165804	4.43321318557867
580	746.2537483518664	4.433797974461613
581	746.2474701847976	4.434366852585678
582	746.2411520199704	4.434919875821134
583	746.2347939619816	4.435457100038252
584	746.2283961154277	4.435978581107302
585	746.2219585849052	4.436484374898553
586	746.2154814750108	4.436974537282281
587	746.2089648903412	4.437449124128749
588	746.2024089354929	4.437908191308231
589	746.1958137150624	4.438351794691
590	746.1891793336465	4.438779990147321
591	746.1825058958416	4.439192833547469
592	746.1757935062445	4.439590380761713
593	746.1690422694517	4.439972687660322
594	746.1622522900598	4.440339810113567
595	746.1554236726654	4.4406918039917205
596	746.1485565218651	4.441028725165052
597	746.1416509422554	4.441350629503831
598	746.1347070384332	4.441657572878328
599	746.1277249149948	4.441949611158815
600	746.120704676537	4.442226800215561
601	746.1136464276564	4.442489195918836
602	746.1065502729493	4.442736854138913
603	746.0994163170127	4.44296983074606
604	746.0922446644429	4.443188181610548
605	746.0850354198367	4.443391962602648
606	746.0777886877904	4.44358122959263
607	746.070504572901	4.443756038450765
608	746.0631831797649	4.443916445047323
609	746.0558246129788	4.444062505252574
610	746.0484289771391	4.444194274936788
611	746.0409963768426	4.444311809970238
612	746.0335269166859	4.444415166223194
613	746.0260207012655	4.444504399565923
614	746.0184778351778	4.4445795658686995
615	746.0108984230199	4.444640721001791
616	746.0032825693879	4.444687920835471
617	745.9956303788788	4.444721221240005
618	745.987941956089	4.444740678085671
619	745.9802174056151	4.444746347242732
620	745.9724568320538	4.444738284581462
621	745.9646603400016	4.444716545972131
622	745.9568280340551	4.44468118728501
623	745.948960018811	4.444632264390369
624	745.9410563988658	4.444569833158477
625	745.9331172788161	4.4444939494596065
626	745.9251427632587	4.444404669164028
627	745.9171329567899	4.444302048142011
628	745.9090879640065	4.444186142263826
629	745.9010078895051	4.444057007399744
630	745.8928928378821	4.443914699420034
631	745.8847429137342	4.443759274194969
632	745.8765582216582	4.443590787594818
633	745.8683388662505	4.44340929548985
634	745.8600849521077	4.443214853750339
635	745.8517965838266	4.443007518246551
636	745.8434738660036	4.442787344848759
637	745.8351169032353	4.442554389427236
638	745.8267258001183	4.4423087078522485
639	745.8183006612493	4.442050355994069
640	745.8098415912249	4.4417793897229645
641	745.8013486946415	4.44149586490921
642	745.7928220760961	4.441199837423072
643	745.784261840185	4.440891363134826
644	745.7756680915047	4.440570497914739
645	745.7670409346522	4.4402372976330815
646	745.7583804742237	4.439891818160123
647	745.749686814816	4.439534115366138
648	745.7409600610255	4.439164245121392
649	745.7322003174492	4.438782263296159
650	745.7234076886833	4.438388225760708
651	745.7145822793246	4.43798218838531
652	745.7057241939698	4.437564207040233
653	745.6968335372153	4.437134337595752
654	745.6879104136577	4.436692635922134
655	745.6789549278938	4.436239157889651
656	745.6699671845199	4.435773959368574
657	745.6609472881329	4.435297096229171
658	745.6518953433292	4.434808624341714
659	745.6428114547056	4.4343085995764735
660	745.6336957268585	4.433797077803719
661	745.6245482643845	4.433274114893725
662	745.6153691718804	4.432739766716755
663	745.6061585539426	4.432194089143084
664	745.5969165151677	4.4316371380429835
665	745.5876431601525	4.431068969286719
666	745.5783385934935	4.430489638744566
667	745.5690029197872	4.4298992022867925
668	745.5596362436304	4.42929771578367
669	745.5502386696195	4.428685235105467
670	745.5408103023512	4.428061816122458
671	745.5313512464221	4.427427514704909
672	745.5218616064288	4.426782386723092
673	745.5123414869678	4.426126488047279
674	745.5027909926358	4.4254598745477365
675	745.4932102280295	4.424782602094742
676	745.4835992977453	4.4240947265585575
677	745.4739583063799	4.423396303809461
678	745.46428735853	4.422687389717717
679	745.454586558792	4.4219680401535975
680	745.4448560117627	4.421238310987377
681	745.4350958220383	4.420498258089321
682	745.425306094216	4.419747937329704
683	745.415486932892	4.418987404578792
684	745.405638442663	4.418216715706857
685	745.3957607281257	4.4174359265841705
686	745.3858538938764	4.416645093081005
687	745.3759180445121	4.415844271067626
688	745.3659532846291	4.41503351641431
689	745.355959718824	4.41421288499132
690	745.3459374516937	4.413382432668933
691	745.3358865878345	4.4125422153174165
692	745.3258072318432	4.411692288807041
693	745.3156994883162	4.410832709008078
694	745.3055634618503	4.409963531790797
695	745.2953992570419	4.409084813025467
696	745.2852069784878	4.408196608582363
697	745.2749867307846	4.407298974331751
698	745.2647386185286	4.406391966143905
699	745.2544627463168	4.405475639889092
700	745.2441592187455	4.404550051437583
701	745.2338281404114	4.403615256659651
702	745.2234696159113	4.402671311425564
703	745.2130837498414	4.401718271605595
704	745.2026706467987	4.400756193070014
705	745.1922304113796	4.399785131689086
706	745.1817631481805	4.398805143333089
707	745.1712689617984	4.39781628387229
708	745.1607479568297	4.396818609176957
709	745.1502002378711	4.395812175117367
710	745.139625909519	4.394797037563784
711	745.1290250763702	4.393773252386481
712	745.1183978430213	4.39274087545573
713	745.1077443140688	4.3916999626418
714	745.0970645941093	4.39065056981496
715	745.0863587877392	4.389592752845484
716	745.0756269995555	4.3885265676036385
717	745.0648693341548	4.3874520699596955
718	745.0540858961334	4.386369315783927
719	745.043276790088	4.385278360946602
720	745.0324421206153	4.384179261317992
721	745.0215819923119	4.383072072768364
722	745.0106965097742	4.381956851167993
723	744.999785777599	4.380833652387149
724	744.9888499003828	4.379702532296096
725	744.9778889827223	4.378563546765116
726	744.966903129214	4.377416751664468
727	744.9558924444545	4.376262202864428
728	744.9448570330406	4.375099956235266
729	744.9337969995687	4.373930067647255
730	744.9227124486354	4.372752592970659
731	744.9116034848372	4.371567588075755
732	744.9004702127711	4.3703751088328096
733	744.8893127370334	4.3691752111120925
734	744.8781311622206	4.367967950783879
735	744.8669255929296	4.366753383718435
736	744.8556961337569	4.365531565786034
737	744.8444428892989	4.364302552856943
738	744.8331659641524	4.363066400801435
739	744.8218654629139	4.36182316548978
740	744.8105414901801	4.3605729027922475
741	744.7991941505476	4.359315668579111
742	744.787823548613	4.358051518720637
743	744.7764297889728	4.356780509087096
744	744.7650129762237	4.355502695548761
745	744.7535732149622	4.354218133975904
746	744.742110609785	4.35292688023879
747	744.7306252652887	4.351628990207695
748	744.7191172860697	4.350324519752886
749	744.7075867767248	4.349013524744633
750	744.6960338418507	4.3476960610532105
751	744.6844585860439	4.346372184548884
752	744.6728611139009	4.345041951101929
753	744.6612415300184	4.343705416582609
754	744.6495999389929	4.342362636861202
755	744.6379364454211	4.341013667807975
756	744.6262511538995	4.339658565293196
757	744.6145441690248	4.338297385187141
758	744.6028155953936	4.336930183360076
759	744.5910655376026	4.335557015682273
760	744.5792941002481	4.334177938024002
761	744.567501387927	4.332793006255536
762	744.5556875052358	4.331402276247141
763	744.5438525567711	4.330005803869091
764	744.5319966471293	4.328603644991655
765	744.5201198809073	4.327195855485102
766	744.5082223627015	4.325782491219708
767	744.4963041971087	4.324363608065736
768	744.4843654887253	4.322939261893463
769	744.472406342148	4.321509508573154
770	744.4604268619735	4.320074403975082
771	744.4484271527981	4.3186340039695175
772	744.4364073192188	4.317188364426734
773	744.4243674658318	4.315737541216994
774	744.4123076972339	4.3142815902105776
775	744.4002281180218	4.312820567277749
776	744.388128832792	4.311354528288778
777	744.376009946141	4.30988352911394
778	744.3638715626655	4.3084076256234995
779	744.3517137869623	4.3069268736877335
780	744.3395367236276	4.305441329176906
781	744.3273404772582	4.3039510479612915
782	744.3151251524506	4.302456085911161
783	744.3028908538017	4.300956498896781
784	744.2906376859079	4.2994523427884275
785	744.2783657533657	4.297943673456364
786	744.2660751607718	4.296430546770866
787	744.253766012723	4.2949130186022035
788	744.2414384138154	4.293391144820647
789	744.2290924686462	4.291864981296464
790	744.2167282818115	4.29033458389993
791	744.2043459579081	4.28880000850131
792	744.1919456015328	4.287261310970877
793	744.1795273172819	4.285718547178904
794	744.167091209752	4.2841717729956565
795	744.15463738354	4.282621044291408
796	744.1421659432423	4.281066416936428
797	744.1296769934554	4.279507946800988
798	744.117170638776	4.277945689755358
799	744.1046469838008	4.276379701669806
800	744.0921061331263	4.27481003841461
801	744.0795481913491	4.273236755860029
802	744.0669732630658	4.27165990987634
803	744.0543814528731	4.270079556333816
804	744.0417728653675	4.268495751102724
805	744.0291476051457	4.2669085500533335
806	744.0165057768041	4.265318009055919
807	744.0038474849395	4.263724183980746
808	743.9911728341483	4.2621271306980875
809	743.9784819290273	4.2605269050782155
810	743.9657748741731	4.258923562991397
811	743.9530517741822	4.257317160307906
812	743.9403127336511	4.255707752898008
813	743.9275578571767	4.254095396631978
814	743.9147872493554	4.252480147380087
815	743.9020010147837	4.250862061012601
816	743.8891992580584	4.249241193399796
817	743.8763820837761	4.247617600411936
818	743.8635495965333	4.245991337919295
819	743.8507019009267	4.244362461792145
820	743.8378391015527	4.242731027900755
821	743.8249613030082	4.241097092115395
822	743.8120686098896	4.239460710306336
823	743.7991611267934	4.2378219383438465
824	743.7862389583164	4.2361808320981975
825	743.7733022090553	4.234537447439664
826	743.7603509836064	4.232891840238512
827	743.7473853865664	4.231244066365013
828	743.734405522532	4.229594181689437
829	743.7214114960999	4.2279422420820545
830	743.7084034118664	4.226288303413135
831	743.6953813744283	4.224632421552954
832	743.682345488382	4.222974652371777
833	743.6692958583244	4.221315051739874
834	743.6562325888519	4.219653675527518
835	743.6431557845611	4.217990579604977
836	743.6300655500488	4.216325819842527
837	743.6169619899115	4.214659452110433
838	743.6038452087456	4.212991532278966
839	743.5907153111478	4.211322116218398
840	743.5775724017149	4.2096512597989975
841	743.5644165850433	4.207979018891037
842	743.5512479657297	4.206305449364789
843	743.5380666483707	4.204630607090521
844	743.5248727375628	4.2029545479385
845	743.5116663379026	4.201277327779002
846	743.4984475539869	4.199599002482295
847	743.4852164904121	4.197919627918652
848	743.4719732517749	4.196239259958342
849	743.4587179426717	4.194557954471633
850	743.4454506676994	4.192875767328797
851	743.4321715314545	4.191192754400104
852	743.4188806385336	4.18950897155583
853	743.4055780935332	4.187824474666237
854	743.39226400105	4.186139319601601
855	743.3789384656806	4.184453562232191
856	743.3656015920214	4.1827672584282745
857	743.3522534846693	4.181080464060126
858	743.3388942482209	4.179393234998017
859	743.3255239872725	4.177705627112215
860	743.312142806421	4.1760176962729885
861	743.2987508102628	4.174329498350611
862	743.2853481033947	4.172641089215352
863	743.2719347904131	4.170952524737485
864	743.2585109759146	4.169263860787278
865	743.2450767644958	4.167575153234999
866	743.2316322607536	4.165886457950921
867	743.2181775692843	4.164197830805313
868	743.2047127946847	4.162509327668451
869	743.1912380415512	4.1608210044105975
870	743.1777534144805	4.1591329169020295
871	743.1642590180692	4.157445121013012
872	743.1507549569139	4.1557576726138175
873	743.1372413356112	4.154070627574717
874	743.1237182587575	4.152384041765982
875	743.1101858309498	4.150697971057886
876	743.0966441567845	4.149012471320689
877	743.0830933408581	4.147327598424669
878	743.0695334877673	4.145643408240096
879	743.0559647021088	4.143959956637241
880	743.0423870884791	4.142277299486374
881	743.0288007514747	4.140595492657763
882	743.0152057956923	4.138914592021678
883	743.0016023257285	4.137234653448393
884	742.98799044618	4.13555573280818
885	742.9743702616432	4.133877885971302
886	742.9607418767149	4.132201168808036
887	742.9471053959916	4.130525637188649
888	742.9334609240699	4.128851346983414
889	742.9198085655464	4.127178354062598
890	742.9061484250176	4.1255067142964785
891	742.8924806070803	4.123836483555321
892	742.8788052163311	4.122167717709392
893	742.8651223573664	4.120500472628966
894	742.851432134783	4.118834804184314
895	742.8377346531773	4.1171707682457095
896	742.8240300171461	4.115508420683415
897	742.8103183312859	4.11384781736771
898	742.7965997001933	4.112189014168858
899	742.7828742284648	4.110532066957131
900	742.7691420206972	4.1088770316028
901	742.7554031814872	4.107223963976137
902	742.741657815431	4.105572919947412
903	742.7279060271256	4.103923955386893
904	742.7141479211673	4.102277126164852
905	742.7003836021529	4.100632488151559
906	742.6866131746789	4.098990097217288
907	742.6728367433418	4.097350009232308
908	742.6590544127384	4.095712280066883
909	742.6452662874653	4.094076965591288
910	742.6314724721191	4.092444121675797
911	742.6176730712962	4.090813804190677
912	742.6038681895934	4.089186069006197
913	742.5900579316071	4.087560971992632
914	742.5762424019342	4.085938569020246
915	742.5624217051711	4.084318915959314
916	742.5485959459143	4.082702068680106
917	742.5347652287606	4.081088083052895
918	742.5209296583066	4.079477014947948
919	742.5070893391488	4.077868920235532
920	742.4932443758839	4.076263854785923
921	742.4793948731084	4.074661874469389
922	742.465540935419	4.073063035156204
923	742.4516826674121	4.071467392716637
924	742.4378201736845	4.069875003020953
925	742.4239535588327	4.0682859219394265
926	742.4100829274535	4.066700205342329
927	742.3962083841433	4.065117909099933
928	742.3823300334986	4.063539089082504
929	742.3684479801163	4.0619638011603145
930	742.3545623285929	4.060392101203636
931	742.3406731835248	4.058824045082734
932	742.3267806495088	4.057259688667885
933	742.3128848311414	4.05569908782936
934	742.2989858330194	4.054142298437427
935	742.2850837597392	4.052589376362352
936	742.2711787158975	4.051040377474412
937	742.2572708060908	4.049495357643873
938	742.2433601349157	4.047954372741013
939	742.2294468069689	4.046417478636096
940	742.215530926847	4.04488473119939
941	742.2016125991464	4.0433561863011676
942	742.187691928464	4.041831899811702
943	742.1737690193963	4.040311927601267
944	742.1598439765398	4.0387963255401225
945	742.1459169044913	4.037285149498548
946	742.1319879078471	4.03577845534681
947	742.118057091204	4.034276298955178
948	742.1041245591587	4.032778736193925
949	742.0901904163075	4.031285822933325
950	742.0762547672472	4.029797615043641
951	742.0623177165744	4.028314168395145
952	742.0483793688857	4.02683553885811
953	742.0344398287776	4.025361782302804
954	742.0204992008469	4.023892954599501
955	742.0065575896899	4.022429111618472
956	741.9926150999036	4.0209703092299796
957	741.9786718360841	4.019516603304301
958	741.9647279028285	4.018068049711705
959	741.9507834047331	4.016624704322465
960	741.9368384463946	4.015186623006845
961	741.9228931324096	4.01375386163512
962	741.9089475673746	4.012326476077561
963	741.8950018558864	4.010904522204436
964	741.8810561025415	4.009488055886016
965	741.8671104119363	4.0080771329925735
966	741.8531648886676	4.006671809394378
967	741.8392196373321	4.005272140961696
968	741.8252747625263	4.003878183564802
969	741.8113303688468	4.002489993073969
970	741.7973865608902	4.001107625359462
971	741.7834434432531	3.9997311362915524
972	741.769501120532	3.998360581740513
973	741.7555596973236	3.996996017576614
974	741.7416192782244	3.9956374996701256
975	741.7276799678314	3.9942850838913153
976	741.7137418707407	3.992938826110458
977	741.6998050915491	3.991598782197821
978	741.6858697348532	3.9902650080236755
979	741.6719359052497	3.988937559458294
980	741.6580037073351	3.987616492371944
981	741.6440732457058	3.9863018626348983
982	741.6301446249588	3.984993726117425
983	741.6162179496903	3.983692138689795
984	741.6022933244973	3.9823971562222824
985	741.5883708539761	3.9811088345851533
986	741.5744506427235	3.97982722964868
987	741.560532795336	3.978552397283131
988	741.5466174164102	3.9772843933587807
989	741.5327046105426	3.9760232737458976
990	741.5187944823301	3.974769094314749
991	741.5048871363689	3.97352191093561
992	741.4909826772559	3.9722817794787497
993	741.4770812095877	3.9710487558144374
994	741.4631828379607	3.969822895812945
995	741.4492876669717	3.96860425534454
996	741.4353958012172	3.9673928902794975
997	741.4215073452938	3.9661888564880843
998	741.4076224037981	3.9649922098405734
999	741.3937410813267	3.9638030062072316
1000	741.3798634824763	3.962621301458334
1001	741.3659897118433	3.961447151464148
1002	741.3521198740245	3.9602806120949454
1003	741.3382540736166	3.9591217392209943
1004	741.3243924152158	3.9579705887125676
1005	741.310535003419	3.9568272164399367
1006	741.2966819428227	3.955691678273369
1007	741.2828333380236	3.954564030083135
1008	741.268989293618	3.9534443277395095
1009	741.2551499142029	3.9523326271127583
1010	741.2413153043748	3.9512289840731536
1011	741.2274855687301	3.9501334544909654
1012	741.2136608118657	3.949046094236465
1013	741.1998411383779	3.9479669591799227
1014	741.1860266528635	3.9468961051916094
1015	741.172217459919	3.9458335881417925
1016	741.158413664141	3.9447794639007467
1017	741.1446153701262	3.943733788338742
1018	741.1308226824711	3.942696617326045
1019	741.1170357057724	3.941668006732929
1020	741.1032545446266	3.9406480124296643
1021	741.0894793036304	3.9396366902865214
1022	741.0757100873802	3.9386340961737707
1023	741.061947000473	3.937640285961679
1024	741.0481901475049	3.936655315520524
1025	741.0344396330728	3.935679240720571
1026	741.0206955617732	3.9347121174320923
1027	741.0069580382029	3.9337540015253567
1028	740.9932271669583	3.932804948870637
1029	740.979503052636	3.931865015338203
1030	740.9657857998327	3.9309342567983205
1031	740.952075513145	3.9300127291212688
1032	740.9383722971694	3.929100488177311
1033	740.9246762565024	3.928197589836723
1034	740.9109874957409	3.927304089969769
1035	740.8973061194814	3.926420044446724
1036	740.8836322323205	3.925545509137858
1037	740.8699659388546	3.9246805399134392
1038	740.8563073436806	3.923825192643741
1039	740.8426565513948	3.922979523199032
1040	740.8290136665942	3.9221435874495847
1041	740.8153787938749	3.921317441265667
1042	740.8017520378338	3.9205011405175485
1043	740.7881335030676	3.9196947410755025
1044	740.7745232941727	3.9188982988098005
1045	740.7609215157458	3.9181118695907102
1046	740.7473282723835	3.9173355092885003
1047	740.7337436686823	3.9165692737734457
1048	740.720167809239	3.9158132189158144
1049	740.7066007986499	3.9150674005858783
1050	740.6930427415118	3.914331874653905
1051	740.6794937424213	3.9136066969901693
1052	740.665953905975	3.912891923464938
1053	740.6524233367695	3.912187609948482
1054	740.6389021394014	3.911493812311072
1055	740.6253904184672	3.910810586422982
1056	740.6118882785636	3.9101379881544767
1057	740.5983958242872	3.9094760733758305
1058	740.5849131602344	3.908824897957312
1059	740.5714403910022	3.9081845177691927
1060	740.5579776211869	3.9075549886817447
1061	740.5445249553852	3.906936366565234
1062	740.5310824981937	3.906328707289932
1063	740.517650354209	3.905732066726114
1064	740.5042286280276	3.9051465007440447
1065	740.4908174242463	3.904572065213999
1066	740.4774168474614	3.904008816006242
1067	740.4640270022699	3.9034568089910513
1068	740.4506479932681	3.9029161000386914
1069	740.4372799250527	3.902386745019436
1070	740.4239229022203	3.901868799803551
1071	740.4105770293676	3.901362320261314
1072	740.3972424110909	3.9008673622629924
1073	740.3839191519871	3.9003839816788544
1074	740.3706073566527	3.899912234379169
1075	740.3573071296842	3.8994521762342136
1076	740.3440185756784	3.8990038631142543
1077	740.3307417992318	3.8985673508895626
1078	740.317476904941	3.898142695430406
1079	740.3042239974026	3.8977299526070586
1080	740.2909831812132	3.897329178289791
1081	740.2777545609694	3.896940428348871
1082	740.2645382412678	3.8965637586545685
1083	740.2513343267049	3.896199225077159
1084	740.2381429218775	3.895846883486908
1085	740.2249641313821	3.8955067897540876
1086	740.2117980598154	3.8951789997489685
1087	740.1986448117739	3.8948635693418208
1088	740.1855044918541	3.8945605544029154
1089	740.1723772046528	3.894270010802521
1090	740.1592630547664	3.8939919944109116
1091	740.1461621467918	3.893726561098356
1092	740.1330745853252	3.893473766735124
1093	740.1200004749635	3.893233667191484
1094	740.1069399203033	3.8930063183377097
1095	740.0938930259409	3.892791776044074
1096	740.0808598964734	3.8925900961808413
1097	740.067840636497	3.892401334618282
1098	740.0548353506084	3.892225547226673
1099	740.0418441434042	3.892062789876282
1100	740.028867119481	3.891913118437376
1101	740.0159043834354	3.891776588780226
1102	740.0029560398642	3.8916532567751094
1103	739.9900221933638	3.89154317829229
1104	739.9771029485307	3.891446409202038
1105	739.9641984099617	3.8913630053746258
1106	739.9513086822534	3.891293022680327
1107	739.9384338700022	3.8912365169894065
1108	739.9255740778048	3.8911935441721375
1109	739.912729410258	3.891164160098789
1110	739.8998999719581	3.8911484206396336
1111	739.8870858675019	3.8911463816649428
1112	739.8742872014859	3.8911580990449837
1113	739.8615040785068	3.891183628650025
1114	739.8487366031611	3.8912230263503447
1115	739.8359848800454	3.8912763480162074
1116	739.8232490137564	3.891343649517884
1117	739.8105291088905	3.8914249867256445
1118	739.7978252700445	3.891520415509763
1119	739.7851376018151	3.8916299917405066
1120	739.7724662087986	3.891753771288149
1121	739.7598111955919	3.8918918100229543
1122	739.7471726667912	3.8920441638152
1123	739.7345507269936	3.8922108885351534
1124	739.7219454807953	3.892392040053086
1125	739.7093570327929	3.892587674239266
1126	739.6967854875834	3.8927978469639672
1127	739.6842309497631	3.893022614097456
1128	739.6716935239286	3.893262031510007
1129	739.6591733146767	3.893516155071886
1130	739.6466704266037	3.8937850406533703
1131	739.6341849643063	3.894068744124722
1132	739.6217170323813	3.8943673213562198
1133	739.609266735425	3.8946808282181276
1134	739.5968341780343	3.895009320580719
1135	739.5844194648056	3.8953528543142637
1136	739.5720227003357	3.895711485289034
1137	739.5596439892208	3.8960852693752943
1138	739.5472834360579	3.8964742624433235
1139	739.5349411454436	3.896878520363387
1140	739.5226172219742	3.897298099005758
1141	739.5103117702465	3.8977330542407014
1142	739.4980248948569	3.8981834419384933
1143	739.4857567004024	3.898649317969403
1144	739.4735072914793	3.8991307382037
1145	739.4612767726843	3.899627758511654
1146	739.4490652486139	3.900140434763538
1147	739.4368728238649	3.9006688228296196
1148	739.4246996030336	3.9012129785801735
1149	739.4125456907169	3.9017729578854627
1150	739.4004111915111	3.9023488166157647
1151	739.3882962100131	3.9029406106413482
1152	739.3762008508194	3.903548395832483
1153	739.3641252185265	3.9041722280594358
1154	739.3520694177312	3.904812163192485
1155	739.3400335530299	3.9054682571018953
1156	739.3280177290193	3.9061405656579367
1157	739.316022050296	3.906829144730884
1158	739.3040466214566	3.907534050191005
1159	739.2920915470975	3.9082553379085714
1160	739.2801569318157	3.9089930637538504
1161	739.2682428802075	3.909747283597116
1162	739.2563494968696	3.9105180533086363
1163	739.2444768863986	3.9113054287586864
1164	739.232625153391	3.9121094658175295
1165	739.2207944024436	3.912930220355439
1166	739.2089847381528	3.9137677482426896
1167	739.1971962651153	3.9146221053495482
1168	739.1854290879278	3.915493347546281
1169	739.1736833111867	3.9163815307031657
1170	739.1619590394887	3.917286710690471
1171	739.1502563774304	3.918208943378466
1172	739.1385754296085	3.919148284637417
1173	739.1269163006194	3.920104790337603
1174	739.1152790950598	3.921078516349291
1175	739.1036639175262	3.9220695185427488
1176	739.0920708726155	3.923077852788247
1177	739.080500064924	3.92410357495606
1178	739.0689515990484	3.925146740916457
1179	739.0574255795854	3.926207406539707
1180	739.0459221111314	3.9272856276960804
1181	739.0344412982831	3.9283814602558476
1182	739.0229832456372	3.9294949600892823
1183	739.0115480577902	3.9306261830666505
1184	739.0001358393384	3.931775185058223
1185	738.9887466948791	3.932942021934274
1186	738.9773807290084	3.934126749565072
1187	738.966038046323	3.935329423820888
1188	738.9547187514195	3.9365501005719867
1189	738.9434229488945	3.937788835688647
1190	738.9321507433446	3.939045685041136
1191	738.9209022393665	3.940320704499726
1192	738.9096775415566	3.94161394993468
1193	738.8984767545116	3.9429254772162787
1194	738.8872999828283	3.9442553422147872
1195	738.876147331103	3.945603600800475
1196	738.8650189039324	3.9469703088436145
1197	738.8539148059132	3.9483555222144764
1198	738.8428351416419	3.94975929678333
1199	738.8317800157151	3.9511816884204474
1200	738.8207495327293	3.952622752996094
1201	738.8097437972814	3.9540825463805476
1202	738.7987629139678	3.9555611244440745
1203	738.7878069873851	3.9570585430569487
1204	738.77687612213	3.958574858089433
1205	738.765970422799	3.960110125411805
1206	738.7550899939887	3.9616644008943345
1207	738.7442349402958	3.963237740407287
1208	738.7334053663167	3.964830199820937
1209	738.7226013766481	3.9664418350055555
1210	738.7118230758867	3.968072701831413
1211	738.7010705686291	3.969722856168777
1212	738.6903439594719	3.9713923538879183
1213	738.6796433530116	3.973081250859109
1214	738.6689688538447	3.9747896029526206
1215	738.6583205665681	3.976517466038724
1216	738.6476985957781	3.9782648959876834
1217	738.6371030460715	3.980031948669775
1218	738.6265340220449	3.98181867995527
1219	738.6159916282948	3.9836251457144343
1220	738.6054759694179	3.985451401817542
1221	738.5949871500106	3.987297504134865
1222	738.5845252746698	3.9891635085366675
1223	738.5740904479919	3.9910494708932225
1224	738.5636827745735	3.9929554470748063
1225	738.5533023590114	3.994881492951682
1226	738.5429493059017	3.9968276643941243
1227	738.5326237198417	3.998794017272397
1228	738.5223257054275	4.0007806074567815
1229	738.5120553672559	4.002787490817541
1230	738.5018128099235	4.004814723224946
1231	738.4915981380269	4.006862360549267
1232	738.4814114561626	4.008930458660778
1233	738.4712528689272	4.011019073429745
1234	738.4611224809173	4.013128260726443
1235	738.4510203967296	4.015258076421139
1236	738.4409467209608	4.017408576384106
1237	738.4309015582073	4.019579816485613
1238	738.4208850130658	4.021771852595932
1239	738.4108971901328	4.023984740585325
1240	738.400938194005	4.026218536324072
1241	738.3910081292789	4.028473295682444
1242	738.3811071005512	4.030749074530711
1243	738.3712352124184	4.033045928739133
1244	738.3613925694773	4.035363914177992
1245	738.3515792763243	4.037703086717553
1246	738.3417954375561	4.040063502228089
1247	738.3320411577693	4.0424452165798685
1248	738.3223165415604	4.044848285643167
1249	738.3126216935261	4.047272765288247
1250	738.302956718263	4.0497187113853865
1251	738.2933217203675	4.052186179804851
1252	738.2837168044366	4.05467522641691
1253	738.2741420750667	4.057185907091839
1254	738.2645976368543	4.059718277699908
1255	738.2550835943961	4.062272394111378
1256	738.2456000522886	4.06484831219653
1257	738.2361471151286	4.067446087825635
1258	738.2267248875125	4.070065776868956
1259	738.217333474037	4.072707435196765
1260	738.2079729792987	4.075371118679338
1261	738.1986435078942	4.078056883186941
1262	738.18934516442	4.080764784589846
1263	738.1800780534729	4.083494878758321
1264	738.1708422796494	4.086247221562642
1265	738.1616379475461	4.089021868873074
1266	738.1524651617596	4.091818876559886
1267	738.1433240268863	4.094638300493355
1268	738.1342146475231	4.097480196543747
1269	738.1251371282666	4.1003446205813345
1270	738.1160915737132	4.103231628476387
1271	738.1070780884596	4.106141276099172
1272	738.0980967771025	4.1090736193199655
1273	738.0891477442383	4.112028714009038
1274	738.0802310944637	4.1150066160366565
1275	738.0713469323754	4.118007381273085
1276	738.0624953625696	4.121031065588608
1277	738.0536764896435	4.124077724853488
1278	738.0448904181933	4.127147414937999
1279	738.0361372528158	4.130240191712407
1280	738.0274170981074	4.133356111046984
1281	738.0187300586649	4.136495228812002
1282	738.0100762390848	4.1396576008777295
1283	738.0014557439637	4.142843283114441
1284	737.9928686778981	4.146052331392402
1285	737.9843151454847	4.1492848015818815
1286	737.9757952513202	4.1525407495531566
1287	737.9673091000011	4.155820231176493
1288	737.9588567961241	4.159123302322166
1289	737.9504384442856	4.162450018860444
1290	737.9420541490824	4.16580043666159
1291	737.9337040151111	4.169174611595883
1292	737.925388146968	4.172572599533594
1293	737.91710664925	4.17599445634499
1294	737.9088596265536	4.179440237900338
1295	737.9006471834755	4.182910000069916
1296	737.8924694246122	4.186403798723989
1297	737.8843264545603	4.189921689732832
1298	737.8762183779164	4.193463728966706
1299	737.8681452992772	4.197029972295895
1300	737.8601073232392	4.200620475590663
1301	737.8521045543989	4.2042352947212756
1302	737.8441370973532	4.207874485558012
1303	737.8362050566984	4.211538103971137
1304	737.8283085370314	4.215226205830923
1305	737.8204476429485	4.21893884700764
1306	737.8126224790465	4.222676083371556
1307	737.8048331499219	4.226437970792946
1308	737.7970797601713	4.230224565142077
1309	737.7893624143913	4.234035922289224
1310	737.7816812171786	4.237872098104652
1311	737.7740362731298	4.241733148458636
1312	737.7664276868414	4.245619129221442
1313	737.7588555629101	4.249530096263341
1314	737.7513200059324	4.253466105454608
1315	737.7438211205049	4.257427212665508
1316	737.7363590112242	4.261413473766318
1317	737.728933782687	4.265424944627302
1318	737.7215455394897	4.2694616811187345
1319	737.7141943862292	4.2735237391108845
1320	737.706880427502	4.277611174474019
1321	737.6996037679046	4.281724043078414
1322	737.6923645120337	4.285862400794337
1323	737.6851627644858	4.290026303492061
1324	737.6779986298575	4.294215807041853
1325	737.6708722127455	4.298430967313988
1326	737.6637836177463	4.302671840178728
1327	737.6567329494566	4.3069384815063545
1328	737.6497203124729	4.311230947167131
1329	737.6427458113919	4.315549293031328
1330	737.6358095508102	4.31989357496922
1331	737.6289116353244	4.324263848851072
1332	737.6220521695309	4.3286601705471615
1333	737.6152312580266	4.333082595927753
1334	737.6084490054078	4.337531180863115
1335	737.6017055162714	4.342005981223526
1336	737.5950008952138	4.346507052879249
1337	737.5883352468318	4.351034451700561
1338	737.5817086757218	4.355588233557722
1339	737.5751212864803	4.360168454321017
1340	737.5685731837043	4.364775169860707
1341	737.56206447199	4.369408436047067
1342	737.5555952559342	4.374068308750359
1343	737.5491656401334	4.378754843840861
1344	737.5427757291844	4.383468097188845
1345	737.5364256276837	4.388208124664576
1346	737.5301154402279	4.3929749821383295
1347	737.5238452714135	4.397768725480372
1348	737.5176152258372	4.402589410560973
1349	737.5114254080955	4.407437093250402
1350	737.5052759227851	4.4123118294189405
1351	737.4991668745025	4.417213674936848
1352	737.4930983678446	4.422142685674398
1353	737.4870705074077	4.427098917501858
1354	737.4810833977884	4.4320824262895036
1355	737.4751371435834	4.437093267907602
1356	737.4692318493894	4.442131498226426
1357	737.4633676198027	4.447197173116243
1358	737.4575445594203	4.452290348447329
1359	737.4517627728385	4.4574110800899485
1360	737.4460223646538	4.462559423914376
1361	737.4403234394632	4.467735435790875
1362	737.4346661018631	4.472939171589727
1363	737.42905045645	4.478170687181194
1364	737.4234766078206	4.483430038435548
1365	737.4179446605716	4.488717281223058
1366	737.4124547192994	4.494032471414002
1367	737.4070068886007	4.4993756648786425
1368	737.4016012730721	4.504746917487254
1369	737.3962379773101	4.510146285110103
1370	737.3909171059115	4.515573823617464
1371	737.3856387634728	4.521029588879609
1372	737.3804030545906	4.526513636766805
1373	737.3752100838616	4.532026023149319
1374	737.3700599558822	4.537566803897429
1375	737.3649527752491	4.5431360348814005
1376	737.3598886465588	4.548733771971507
1377	737.3548676744081	4.554360071038012
1378	737.3498899633936	4.560014987951198
1379	737.3449556181117	4.565698578581328
1380	737.3400647431591	4.571410898798671
1381	737.3352174431325	4.577152004473499
1382	737.3304138226283	4.582921951476085
1383	737.3256539862433	4.588720795676697
1384	737.320938038574	4.594548592945609
1385	737.3162660842169	4.600405399153082
1386	737.3116382277689	4.606291270169396
1387	737.3070545738262	4.612206261864822
1388	737.3025152269859	4.618150430109624
1389	737.2980202918441	4.6241238307740735
1390	737.2935698729976	4.630126519728444
1391	737.2891640750432	4.636158552843006
1392	737.2848030025772	4.64221998598803
1393	737.2804867601963	4.64831087503378
1394	737.2762154524971	4.654431275850536
1395	737.2719891840763	4.660581244308562
1396	737.2678080595305	4.666760836278133
1397	737.263672183456	4.6729701076295145
1398	737.2595816604498	4.6792091142329815
1399	737.2555365951083	4.685477911958801
1400	737.2515370920281	4.691776556677247
1401	737.2475832558059	4.698105104258581
1402	737.243675191038	4.704463610573089
1403	737.2398130023215	4.710852131491029
1404	737.2359967942526	4.717270722882675
1405	737.2322266714282	4.7237194406182965
1406	737.2285027384446	4.730198340568165
1407	737.2248250998986	4.736707478602556
1408	737.2211938603866	4.743246910591728
1409	737.2176091245054	4.749816692405963
1410	737.2140709968515	4.756416879915528
1411	737.2105795820216	4.763047528990688
1412	737.2071349846123	4.769708695501719
1413	737.2037373092201	4.776400435318892
1414	737.2003866604416	4.783122804312477
1415	737.1970831428735	4.789875858352741
1416	737.1938268611123	4.796659653309954
1417	737.1906179197547	4.803474245054392
1418	737.1874564233971	4.810319689456325
1419	737.1843424766364	4.81719604238602
1420	737.181276184069	4.824103359713745
1421	737.1782576502916	4.831041697309775
1422	737.1752869799006	4.8380111110443815
1423	737.1723642774929	4.8450116567878325
1424	737.1694896476649	4.8520433904103974
1425	737.1666631950134	4.85910636778235
1426	737.1638850241346	4.866200644773957
1427	737.1611552396254	4.873326277255494
1428	737.1584739460825	4.8804833210972225
1429	737.1558412481022	4.887671832169422
1430	737.1532572502814	4.89489186634236
1431	737.1507220572165	4.902143479486307
1432	737.1482357735042	4.909426727471528
1433	737.145798503741	4.9167416661683045
1434	737.1434103525237	4.924088351446898
1435	737.1410714244486	4.931466839177582
1436	737.1387818241125	4.938877185230625
1437	737.136541656112	4.946319445476302
1438	737.1343510250437	4.9537936757848815
1439	737.132210035504	4.961299932026634
1440	737.1301187920899	4.968838270071823
1441	737.1280773993977	4.976408745790728
1442	737.126085962024	4.9840114150536206
1443	737.1241445845654	4.991646333730765
1444	737.1222533716187	4.999313557692428
1445	737.1204124277804	5.0070131428088915
1446	737.1186218576471	5.014745144950422
1447	737.1168817658153	5.022509619987285
1448	737.1151922568816	5.030306623789752
1449	737.1135534354429	5.0381362122281
1450	737.1119654060955	5.045998441172596
1451	737.110428273436	5.053893366493506
1452	737.108942142061	5.061821044061105
1453	737.1075071165673	5.069781529745662
1454	737.1061233015514	5.0777748794174515
1455	737.1047908016099	5.085801148946738
1456	737.1035097213393	5.0938603942037926
1457	737.1022801653363	5.10195267105889
1458	737.1011022381975	5.1100780353822985
1459	737.0999760445196	5.11823654304429
1460	737.0989016888989	5.126428249915127
1461	737.0978792759323	5.134653211865092
1462	737.0969089102163	5.142911484764448
1463	737.0959906963475	5.151203124483467
1464	737.0951247389224	5.159528186892417
1465	737.0943111425378	5.167886727861575
1466	737.0935500117902	5.176278803261204
1467	737.0928414512762	5.1847044689615815
1468	737.0921855655923	5.193163780832971
1469	737.0915824593352	5.201656794745647
1470	737.0910322371016	5.210183566569881
1471	737.090535003488	5.218744152175941
1472	737.090090863091	5.227338607434097
1473	737.0896999205071	5.235966988214621
1474	737.089362280333	5.244629350387785
1475	737.0890780471655	5.253325749823855
1476	737.0888473256008	5.262056242393105
1477	737.0886702202357	5.270820883965806
1478	737.0885468356669	5.279619730412227
1479	737.0884772764908	5.288452837602636
1480	737.0884616473043	5.297320261407306
1481	737.0885000527037	5.306222057696511
1482	737.0885925972858	5.315158282340515
1483	737.088739385647	5.324128991209589
1484	737.0889405223841	5.333134240174008
1485	737.0891961120935	5.342174085104042
1486	737.089506259372	5.351248581869959
1487	737.0898710688161	5.360357786342026
1488	737.0902906450224	5.369501754390523
1489	737.0907650925876	5.3786805418857115
1490	737.0912945161082	5.387894204697867
1491	737.0918790201807	5.397142798697256
1492	737.092518709402	5.406426379754154
1493	737.0932136883685	5.415745003738829
1494	737.0939640616766	5.42509872652155
1495	737.0947699339233	5.434487603972586
1496	737.095631409705	5.443911691962215
1497	737.0965485936183	5.453371046360701
1498	737.0975215902599	5.462865723038316
1499	737.0985505042263	5.4723957778653265
1500	737.0996354401142	5.481961266712012
1501	737.10077650252	5.491562245448639
1502	737.1019737960404	5.501198769945474
1503	737.1032274252722	5.510870896072788
1504	737.1045374948118	5.520578679700857
1505	737.1059041092557	5.530322176699949
1506	737.1073273732007	5.540101442940333
1507	737.1088073912434	5.549916534292277
1508	737.1103442679804	5.559767506626059
1509	737.1119381080081	5.569654415811943
1510	737.1135890159233	5.579577317720204
1511	737.1152970963225	5.589536268221105
1512	737.1170624538023	5.599531323184925
1513	737.1188851929595	5.609562538481931
1514	737.1207654183904	5.6196299699823955
1515	737.1227032346918	5.62973367355658
1516	737.1246987464604	5.639873705074765
1517	737.1267520582924	5.65005012040722
1518	737.1288632747847	5.660262975424215
1519	737.1310325005338	5.67051232599601
1520	737.1332598401365	5.680798227992892
1521	737.1355453981893	5.6911207372851225
1522	737.1378892792886	5.701479909742971
1523	737.1402915880312	5.711875801236708
1524	737.1427524290137	5.722308467636609
1525	737.1452719068326	5.732777964812941
1526	737.1478501260846	5.743284348635976
1527	737.1504871913661	5.7538276749759785
1528	737.1531832072741	5.764407999703229
1529	737.1559382784048	5.775025378687993
1530	737.158752509355	5.785679867800539
1531	737.1616260047213	5.796371522911136
1532	737.1645588691002	5.807100399890061
1533	737.1675512070884	5.8178665546075825
1534	737.1706031232825	5.8286700429339655
1535	737.1737147222791	5.839510920739485
1536	737.1768861086746	5.850389243894412
1537	737.1801173870658	5.861305068269017
1538	737.1834086620494	5.8722584497335655
1539	737.1867600382218	5.883249444158335
1540	737.1901716201797	5.894278107413594
1541	737.1936435125197	5.905344495369612
1542	737.1971758198383	5.916448663896654
1543	737.2007686467322	5.927590668864998
1544	737.2044220977979	5.938770566144913
1545	737.2081362776322	5.949988411606672
1546	737.2119112908315	5.961244261120534
1547	737.2157472419925	5.972538170556783
1548	737.2196442357118	5.983870195785684
1549	737.223602376586	5.9952403926775055
1550	737.2276217692116	6.006648817102517
1551	737.2317025181853	6.018095524930995
1552	737.2358447281036	6.02958057203321
1553	737.2400485035633	6.041104014279425
1554	737.244313949161	6.052665907539914
1555	737.2486411694931	6.064266307684948
1556	737.2530302691562	6.075905270584802
1557	737.257481352747	6.087582852109739
1558	737.2619945248622	6.09929910813003
1559	737.2665698900983	6.111054094515951
1560	737.2712075530518	6.12284786713777
1561	737.2759076183193	6.1346804818657565
1562	737.2806701904976	6.146551994570176
1563	737.2854953741833	6.158462461121311
1564	737.2903832739727	6.170411937389423
1565	737.2953339944627	6.182400479244784
1566	737.3003476402498	6.194428142557665
1567	737.3054243159306	6.206494983198337
1568	737.3105641261017	6.218601057037069
1569	737.3157671753596	6.230746419944135
1570	737.3210335683011	6.242931127789799
1571	737.3263634095227	6.255155236444336
1572	737.331756803621	6.267418801778019
1573	737.3372138551927	6.279721879661118
1574	737.3427346688342	6.292064525963891
1575	737.3483193491421	6.3044467965566255
1576	737.3539680007133	6.316868747309583
1577	737.359680728144	6.329330434093038
1578	737.3654576360311	6.341831912777249
1579	737.3712988289712	6.354373239232507
1580	737.3772044115608	6.366954469329069
1581	737.3831744883964	6.379575658937204
1582	737.3892091640748	6.392236863927189
1583	737.3953085431925	6.404938140169291
1584	737.4014727303462	6.417679543533784
1585	737.4077018301324	6.430461129890935
1586	737.4139959471474	6.443282955111008
1587	737.4203551859885	6.4561450750642875
1588	737.4267796512518	6.469047545621038
1589	737.433269447534	6.481990422651529
1590	737.4398246794317	6.494973762026025
1591	737.4464454515416	6.507997619614807
1592	737.4531318684602	6.521062051288144
1593	737.4598840347841	6.534167112916301
1594	737.4667020551099	6.547312860369545
1595	737.4735860340343	6.560499349518159
1596	737.4805360761537	6.573726636232408
1597	737.487552286065	6.586994776382557
1598	737.4946347683646	6.60030382583888
1599	737.501783627649	6.61365384047165
1600	737.508998968515	6.627044876151136
1601	737.5162808955591	6.640476988747606
1602	737.5236295133781	6.653950234131334
1603	737.5310449265681	6.667464668172591
1604	737.5385272397264	6.681020346741645
1605	737.546076557449	6.694617325708761
1606	737.5536929843329	6.708255660944223
1607	737.5613766249745	6.721935408318291
1608	737.5691275839704	6.735656623701238
1609	737.5769459659173	6.749419362963333
1610	737.5848318754116	6.763223681974848
1611	737.5927854170501	6.777069636606059
1612	737.6008066954294	6.790957282727227
1613	737.608895815146	6.804886676208625
1614	737.6170528807966	6.818857872920528
1615	737.6252779969777	6.832870928733204
1616	737.633571268286	6.84692589951692
1617	737.641932799318	6.8610228411419465
1618	737.6503626946704	6.8751618094785645
1619	737.6588610589396	6.889342860397033
1620	737.6674279967225	6.903566049767627
1621	737.6760636126155	6.917831433460615
1622	737.6847680112153	6.932139067346267
1623	737.6935412971185	6.946489007294859
1624	737.7023835749216	6.960881309176659
1625	737.7112949492212	6.9753160288619265
1626	737.7202755246141	6.989793222220951
1627	737.7293254056966	7.004312945123991
1628	737.7384446970655	7.01887525344132
1629	737.7476335033174	7.033480203043202
1630	737.7568919290488	7.048127849799919
1631	737.7662200788565	7.062818249581735
1632	737.7756180573368	7.077551458258923
1633	737.7850859690866	7.092327531701744
1634	737.7946239187023	7.1071465257804824
1635	737.8042320107805	7.122008496365402
1636	737.8139103499179	7.136913499326775
1637	737.8236590407112	7.151861590534866
1638	737.8334781877568	7.166852825859954
1639	737.8433678956513	7.181887261172298
1640	737.8533282689915	7.196964952342189
1641	737.8633594123738	7.212085955239874
1642	737.8734614303949	7.227250325735641
1643	737.8836344276514	7.242458119699744
1644	737.8938785087397	7.2577093930024645
1645	737.9041937782567	7.2730042015140794
1646	737.9145803407989	7.288342601104843
1647	737.9250383009629	7.303724647645034
1648	737.9355677633453	7.319150397004929
1649	737.9461688325426	7.334619905054786
1650	737.9568416131516	7.350133227664888
1651	737.9675862097687	7.365690420705491
1652	737.9784027269906	7.381291540046872
1653	737.9892912694138	7.396936641559314
1654	738.000251941635	7.412625781113064
1655	738.011284848251	7.428359014578408
1656	738.022390093858	7.44413639782562
1657	738.0335677830528	7.459957986724955
1658	738.0448180204321	7.4758238371467005
1659	738.0561409105923	7.491734004961111
1660	738.0675365581301	7.507688546038465
1661	738.079005067642	7.523687516249041
1662	738.0905465437248	7.539730971463089
1663	738.1021610909751	7.555818967550894
1664	738.1138488139892	7.571951560382731
1665	738.125609817364	7.588128805828855
1666	738.137444205696	7.604350759759547
1667	738.1493520835818	7.620617478045083
1668	738.1613335556181	7.636929016555716
1669	738.1733887264012	7.653285431161734
1670	738.185517700528	7.669686777733391
1671	738.1977205825949	7.686133112140967
1672	738.2099974771987	7.70262449025474
1673	738.222348488936	7.719160967944963
1674	738.2347737224032	7.735742601081916
1675	738.247273282197	7.752369445535876
1676	738.2598472729142	7.7690415571771005
1677	738.272495799151	7.785758991875872
1678	738.2852189655041	7.802521805502446
1679	738.2980168765704	7.819330053927101
1680	738.3108896369463	7.836183793020118
1681	738.3238373512285	7.853083078651751
1682	738.3368601240134	7.870027966692273
1683	738.3499580598977	7.8870185130119665
1684	738.3631312634781	7.904054773481089
1685	738.3763798393511	7.921136803969924
1686	738.3897038921132	7.938264660348724
1687	738.4031035263612	7.955438398487767
1688	738.4165788466917	7.972658074257338
1689	738.4301299577011	7.989923743527688
1690	738.4437569639862	8.00723546216909
1691	738.4574599701435	8.02459328605183
1692	738.4712390807697	8.041997271046158
1693	738.4850944004612	8.059447473022363
1694	738.4990260338149	8.076943947850701
1695	738.513034085427	8.094486751401444
1696	738.5271186598944	8.112075939544876
1697	738.5412798618137	8.129711568151249
1698	738.5555177957814	8.147393693090843
1699	738.5698325663942	8.165122370233934
1700	738.5842242782486	8.18289765545078
1701	738.5986930359412	8.200719604611669
1702	738.6132389440686	8.218588273586846
1703	738.6278621072274	8.236503718246599
1704	738.6425626300144	8.254465994461203
1705	738.657340617026	8.27247515810091
1706	738.6721961728588	8.290531265036003
1707	738.6871294021093	8.30863437113676
1708	738.7021404093745	8.326784532273432
1709	738.7172292992506	8.344981804316307
1710	738.7323961763344	8.36322624313564
1711	738.7476411452224	8.38151790460171
1712	738.7629643105112	8.399856844584793
1713	738.7783657767975	8.418243118955148
1714	738.7938456486779	8.436676783583048
1715	738.8094040307489	8.455157894338777
1716	738.8250410276072	8.473686507092582
1717	738.8407567438493	8.492262677714756
1718	738.8565512840719	8.510886462075552
1719	738.8724247528716	8.529557916045245
1720	738.8883772548446	8.548277095494123
1721	738.9044088945882	8.567044056292428
1722	738.9205197766986	8.585858854310446
1723	738.9367100057724	8.604721545418453
1724	738.9529796864064	8.623632185486706
1725	738.9693289231969	8.642590830385489
1726	738.9857578207408	8.661597535985058
1727	739.0022664836345	8.680652358155688
1728	739.0188550164745	8.699755352767662
1729	739.0355235238577	8.718906575691229
1730	739.0522721103806	8.738106082796675
1731	739.0691008806398	8.757353929954272
1732	739.0860099392318	8.776650173034277
1733	739.1029993907532	8.79599486790697
1734	739.1200693398008	8.815388070442626
1735	739.137219890971	8.834829836511503
1736	739.1544511488605	8.854320221983883
1737	739.1717632180657	8.873859282730026
1738	739.1891562031835	8.893447074620203
1739	739.2066302088105	8.913083653524703
1740	739.224185339543	8.93276907531377
1741	739.2418216999779	8.952503395857688
1742	739.2595393947116	8.972286671026737
1743	739.2773385283409	8.992118956691163
1744	739.2952192054621	9.012000308721266
1745	739.3131815306721	9.031930782987287
1746	739.3312256085673	9.051910435359511
1747	739.3493515437444	9.071939321708218
1748	739.3675594408	9.092017497903658
1749	739.3858494043308	9.11214501981611
1750	739.4042215389331	9.132321943315858
1751	739.4226759492038	9.152548324273148
1752	739.4412127397394	9.17282421855828
1753	739.4598320151363	9.193149682041492
1754	739.4785338799915	9.213524770593066
1755	739.4973184389013	9.233949540083291
1756	739.5161857964623	9.254424046382413
1757	739.5351360572713	9.27494834536071
1758	739.5541693259249	9.295522492888468
1759	739.5732857070194	9.316146544835933
1760	739.5924853051517	9.336820557073395
1761	739.6117682249184	9.357544585471107
1762	739.6311345709157	9.378318685899346
1763	739.6505844477407	9.399142914228397
1764	739.6701179599897	9.42001732632851
1765	739.6897352122596	9.440941978069963
1766	739.7094363091467	9.461916925323036
1767	739.7292213552477	9.482942223957982
1768	739.7490904551591	9.504017929845089
1769	739.7690437134777	9.52514409885461
1770	739.7890812347999	9.546320786856823
1771	739.8092031237226	9.567548049722012
1772	739.829409484842	9.588825943320423
1773	739.8497004227551	9.610154523522338
1774	739.8700760420581	9.631533846198039
1775	739.890536447348	9.652963967217776
1776	739.9110817432212	9.674444942451839
1777	739.9317120342743	9.695976827770474
1778	739.9524274251038	9.717559679043971
1779	739.9732280203064	9.739193552142604
1780	739.9941139244788	9.760878502936624
1781	740.0150852422175	9.782614587296314
1782	740.0361420781192	9.80440186109195
1783	740.0572845367803	9.826240380193784
1784	740.0785127227977	9.84813020047211
1785	740.0998267407676	9.870071377797176
1786	740.1212266952869	9.892063968039261
1787	740.1427126909521	9.91410802706865
1788	740.1642848323598	9.936203610755586
1789	740.1859432241067	9.958350774970357
1790	740.2076879707894	9.98054957558324
1791	740.2295191770042	10.002800068464484
1792	740.2514369473481	10.025102309484375
1793	740.2734413864175	10.047456354513185
1794	740.2955325988091	10.069862259421171
1795	740.3177106891192	10.092320080078622
1796	740.3399757619449	10.114829872355788
1797	740.3623279218823	10.137391692122947
1798	740.3847672735284	10.160005595250388
1799	740.4072939214795	10.18267163760835
1800	740.4299079703326	10.20538987506712
1801	740.4526095246838	10.228160363496976
1802	740.47539868913	10.250983158768172
1803	740.4982755682678	10.273858316750994
1804	740.5212402666936	10.296785893315697
1805	740.5442928890042	10.31976594433256
1806	740.5674335397961	10.342798525671858
1807	740.590662323666	10.365883693203848
1808	740.6139793452105	10.38902150279881
1809	740.637384709026	10.412212010327023
1810	740.6608785197094	10.435455271658737
1811	740.6844608818571	10.458751342664245
1812	740.7081319000656	10.48210027921379
1813	740.7318916789318	10.505502137177661
1814	740.7557403230521	10.528956972426133
1815	740.7796779370233	10.55246484082946
1816	740.8037046254417	10.576025798257923
1817	740.827820492904	10.599639900581801
1818	740.852025644007	10.62330720367134
1819	740.8763201833472	10.647027763396839
1820	740.9007042155209	10.67080163562854
1821	740.9251778451251	10.69462887623673
1822	740.9497411767562	10.718509541091684
1823	740.9743943150111	10.742443686063655
1824	740.9991373644859	10.766431367022928
1825	741.0239704297776	10.790472639839779
1826	741.0488936154826	10.814567560384456
1827	741.0739070261976	10.83871618452725
1828	741.0990107665191	10.862918568138417
1829	741.1242049410437	10.887174767088235
1830	741.1494896543682	10.911484837246983
1831	741.174865011089	10.93584883448491
1832	741.2003311158029	10.9602668146723
1833	741.2258880731063	10.98473883367943
1834	741.2515359875957	11.009264947376554
1835	741.2772749638681	11.033845211633963
1836	741.3031051065198	11.0584796823219
1837	741.3290265201474	11.083168415310656
1838	741.3550393093476	11.107911466470505
1839	741.381143578717	11.132708891671696
1840	741.4073394328523	11.157560746784512
1841	741.4336269763497	11.182467087679237
1842	741.4600063138064	11.207427970226112
1843	741.4864775498185	11.232443450295442
1844	741.5130407889828	11.257513583757463
1845	741.539696135896	11.28263842648246
1846	741.5664436951542	11.30781803434072
1847	741.5932835713547	11.333052463202483
1848	741.6202158690937	11.358341768938038
1849	741.647240692968	11.38368600741766
1850	741.674358147574	11.409085234511606
1851	741.7015683375084	11.434539506090161
1852	741.7288713673678	11.460048878023573
1853	741.7562673417488	11.485613406182125
1854	741.7837563652479	11.511233146436105
1855	741.8113385424618	11.536908154655752
1856	741.8390139779872	11.562638486711355
1857	741.8667827764206	11.588424198473188
1858	741.8946450423585	11.614265345811503
1859	741.9226008803977	11.640161984596581
1860	741.9506503951345	11.666114170698709
1861	741.978793691166	11.692121959988127
1862	742.0070308730882	11.718185408335135
1863	742.0353620454981	11.744304571609973
1864	742.0637873129922	11.77047950568293
1865	742.0923067801672	11.796710266424283
1866	742.1209205516195	11.82299690970428
1867	742.1496287319459	11.849339491393206
1868	742.1784314257428	11.875738067361343
1869	742.207328737607	11.902192693478934
1870	742.236320772135	11.92870342561628
1871	742.2654076339232	11.955270319643619
1872	742.2945894275686	11.98189343143124
1873	742.3238662576675	12.00857281684942
1874	742.3532382288167	12.03530853176841
1875	742.3827054456128	12.062100632058492
1876	742.4122680126522	12.088949173589949
1877	742.4419260345317	12.115854212233023
1878	742.4716796158477	12.142815803858015
1879	742.5015288611969	12.169834004335165
1880	742.531473875176	12.196908869534758
1881	742.5615147623815	12.224040455327078
1882	742.59165162741	12.251228817582371
1883	742.6218845748582	12.278474012170916
1884	742.6522137093225	12.305776094962997
1885	742.6826391353998	12.333135121828867
1886	742.7131609576863	12.360551148638812
1887	742.7437792807789	12.388024231263081
1888	742.7744942092742	12.415554425571958
1889	742.8053058477686	12.443141787435724
1890	742.836214300859	12.470786372724627
1891	742.8672196731417	12.498488237308948
1892	742.8983220692135	12.526247437058968
1893	742.9295215936709	12.554064027844936
1894	742.9608183511106	12.581938065537146
1895	742.992212446129	12.609869606005848
1896	743.0237039833228	12.637858705121317
1897	743.0552930672887	12.665905418753837
1898	743.0869798026233	12.694009802773657
1899	743.1187642939232	12.722171913051062
1900	743.1506466457847	12.75039180545633
1901	743.1826269628049	12.77866953585971
1902	743.21470534958	12.807005160131492
1903	743.2468819107067	12.835398734141929
1904	743.2791567507817	12.8638503137613
1905	743.3115299744015	12.892359954859888
1906	743.3440016861629	12.920927713307936
1907	743.3765719906622	12.949553644975731
1908	743.4092409924962	12.978237805733558
1909	743.4420087962613	13.006980251451656
1910	743.4748755065544	13.035781038000323
1911	743.507841227972	13.064640221249807
1912	743.5409060651106	13.093557857070385
1913	743.5740701225667	13.122534001332347
1914	743.6073335049372	13.151568709905938
1915	743.6406963168185	13.180662038661437
1916	743.6741586628074	13.209814043469123
1917	743.7077206475002	13.239024780199252
1918	743.7413823754937	13.268294304722112
1919	743.7751439513844	13.297622672907952
1920	743.8090054797691	13.327009940627052
1921	743.842967065244	13.356456163749698
1922	743.8770288124061	13.385961398146133
1923	743.9111908258519	13.415525699686638
1924	743.945453210178	13.445149124241505
1925	743.9798160699809	13.474831727680968
1926	744.0142795098573	13.504573565875319
1927	744.0488436344037	13.534374694694836
1928	744.0835085482169	13.564235170009766
1929	744.1182743558932	13.594155047690402
1930	744.1531411620294	13.624134383606993
1931	744.1881090712221	13.654173233629823
1932	744.2231781880679	13.68427165362917
1933	744.2583486171634	13.71442969947528
1934	744.2936204631051	13.744647427038444
1935	744.3289938304897	13.774924892188933
1936	744.3644688239139	13.805262150797
1937	744.400045547974	13.835659258732942
1938	744.4357241072667	13.866116271866996
1939	744.4715046063887	13.896633246069456
1940	744.5073871499368	13.927210237210595
1941	744.5433718425072	13.957847301160665
1942	744.5794587886968	13.988544493789945
1943	744.6156480931021	14.019301870968722
1944	744.6519398603195	14.050119488567233
1945	744.6883341949459	14.080997402455786
1946	744.7248312015777	14.111935668504616
1947	744.7614309848117	14.142934342584013
1948	744.7981336492443	14.173993480564254
1949	744.8349392994722	14.205113138315589
1950	744.8718480400921	14.2362933717083
1951	744.9088599757004	14.267534236612669
1952	744.9459752108938	14.298835788898938
1953	744.9831938502689	14.33019808443741
1954	745.0205159984222	14.361621179098325
1955	745.0579417599505	14.393105128751971
1956	745.0954712394503	14.424649989268621
1957	745.1331045415182	14.456255816518532
1958	745.1708417707507	14.487922666371981
1959	745.2086830317446	14.519650594699248
1960	745.2466284290964	14.551439657370587
1961	745.2846780674026	14.583289910256287
1962	745.32283205126	14.615201409226595
1963	745.361090485265	14.647174210151794
1964	745.3994534740143	14.67920836890217
1965	745.4379211221046	14.711303941347964
1966	745.4764935341324	14.743460983359459
1967	745.5151708146943	14.775679550806942
1968	745.5539530683868	14.807959699560652
1969	745.5928403998067	14.840301485490892
1970	745.6318329135506	14.872704964467902
1971	745.6709307142148	14.905170192361968
1972	745.7101339063962	14.93769722504337
1973	745.7494425946913	14.97028611838236
1974	745.7888568836968	15.00293692824921
1975	745.8283768780092	15.035649710514214
1976	745.8680026822251	15.06842452104761
1977	745.9077344009411	15.101261415719694
1978	745.9475721387538	15.134160450400717
1979	745.9875160002598	15.16712168096096
1980	746.0275660900556	15.200145163270703
1981	746.0677225127382	15.23323095320019
1982	746.1079853729037	15.266379106619707
1983	746.1483547751491	15.29958967939954
1984	746.1888308240707	15.33286272740993
1985	746.2294136242652	15.366198306521163
1986	746.2701032803294	15.399596472603518
1987	746.3108998968596	15.433057281527242
1988	746.3518035784524	15.46658078916263
1989	746.3928144297047	15.50016705137993
1990	746.4339325552129	15.533816124049425
1991	746.4751580595736	15.567528063041397
1992	746.5164910473835	15.60130292422609
1993	746.5579316232391	15.635140763473787
1994	746.599479891737	15.669041636654773
1995	746.6411359574739	15.703005599639289
1996	746.6828999250462	15.737032708297638
1997	746.7247718990507	15.771123018500058
1998	746.766751984084	15.805276586116838
1999	746.8088402847426	15.839493467018258
2000	746.8510369056231	15.873773717074563
2001	746.8933419513222	15.908117392156033
2002	746.9357555264364	15.942524548132958
2003	746.9782777355624	15.976995240875578
2004	747.0209086832967	16.011529526254193
2005	747.063648474236	16.046127460139044
2006	747.1064972129767	16.080789098400412
2007	747.1494550041157	16.115514496908588
2008	747.1925219522494	16.150303711533816
2009	747.2356981619745	16.185156798146377
2010	747.2789837378874	16.22007381261655
2011	747.322378784585	16.25505481081458
2012	747.3658834066637	16.29009984861077
2013	747.40949770872	16.325208981875363
2014	747.4532217953508	16.360382266478634
2015	747.4970557711526	16.395619758290877
2016	747.5409997407219	16.43092151318233
2017	747.5850538086554	16.46628758702328
2018	747.6292180795497	16.501718035684014
2019	747.6734926580012	16.537212915034765
2020	747.7178776486068	16.57277228094584
2021	747.7623731559628	16.60839618928748
2022	747.806979284666	16.64408469592997
2023	747.851696139313	16.679837856743585
2024	747.8965238245005	16.71565572759858
2025	747.9414624448249	16.751538364365235
2026	747.9865121048828	16.787485822913833
2027	748.0316729092709	16.823498159114614
2028	748.0769449625857	16.859575428837882
2029	748.1223283694239	16.895717687953876
2030	748.167823234382	16.931924992332885
2031	748.2134296620568	16.968197397845188
2032	748.2591477570447	17.00453496036103
2033	748.3049776239425	17.040937735750695
2034	748.3509193673466	17.077405779884472
2035	748.3969730918536	17.113939148632596
2036	748.4431389020604	17.15053789786537
2037	748.4894169025631	17.18720208345303
2038	748.5358071979587	17.22393176126587
2039	748.5823098928436	17.26072698717417
2040	748.6289250918146	17.297587817048168
2041	748.6756528994681	17.334514306758155
2042	748.7224934204008	17.371506512174413
2043	748.7694467592094	17.408564489167183
2044	748.8165130204902	17.445688293606768
2045	748.8636923088401	17.48287798136341
2046	748.9109847288555	17.520133608307383
2047	748.9583903851332	17.557455230308985
2048	749.0059093822696	17.594842903238455
2049	749.0535418248613	17.63229668296607
2050	749.1012878175052	17.669816625362124
2051	749.1491474647976	17.707402786296853
2052	749.1971208713352	17.745055221640545
2053	749.2452081417146	17.782773987263486
2054	749.2934093805324	17.820559139035907
2055	749.341724692385	17.858410732828123
2056	749.3901541818694	17.896328824510363
2057	749.438697953582	17.934313469952922
2058	749.4873561121194	17.972364725026075
2059	749.5361287620781	18.010482645600074
2060	749.5850160080549	18.0486672875452
2061	749.6340179546463	18.086918706731733
2062	749.6831347064489	18.125236959029916
2063	749.7323663680592	18.16362210031005
2064	749.781713044074	18.202074186442378
2065	749.8311748390897	18.240593273297183
2066	749.8807518577031	18.279179416744753
2067	749.9304442045108	18.317832672655328
2068	749.9802519841091	18.356553096899187
2069	750.0301753010949	18.395340745346623
2070	750.0802142600648	18.434195673867873
2071	750.1303689656153	18.47311793833324
2072	750.1806395223427	18.512107594612964
