# wavelength calibrated_flux
2739.2506106146902 75204643933.31947
2742.5487726831334 19579813232.103806
2745.846934751576 11898480199.641628
2749.1450968200193 -8436838057.402506
2752.443258888462 11078074684.393797
2755.741420956905 2287933218.6288247
2759.0395830253483 204840377.32016492
2762.337745093791 -709002347.2654023
2765.635907162234 1101038950.3893847
2768.934069230677 -171896084.45252874
2772.23223129912 -121558463.97547594
2775.5303933675627 -21752031.6079807
2778.828555436006 21880527.20504443
2782.126717504449 5293122.139567057
2785.4248795728918 18497143.68455646
2788.723041641335 -10186947.556815846
2792.0212037097776 1636179.6404124354
2795.319365778221 183653.1830369338
2798.617527846664 1775959.4502968509
2801.9156899151067 -1044381.2311984482
2805.21385198355 -223248.66198342305
2808.5120140519925 -387254.2946667321
2811.8101761204357 125871.48084043137
2815.108338188879 92536.33756074996
2818.4065002573216 22880.23455765274
2821.7046623257647 -3034.4864688351363
2825.0028243942074 -21263.277397089467
2828.3009864626506 -1474.9232146113266
2831.5991485310933 8081.243494171566
2834.8973105995365 1133.1178808254315
2838.1954726679796 1414.7059122482353
2841.4936347364223 584.8775399816708
2844.7917968048655 550.8694813777795
2848.089958873308 1597.8459024935546
2851.3881209417514 36.016036590883814
2854.6862830101945 -292.5435378130418
2857.9844450786372 173.28582351407505
2861.2826071470804 91.79287338841844
2864.580769215523 -175.00300164643235
2867.8789312839663 -5.226597726436714
2871.1770933524094 25.546049280965292
2874.475255420852 9.608887145837915
2877.7734174892953 3.2698871864233885
2881.071579557738 -3.326938833957916
2884.369741626181 -8.027289813821456
2887.6679036946243 2.2708146640168523
2890.966065763067 1.6136431863248208
2894.26422783151 -0.7166608352119663
2897.562389899953 0.06072964056046608
2900.860551968396 0.463050740476201
2904.1587140368392 -0.839126368273181
2907.456876105282 0.033184246342464946
2910.755038173725 0.2430004221627645
2914.053200242168 0.33735646828340593
2917.351362310611 -0.07052681007959653
2920.6495243790537 0.1523019774149373
2923.947686447497 -0.012624971900752917
2927.24584851594 -0.014100062569350391
2930.5440105843827 0.020373503074966066
2933.842172652826 -0.000756047927955799
2937.1403347212686 -0.006537921940988376
2940.4384967897117 0.004320477129835867
2943.736658858155 0.00021730586460733424
2947.0348209265976 -0.0029656718336836373
2950.3329829950408 0.0007148222771089554
2953.6311450634835 -0.0008681588919925705
2956.9293071319266 0.0005390416046751536
2960.2274692003693 0.0005877598898974672
2963.5256312688125 -0.00014448558384261084
2966.8237933372557 7.875172308798287e-05
2970.1219554056984 -0.00019350851005037637
2973.4201174741415 0.00016265433650337327
2976.7182795425842 0.00011469883412645491
2980.0164416110274 -7.007746244093953e-05
2983.3146036794706 9.875596116112591e-05
2986.6127657479133 5.326153229639282e-06
2989.9109278163564 3.584619076019742e-05
2993.209089884799 4.410158081723208e-05
2996.5072519532423 -8.287728365331599e-07
2999.8054140216855 -1.56154709372895e-05
3003.103576090128 -4.29640799482152e-06
3006.4017381585713 4.166149680726582e-06
3009.699900227014 -1.1304136743687524e-05
3012.998062295457 -9.525924290602514e-08
3016.2962243639004 2.2283415312249494e-06
3019.594386432343 -1.8664343030947858e-06
3022.8925485007862 1.8657256522555558e-06
3026.190710569229 -2.3797485943413705e-06
3029.488872637672 4.244690183559235e-07
3032.7870347061153 2.4000952808804566e-07
3036.085196774558 -1.4007000938600777e-06
3039.383358843001 9.263869857734999e-07
3042.681520911444 -1.4052488855896558e-07
3045.979682979887 2.803956059777293e-07
3049.27784504833 2.191838654446815e-07
3052.576007116773 6.711899598128394e-08
3055.874169185216 3.062696576535872e-08
3059.1723312536587 5.05878798930237e-08
3062.470493322102 6.99502204760087e-08
3065.7686553905446 -2.1797049314540453e-08
3069.0668174589878 1.25564912777246e-08
3072.364979527431 9.437576296626471e-08
3075.6631415958736 -2.9005865058854898e-08
3078.961303664317 4.0133020005113054e-08
3082.2594657327595 -8.767482163563953e-09
3085.5576278012027 -2.7757008018901e-08
3088.8557898696454 -4.737973813885971e-09
3092.1539519380885 -3.410399853201523e-09
3095.4521140065317 -8.313924538120374e-09
3098.7502760749744 -4.234718009456867e-09
3102.0484381434176 6.428505963479271e-09
3105.3466002118603 2.515813432961039e-09
3108.6447622803034 4.4250243059728845e-09
3111.9429243487466 -8.443422147824571e-10
3115.2410864171893 8.674683905851734e-10
3118.5392484856325 -9.281647240040751e-10
3121.837410554075 8.173898014934888e-10
3125.1355726225183 -5.791381430043888e-10
3128.4337346909615 1.027483967495705e-09
3131.731896759404 -8.670437904039808e-10
3135.0300588278474 6.942057077305515e-10
3138.32822089629 -8.335761770284948e-11
3141.6263829647332 -1.7514916058879814e-10
3144.9245450331764 3.267449327294372e-10
3148.222707101619 -2.3230366073930928e-10
3151.5208691700623 3.7373765705701396e-11
3154.819031238505 -4.8099937017439316e-11
3158.117193306948 -2.4089993614429106e-11
3161.4153553753913 1.9907689174086247e-11
3164.713517443834 6.88444266877285e-11
3168.011679512277 1.1887278476844332e-10
3171.30984158072 -4.928040841696577e-11
3174.608003649163 2.1086196934877874e-11
3177.906165717606 -1.498577881107072e-11
3181.204327786049 4.2728234439980533e-11
3184.502489854492 1.7915717904108772e-11
3187.800651922935 2.6268585765340167e-11
3191.098813991378 1.1195949245537938e-11
3194.3969760598206 1.268396503110879e-11
3197.695138128264 -5.435393468200262e-12
3200.993300196707 1.8549584257243466e-11
3204.2914622651497 2.5305129874653204e-13
3207.589624333593 8.614676071743864e-12
3210.8877864020355 -9.642936249080368e-12
3214.1859484704787 1.0494784611536837e-11
3217.4841105389214 -1.4088150816688036e-13
3220.7822726073646 1.3716342338852622e-12
3224.0804346758077 -4.645926379998689e-12
3227.3785967442504 2.2894284069207974e-13
3230.6767588126936 -2.152090820342989e-12
3233.9749208811363 2.724111961446242e-13
3237.2730829495795 -9.450869563749701e-13
3240.5712450180226 -1.5059670779380714e-12
3243.8694070864653 1.9740118565569022e-12
3247.1675691549085 7.36019001319596e-13
3250.465731223351 1.238637252847781e-12
3253.7638932917944 -6.971051032450785e-13
3257.0620553602375 9.739378432566273e-13
3260.3602174286802 -1.73790195658669e-12
3263.6583794971234 8.671313348197663e-13
3266.956541565566 7.770394754818637e-13
3270.2547036340093 7.14991337407263e-13
3273.5528657024524 -6.738651258569729e-13
3276.851027770895 7.057168154275638e-13
3280.1491898393383 -2.3265721543081895e-13
3283.447351907781 -2.3964818601847207e-13
3286.745513976224 -7.88812479408728e-14
3290.0436760446673 -1.9391814157553635e-13
3293.34183811311 -3.3076940135914396e-14
3296.640000181553 2.2612852564635304e-13
3299.938162249996 -2.437122239446449e-13
3303.236324318439 8.302550167136576e-14
3306.5344863868822 -2.270291007583008e-13
3309.832648455325 2.1822178707500487e-14
3313.130810523768 1.5340421910298675e-13
3316.428972592211 -3.523191166326933e-13
3319.727134660654 1.9558477920947285e-13
3323.025296729097 5.5337029821055934e-14
3326.32345879754 7.576831570710082e-14
3329.6216208659825 -8.99262244202852e-14
3332.9197829344257 2.2949984326793767e-14
3336.217945002869 -3.60618822465854e-14
3339.5161070713116 5.272351128623281e-15
3342.8142691397547 -4.337790469395816e-14
3346.1124312081974 -6.53915723518837e-14
3349.4105932766406 1.923755006830272e-14
3352.708755345084 -1.2927295068330662e-14
3356.0069174135265 1.732520424369247e-15
3359.3050794819696 -1.6926669423179725e-14
3362.6032415504123 -3.4319246899744057e-15
3365.9014036188555 -2.514165880160185e-16
3369.1995656872987 4.134410737845243e-15
3372.4977277557414 -8.728433267960268e-15
3375.7958898241845 -4.6620842991966e-16
3379.0940518926272 -3.615212383200307e-14
3382.3922139610704 -3.0987175860508606e-15
3385.6903760295136 -3.490134468366855e-14
3388.9885380979563 2.1349289115926182e-15
3392.2867001663994 -6.992605549535171e-15
3395.584862234842 6.250436999765627e-15
3398.8830243032853 -4.913261585455867e-15
3402.1811863717285 7.290994873495345e-15
3405.479348440171 1.1521768192671657e-14
3408.7775105086143 3.560669658275871e-15
3412.075672577057 4.965902483755919e-15
3415.3738346455 -2.0214196203513863e-15
3418.6719967139434 1.3798437245903326e-15
3421.970158782386 -1.0684217348045021e-14
3425.2683208508292 2.6424732304433966e-15
3428.566482919272 2.4456283434043002e-15
3431.864644987715 3.748862321725253e-15
3435.1628070561583 3.47420309182711e-15
3438.460969124601 -4.833135926492156e-15
3441.759131193044 -4.263902420197035e-15
3445.057293261487 -5.86820712662081e-15
3448.35545532993 -2.279873670259091e-15
3451.653617398373 -3.3410073942809694e-15
3454.951779466816 -6.224564877207552e-17
3458.2499415352586 1.1789707930718652e-15
3461.5481036037017 -1.1778828111631863e-15
3464.846265672145 3.3166302177800235e-15
3468.1444277405876 -5.675481156369988e-17
3471.442589809031 -1.6604395817136634e-17
3474.7407518774735 9.25838883136064e-16
3478.0389139459166 2.1270749520660898e-15
3481.33707601436 9.168143397832776e-17
3484.6352380828025 1.6176791180199042e-15
3487.9334001512457 -1.7026938112318286e-15
3491.2315622196884 1.2070961436052321e-15
3494.5297242881315 -2.554247523053555e-15
3497.8278863565747 4.742974090045452e-16
3501.1260484250174 -4.3854505907725367e-16
3504.4242104934606 1.554463870360002e-15
3507.7223725619033 -1.1977152166969482e-15
3511.0205346303464 -9.13586464310759e-16
3514.3186966987896 2.5929578758393557e-15
3517.6168587672323 -1.2987843769578385e-16
3520.9150208356755 -3.476431332858971e-16
3524.213182904118 1.2691857883320175e-15
3527.5113449725613 -2.6169105937362445e-16
3530.8095070410045 -9.887710453139352e-17
3534.107669109447 -6.588831347850557e-16
3537.4058311778904 1.786120774960431e-16
3540.703993246333 -6.534922372243393e-16
3544.0021553147762 3.822863834864598e-17
3547.3003173832194 6.609465697978406e-16
3550.598479451662 1.4829932781031915e-15
3553.8966415201053 -5.8817579226574e-16
3557.194803588548 5.091433629709231e-16
3560.492965656991 -8.945394918645982e-16
3563.7911277254343 4.869775284558863e-16
3567.089289793877 2.5695307831346193e-16
3570.38745186232 8.669752150738134e-17
3573.685613930763 -1.319071679692215e-16
3576.983775999206 -2.283193164267394e-16
3580.281938067649 4.387185869901315e-16
3583.580100136092 3.227173344378808e-16
3586.8782622045346 1.3737486623424345e-16
3590.176424272978 -1.4071247775284012e-16
3593.474586341421 4.091283532098802e-16
3596.7727484098637 -1.7811108957700867e-16
3600.070910478307 3.2192742145830637e-16
3603.3690725467495 1.7405914427528886e-16
3606.6672346151927 2.8236293912918693e-16
3609.965396683636 -7.227422992804847e-17
3613.2635587520786 1.63785257767078e-16
3616.5617208205217 -3.0167990805055536e-16
3619.8598828889644 4.7145109234582616e-17
3623.1580449574076 1.7683860934433488e-17
3626.4562070258507 1.8103253560012452e-16
3629.7543690942935 1.3018313752275514e-16
3633.0525311627366 -8.002960455494546e-17
3636.3506932311793 2.617098311479127e-17
3639.6488552996225 -8.918918746404777e-17
3642.9470173680656 -1.495389507438915e-16
3646.2451794365084 -2.4685605976256993e-16
3649.5433415049515 1.812876865803471e-16
3652.841503573394 2.2355003929015426e-16
3656.1396656418374 8.102803229674797e-17
3659.4378277102805 1.2058589320071347e-16
3662.7359897787233 -1.7245292765527986e-17
3666.0341518471664 -1.5465171939290496e-17
3669.332313915609 1.7959351219577163e-16
3672.6304759840523 1.1702762190198672e-16
3675.9286380524954 1.539863145582374e-16
3679.226800120938 7.240440011170192e-17
3682.5249621893813 1.545602539928748e-16
3685.823124257824 -5.738485792697855e-17
3689.121286326267 -6.724467676407243e-17
3692.4194483947103 2.0345916582412102e-17
3695.717610463153 -2.2953243960206894e-16
3699.015772531596 1.4365996272278456e-16
3702.313934600039 -8.930904795559122e-18
3705.612096668482 6.882658471716426e-17
3708.9102587369252 1.0942581289409914e-17
3712.208420805368 4.1995946483805604e-17
3715.5065828738107 7.947096762467871e-17
3718.804744942254 1.4477797411212697e-16
3722.102907010697 1.3342655031792925e-16
3725.4010690791397 -8.899288090530715e-17
3728.699231147583 8.621613946632075e-17
3731.9973932160256 2.530005761223651e-16
3735.2955552844687 -2.3163680130098777e-17
3738.593717352912 2.0800281621835755e-16
3741.8918794213546 1.5463653896552583e-17
3745.1900414897977 4.761250481023882e-17
3748.4882035582405 -3.600193298151314e-17
3751.7863656266836 1.20185753874197e-16
3755.084527695127 6.370292502757393e-17
3758.3826897635695 5.0065653522203206e-17
3761.6808518320126 1.2498166495058893e-17
3764.9790139004554 7.59611051066399e-17
3768.2771759688985 -1.8013819173780406e-17
3771.5753380373417 1.111220217067754e-16
3774.8735001057844 -1.2362066680418443e-17
3778.1716621742275 1.50725850141041e-17
3781.4698242426703 1.2203398486252571e-17
3784.7679863111134 -4.951254916380546e-17
3788.0661483795566 8.183025497297966e-17
3791.3643104479993 -3.340049681120413e-17
3794.6624725164424 7.890148730350906e-17
3797.960634584885 8.083071161632198e-17
3801.2587966533283 2.7187260650085072e-17
3804.5569587217715 -2.1871791001423654e-17
3807.855120790214 3.2432297173685e-17
3811.153282858657 9.92990770392851e-17
3814.4514449271 -1.9810303236256832e-18
3817.749606995543 2.457519503902428e-17
3821.0477690639864 1.082584055013704e-16
3824.345931132429 9.097484990668368e-17
3827.644093200872 1.3982966787718113e-16
3830.942255269315 -3.312029217175457e-17
3834.240417337758 6.705922195005368e-17
3837.5385794062013 -9.79563081628219e-17
3840.836741474644 -6.062299373092616e-17
3844.1349035430867 -6.4408719824721516e-18
3847.43306561153 1.947435040744087e-17
3850.731227679973 2.0486630208570476e-17
3854.029389748416 2.6210315913835544e-17
3857.327551816859 2.289684092327077e-17
3860.6257138853016 -7.840497317076352e-17
3863.9238759537448 -8.347622518550919e-17
3867.222038022188 -1.0347351809819182e-17
3870.520200090631 1.2551938474496e-17
3873.818362159074 8.821930797565705e-17
3877.1165242275165 1.1597212501903635e-16
3880.4146862959597 1.730631694630986e-17
3883.712848364403 3.1611038324529684e-17
3887.011010432846 1.801103547693711e-17
3890.3091725012887 7.162557365262323e-17
3893.6073345697314 1.3678625072286156e-17
3896.9054966381746 -9.22009311874823e-18
3900.2036587066177 1.2121983992218703e-17
3903.5018207750604 -1.1772828295358063e-17
3906.7999828435036 5.586334410037793e-17
3910.0981449119463 6.339923442444103e-18
3913.3963069803895 2.822593695720316e-17
3916.6944690488326 3.8344005033747714e-17
3919.9926311172753 9.591094759505235e-18
3923.2907931857185 -1.2399918930702353e-17
3926.588955254161 7.061332125803509e-18
3929.8871173226044 4.05107761033283e-18
3933.1852793910475 -1.2413684890326366e-17
3936.48344145949 1.413698627820286e-17
3939.781603527933 4.6693382685235555e-17
3943.079765596376 1.6002270816939678e-17
3946.3779276648193 1.7838716651987463e-17
3949.6760897332624 -3.952774637320104e-18
3952.974251801705 3.589717103740494e-17
3956.272413870148 5.4210840117896205e-17
3959.570575938591 1.0854700838154004e-16
3962.868738007034 1.224300449585398e-16
3966.1669000754773 1.720612906605213e-16
3969.46506214392 1.158129192189295e-16
3972.7632242123627 1.3994484403671147e-16
3976.061386280806 9.983074636284246e-17
3979.359548349249 1.4439471310788236e-16
3982.657710417692 4.451700553315538e-17
3985.955872486135 9.15323045340828e-17
3989.2540345545776 1.320545120170051e-16
3992.552196623021 1.2752039191017238e-16
3995.850358691464 1.01357215492318e-16
3999.148520759907 1.7209701925666272e-16
4002.44668282835 1.1111654762068694e-16
4005.7448448967925 1.2911167072630405e-16
4009.0430069652357 1.3386792477826638e-16
4012.341169033679 1.0599734507627017e-16
4015.639331102122 1.3778664658923549e-16
4018.9374931705647 1.0665428110516382e-16
4022.2356552390074 8.318989041564037e-17
4025.5338173074506 7.387745949963944e-17
4028.8319793758938 1.0426759897487769e-16
4032.1301414443365 1.2355330932181833e-16
4035.4283035127796 1.446544904749009e-16
4038.7264655812223 6.481145229763467e-17
4042.0246276496655 8.685526263601718e-17
4045.3227897181087 1.2111462172331348e-16
4048.6209517865514 7.652797818207326e-17
4051.9191138549945 1.3263054471398088e-16
4055.2172759234372 1.3028426803077366e-16
4058.5154379918804 8.573037139300459e-17
4061.8136000603236 6.913543612574976e-17
4065.1117621287663 7.971129482223136e-17
4068.409924197209 7.713413717523541e-17
4071.708086265652 7.297021744099412e-17
4075.0062483340953 1.156736321116114e-16
4078.3044104025385 1.0083466102541194e-16
4081.602572470981 1.0027543341472148e-16
4084.900734539424 6.865824718887678e-17
4088.198896607867 1.230988780867593e-16
4091.49705867631 9.673597207741219e-17
4094.7952207447534 1.0546391344297107e-16
4098.0933828131965 5.893432800827467e-17
4101.391544881639 2.947014308703568e-17
4104.689706950082 4.851095550397479e-17
4107.987869018525 5.4006559848473636e-17
4111.286031086968 6.806415092116593e-17
4114.584193155411 1.0105689261941277e-16
4117.882355223854 9.832278290113407e-17
4121.180517292297 1.1916647579158128e-16
4124.47867936074 7.96120798202216e-17
4127.776841429183 1.6446000665136034e-16
4131.075003497626 1.1424439396457675e-16
4134.373165566069 9.052169935298705e-17
4137.671327634512 1.6893800500394138e-16
4140.969489702955 1.3742955165078882e-16
4144.267651771398 1.0851079517558538e-16
4147.565813839841 1.3835716359702785e-16
4150.8639759082835 5.931269604276215e-17
4154.162137976727 1.679720063842686e-16
4157.46030004517 8.528711445912386e-17
4160.758462113612 7.615529265674855e-17
4164.056624182056 1.1328335712994136e-16
4167.354786250498 1.2691649583015562e-16
4170.6529483189415 1.1953785574035287e-16
4173.951110387385 1.3001502452429488e-16
4177.249272455827 1.617306023765642e-16
4180.547434524271 1.1856186192367559e-16
4183.845596592713 9.405530157610052e-17
4187.143758661156 1.1669005103864574e-16
4190.4419207296 1.3952017740904445e-16
4193.740082798042 1.2654851297259917e-16
4197.038244866485 9.133557191731026e-17
4200.336406934928 1.7000061997682355e-16
4203.634569003371 1.6956548695405117e-16
4206.9327310718145 1.154272196793175e-16
4210.230893140257 9.219468584543545e-17
4213.5290552087 1.51381354097777e-16
4216.827217277143 1.3875509390716933e-16
4220.125379345586 1.731966582902289e-16
4223.423541414029 1.1160266205951367e-16
4226.721703482472 1.3097387046206078e-16
4230.019865550915 1.2956443210397067e-16
4233.318027619358 1.623429152204069e-16
4236.616189687801 9.967239975315944e-17
4239.914351756244 1.1524955111920374e-16
4243.2125138246865 1.3574812086872334e-16
4246.51067589313 1.1115130898125204e-16
4249.808837961573 1.0853284442404246e-16
4253.107000030016 9.749964529253473e-17
4256.405162098459 5.174473537579461e-17
4259.703324166901 7.768786971470257e-17
4263.001486235345 4.3133967382392455e-17
4266.299648303788 3.7429197565740964e-17
4269.597810372231 9.959618953509399e-17
4272.895972440674 1.2765055861898003e-16
4276.194134509116 1.6497773670973202e-16
4279.4922965775595 1.5092076770986545e-16
4282.790458646003 1.5533549962766978e-16
4286.088620714446 1.319001301638364e-16
4289.386782782889 1.1952095550521642e-16
4292.684944851331 6.082583059896061e-17
4295.983106919774 1.659269157251675e-16
4299.281268988218 1.5399414196650343e-16
4302.579431056661 1.5209095167288392e-16
4305.877593125104 1.1074891205603012e-16
4309.175755193546 1.9858807967286058e-16
4312.473917261989 1.197146903006204e-16
4315.7720793304325 1.3287088341385566e-16
4319.070241398876 1.6010128543033708e-16
4322.368403467319 1.5202095855055272e-16
4325.666565535761 1.6746326792449748e-16
4328.964727604204 1.2072369538382512e-16
4332.262889672647 1.1727653654406137e-16
4335.5610517410905 1.4455160780685418e-16
4338.859213809534 1.2470633752658222e-16
4342.157375877976 1.1988032122807053e-16
4345.455537946419 1.0022123177670037e-16
4348.753700014862 1.504508939675108e-16
4352.051862083305 1.1340768609103782e-16
4355.350024151749 1.0964839513679192e-16
4358.648186220191 1.1666876062851537e-16
4361.946348288634 1.241661861350784e-16
4365.244510357077 1.5335173508487668e-16
4368.54267242552 1.501231488782498e-16
4371.8408344939635 1.1862897635666238e-16
4375.138996562406 1.3229869743803943e-16
4378.437158630849 1.463922395790485e-16
4381.735320699292 1.5260847517902422e-16
4385.033482767735 1.3686890831535028e-16
4388.331644836178 1.7899526144011226e-16
4391.629806904621 1.937733282417878e-16
4394.927968973064 1.811180381054923e-16
4398.226131041507 1.66688312047038e-16
4401.52429310995 1.1249747881388799e-16
4404.822455178393 1.1969292148053703e-16
4408.1206172468355 1.4256377525419867e-16
4411.418779315279 1.611699954419862e-16
4414.716941383722 1.4572378197448945e-16
4418.015103452164 1.4499274916793337e-16
4421.313265520608 1.2476903441716344e-16
4424.61142758905 1.1472036768452078e-16
4427.909589657494 1.3725392213176786e-16
4431.207751725937 1.3281586593144804e-16
4434.505913794379 1.1357484174956996e-16
4437.804075862823 1.3576195757199786e-16
4441.102237931265 1.1260686196755985e-16
4444.4003999997085 9.750598819686592e-17
4447.698562068152 1.2420015479712691e-16
4450.996724136594 1.0675213776829734e-16
4454.294886205037 1.2793232555880645e-16
4457.59304827348 1.2618949826422715e-16
4460.891210341923 1.2468436794640144e-16
4464.189372410367 1.5034337220421057e-16
4467.487534478809 1.1549297521262635e-16
4470.785696547252 1.1054455811757987e-16
4474.083858615695 1.247275211948417e-16
4477.382020684138 1.3147008468471025e-16
4480.6801827525815 1.5807452506575062e-16
4483.978344821024 1.6507785106087837e-16
4487.276506889467 1.3595351274990769e-16
4490.57466895791 1.3888694296617637e-16
4493.872831026353 1.4838404287492246e-16
4497.170993094796 1.1335926989445474e-16
4500.469155163239 1.0693590100638628e-16
4503.767317231682 1.7529303015694277e-16
4507.065479300125 9.564762868093372e-17
4510.363641368568 1.5206743688521936e-16
4513.661803437011 1.1181255759884952e-16
4516.9599655054535 1.1196226583147175e-16
4520.258127573897 1.4949982409120472e-16
4523.55628964234 1.47204984375509e-16
4526.854451710783 1.3517273058422027e-16
4530.152613779226 1.4095873846506697e-16
4533.450775847668 1.3403518981987863e-16
4536.748937916112 1.6395168688779027e-16
4540.047099984555 1.7129957919959904e-16
4543.345262052998 2.0206760350993408e-16
4546.643424121441 1.5364760961759993e-16
4549.941586189883 2.204549678979803e-16
4553.2397482583265 1.7733338381240668e-16
4556.53791032677 1.7585888889892206e-16
4559.836072395213 2.236465742973153e-16
4563.134234463656 1.859676975738688e-16
4566.432396532098 1.9596133964629808e-16
4569.730558600541 2.1069121822539335e-16
4573.0287206689845 1.3271153493650876e-16
4576.326882737428 1.5586068749042558e-16
4579.625044805871 1.3739373274884905e-16
4582.923206874313 1.5038716838417279e-16
4586.221368942756 9.742366419338354e-17
4589.519531011199 1.620489095242719e-16
4592.817693079643 1.192431124462534e-16
4596.115855148086 1.2366975452228286e-16
4599.414017216528 1.3845778589035902e-16
4602.712179284971 1.4329341699356856e-16
4606.010341353414 1.2875074730136217e-16
4609.3085034218575 1.209234778300919e-16
4612.606665490301 1.0756686543289914e-16
4615.904827558743 1.1456176233180774e-16
4619.202989627186 1.1181584183098641e-16
4622.501151695629 1.0357080390214752e-16
4625.799313764072 9.54266527626855e-17
4629.097475832516 8.704627790188526e-17
4632.395637900958 6.040964440866778e-17
4635.693799969401 8.000111285078722e-17
4638.991962037844 1.0394915872339613e-16
4642.290124106287 5.539091383730804e-17
4645.5882861747305 2.6329802896728684e-17
4648.886448243173 4.773002755258376e-17
4652.184610311616 4.2533124558494583e-17
4655.482772380059 6.722288796343799e-17
4658.780934448502 4.983538232406877e-17
4662.079096516945 7.381492565018364e-17
4665.377258585388 7.072812197003129e-17
4668.675420653831 7.94685188084963e-17
4671.973582722274 7.266250378554818e-17
4675.271744790716 7.348524940454834e-17
4678.56990685916 8.394737984821238e-17
4681.8680689276025 1.0685878178169686e-16
4685.166230996046 1.0447960009019563e-16
4688.464393064489 1.5940535362980724e-16
4691.762555132931 1.718281427315421e-16
4695.060717201375 1.638259759840813e-16
4698.358879269817 1.494731277768255e-16
4701.657041338261 1.599119837148829e-16
4704.955203406704 1.411353163921624e-16
4708.253365475146 1.2272284203720083e-16
4711.551527543589 1.227594704437765e-16
4714.849689612032 1.1950184200905255e-16
4718.1478516804755 9.876300433310642e-17
4721.446013748919 1.1257523638144818e-16
4724.744175817361 9.006017254667125e-17
4728.042337885804 8.384757555296814e-17
4731.340499954247 9.386616819104805e-17
4734.63866202269 9.785607393608517e-17
4737.9368240911335 7.386644845334213e-17
4741.234986159576 1.1890763593459842e-16
4744.533148228019 1.0452855187206359e-16
4747.831310296462 1.0386828483643805e-16
4751.129472364905 1.703583779577404e-16
4754.427634433348 1.4477011441988304e-16
4757.725796501791 1.552410748984593e-16
4761.023958570234 1.6469067163042304e-16
4764.322120638677 1.9352531392170262e-16
4767.62028270712 1.7365414845270324e-16
4770.918444775563 1.7702119388809698e-16
4774.216606844006 1.7628765173674146e-16
4777.514768912449 1.7659154163567515e-16
4780.812930980892 1.567912688093869e-16
4784.111093049335 1.5430424335467635e-16
4787.409255117778 1.6875652077881759e-16
4790.7074171862205 1.3638919171119787e-16
4794.005579254664 1.5983475009384576e-16
4797.303741323107 1.8918023835066153e-16
4800.60190339155 1.5818204231555265e-16
4803.900065459993 1.1590148127022297e-16
4807.198227528435 1.5718646075935084e-16
4810.4963895968785 1.4725287387208116e-16
4813.794551665322 1.7479172869787277e-16
4817.092713733765 1.9025742415329718e-16
4820.390875802208 2.146020747836714e-16
4823.68903787065 2.0220696773029634e-16
4826.987199939093 1.859792761334525e-16
4830.285362007537 1.9023093288546294e-16
4833.58352407598 1.9154332362252976e-16
4836.881686144423 1.8487381710811694e-16
4840.179848212865 2.037223988819353e-16
4843.478010281308 2.26549403385956e-16
4846.7761723497515 2.07427136611905e-16
4850.074334418195 1.8801519961687824e-16
4853.372496486638 2.0896974016505287e-16
4856.67065855508 1.504387323178439e-16
4859.968820623523 2.1804021840512643e-16
4863.266982691966 2.0392895709957414e-16
4866.565144760409 2.0474718655791427e-16
4869.863306828853 2.3020420595717735e-16
4873.161468897295 1.8812660695271267e-16
4876.459630965738 2.33774046254945e-16
4879.757793034181 2.674561817341147e-16
4883.055955102624 1.9862760186640543e-16
4886.354117171068 2.688498157153525e-16
4889.65227923951 2.5086764062264777e-16
4892.950441307953 2.4199005982545634e-16
4896.248603376396 2.365024606238843e-16
4899.5467654448385 2.5217287418312067e-16
4902.8449275132825 2.3057713913671555e-16
4906.143089581725 1.8350503620137814e-16
4909.441251650168 2.016694025062755e-16
4912.739413718611 2.486084989260918e-16
4916.037575787053 2.265164797234935e-16
4919.335737855497 2.337583215577816e-16
4922.63389992394 2.665548863826144e-16
4925.932061992383 2.188148271591492e-16
4929.230224060826 2.0013297118661485e-16
4932.528386129268 2.1718993292036943e-16
4935.826548197712 2.1947913016583116e-16
4939.124710266155 1.9135838522759025e-16
4942.422872334598 2.0675846395073262e-16
4945.721034403041 1.982970791407356e-16
4949.019196471483 1.6151946090042249e-16
4952.317358539927 1.8814730100522724e-16
4955.6155206083695 1.7909669636893717e-16
4958.913682676813 1.7250973777886747e-16
4962.211844745256 1.6831916404139286e-16
4965.510006813698 1.7890897487643923e-16
4968.808168882142 1.89980800860771e-16
4972.106330950584 1.7717231742375712e-16
4975.4044930190275 1.9283914618575975e-16
4978.702655087471 1.9421519051216053e-16
4982.000817155913 1.7927710757367123e-16
4985.298979224357 1.5466505990240135e-16
4988.597141292799 1.665255974332629e-16
4991.895303361242 1.7934285617108662e-16
4995.193465429686 1.705004225505959e-16
4998.491627498128 1.8054717602905506e-16
5001.789789566572 1.875618938902251e-16
5005.087951635014 1.5365889985205253e-16
5008.386113703457 1.6385353941293967e-16
5011.6842757719005 1.8255120947916552e-16
5014.982437840343 1.570767132512826e-16
5018.280599908787 1.7852649520188238e-16
5021.578761977229 1.6316085222071054e-16
5024.876924045672 1.5863786878934428e-16
5028.175086114115 1.725751091111839e-16
5031.473248182558 1.9170688514567003e-16
5034.771410251002 1.5794075955904341e-16
5038.069572319444 1.765551000625315e-16
5041.367734387887 1.7090355846736694e-16
5044.66589645633 1.508355979056078e-16
5047.964058524773 1.7307659886276223e-16
5051.262220593216 1.8752017562356736e-16
5054.560382661659 1.9047146698752475e-16
5057.858544730102 1.8448689843914032e-16
5061.156706798545 1.8126683082703503e-16
5064.454868866987 1.8436722866380049e-16
5067.753030935431 1.843893971453539e-16
5071.051193003874 1.8223421363324014e-16
5074.349355072317 1.7470465878357213e-16
5077.64751714076 1.5830026810894688e-16
5080.945679209202 1.776300220561222e-16
5084.2438412776455 2.0194872846417724e-16
5087.542003346089 1.428158458387155e-16
5090.840165414532 2.0842759494776743e-16
5094.138327482975 1.7949747170705454e-16
5097.436489551417 1.634406129854174e-16
5100.73465161986 2.1662620229850114e-16
5104.032813688304 1.8821948581357015e-16
5107.330975756747 1.9182397665626147e-16
5110.62913782519 1.9679992613427605e-16
5113.927299893632 1.7322512944913e-16
5117.225461962075 1.7875532354116645e-16
5120.5236240305185 1.9847994315680762e-16
5123.821786098961 2.224538014870331e-16
5127.119948167405 1.7688814083622245e-16
5130.418110235847 1.6384567388902234e-16
5133.71627230429 1.965029720120973e-16
5137.014434372733 1.9128929073186899e-16
5140.312596441176 1.647162270711016e-16
5143.61075850962 1.9845904303128956e-16
5146.908920578062 2.1546383734062555e-16
5150.207082646505 1.7564806289109984e-16
5153.505244714948 1.8687730104176326e-16
5156.8034067833905 1.9419752301741962e-16
5160.101568851835 1.8318817691418002e-16
5163.399730920277 1.9425602853115046e-16
5166.69789298872 1.854413693154795e-16
5169.996055057163 1.8778740556966376e-16
5173.294217125605 2.072913126666015e-16
5176.5923791940495 1.9758552846704776e-16
5179.890541262492 1.8312673456186234e-16
5183.188703330935 1.9795010497358218e-16
5186.486865399378 1.9594730249211396e-16
5189.78502746782 1.6720093299811314e-16
5193.083189536264 2.0496184770919188e-16
5196.381351604707 1.7758526088919273e-16
5199.67951367315 1.7561221456891725e-16
5202.977675741593 1.9969720785311828e-16
5206.275837810035 1.9375588141401717e-16
5209.573999878479 1.7885206946481108e-16
5212.872161946922 1.9113807356435548e-16
5216.170324015365 1.8906187834573173e-16
5219.468486083808 2.0856616546259282e-16
5222.76664815225 1.7648027010133785e-16
5226.064810220694 1.8273291093379142e-16
5229.362972289136 1.9660869538007633e-16
5232.66113435758 1.8935990596999333e-16
5235.959296426023 1.9503985268412547e-16
5239.257458494465 1.8817453576432665e-16
5242.555620562909 1.9669379848711068e-16
5245.853782631351 1.955958458055488e-16
5249.1519446997945 1.838227407875943e-16
5252.450106768238 1.8253246377056867e-16
5255.74826883668 1.9213578803804822e-16
5259.046430905124 2.0097540442975804e-16
5262.344592973566 1.8893675378422824e-16
5265.642755042009 1.9079678616452586e-16
5268.940917110453 2.055369607317999e-16
5272.239079178895 2.0510706644077223e-16
5275.537241247339 2.0597142912909084e-16
5278.835403315781 2.340178215275194e-16
5282.133565384224 2.5399794513331647e-16
5285.4317274526675 2.365936733787123e-16
5288.72988952111 2.4433786062518315e-16
5292.028051589554 2.363147894559259e-16
5295.326213657996 2.2970576577067713e-16
5298.624375726439 2.3288603186736876e-16
5301.922537794882 2.339285828583046e-16
5305.220699863325 2.234417451868327e-16
5308.518861931768 2.1780849673783453e-16
5311.817024000211 2.499880498415385e-16
5315.115186068654 2.2050307813619408e-16
5318.413348137097 2.4719012380623963e-16
5321.7115102055395 2.363118041128123e-16
5325.009672273983 2.1635503137383904e-16
5328.307834342426 1.8666879273034132e-16
5331.605996410869 2.210665927226068e-16
5334.904158479312 2.2463894210925607e-16
5338.202320547754 1.9932962745103402e-16
5341.500482616198 2.302697806840487e-16
5344.798644684641 1.8906831799369878e-16
5348.096806753084 2.2040504783884627e-16
5351.394968821527 2.31311230177234e-16
5354.693130889969 2.419716530241939e-16
5357.9912929584125 2.3795568525247534e-16
5361.289455026856 2.162999401607215e-16
5364.587617095299 2.4078937667738214e-16
5367.885779163742 1.9797514676230654e-16
5371.183941232184 1.973312823400728e-16
5374.482103300627 2.0637310882706964e-16
5377.780265369071 2.0056721018291873e-16
5381.078427437513 2.214039852376244e-16
5384.376589505957 1.950189312613427e-16
5387.674751574399 1.9433837112256858e-16
5390.972913642842 2.2264735573980624e-16
5394.271075711285 2.165004870757328e-16
5397.569237779728 1.892993459994576e-16
5400.867399848172 2.1721261324757082e-16
5404.165561916614 2.240605794004442e-16
5407.463723985057 2.0524911976228053e-16
5410.7618860535 2.0611980850029616e-16
5414.060048121943 2.0180987497076624e-16
5417.358210190387 2.1214562337414853e-16
5420.656372258829 1.9272709356325893e-16
5423.954534327272 1.8386491062024008e-16
5427.252696395715 2.1649106504288255e-16
5430.5508584641575 1.956885283043933e-16
5433.849020532602 1.8409112657883444e-16
5437.147182601044 2.1046764177153207e-16
5440.445344669487 2.026142074244377e-16
5443.74350673793 1.926075647439894e-16
5447.041668806372 1.9738499508303824e-16
5450.3398308748165 1.8284264760680696e-16
5453.637992943259 2.1526306469323456e-16
5456.936155011702 2.0903539187317663e-16
5460.234317080145 2.1703963850624226e-16
5463.532479148587 1.9626924017634938e-16
5466.830641217031 1.8918173721558402e-16
5470.128803285474 2.1719738970159294e-16
5473.426965353917 1.9607401406892467e-16
5476.72512742236 1.7224704170336943e-16
5480.023289490802 1.7299580052388927e-16
5483.321451559246 1.7928612427490532e-16
5486.6196136276885 1.977879941274661e-16
5489.917775696132 1.9928404313644415e-16
5493.215937764575 2.1799909251799651e-16
5496.514099833017 1.7530810956967202e-16
5499.812261901461 1.8719095566914684e-16
5503.110423969903 1.902143634134901e-16
5506.408586038347 2.0954385863266998e-16
5509.70674810679 2.0604141266401947e-16
5513.004910175232 1.8778332799928516e-16
5516.303072243676 2.0140248008591464e-16
5519.601234312118 1.898570723675629e-16
5522.8993963805615 2.129693631590775e-16
5526.197558449005 1.78339375382899e-16
5529.495720517447 1.600120888008814e-16
5532.793882585891 1.8055889002521934e-16
5536.092044654333 1.9885556685423817e-16
5539.390206722776 2.261366110166394e-16
5542.68836879122 2.28147998429243e-16
5545.986530859662 2.334672415852993e-16
5549.284692928106 2.3754708442192876e-16
5552.582854996548 2.1868249371782091e-16
5555.881017064991 2.4855962577370616e-16
5559.179179133434 2.107450011113097e-16
5562.477341201877 2.2262290466544984e-16
5565.77550327032 2.1242661511818677e-16
5569.073665338763 2.028408998321789e-16
5572.371827407206 2.0167230532920392e-16
5575.669989475649 2.325807723406641e-16
5578.968151544092 2.255816458009539e-16
5582.266313612535 2.0595351614691899e-16
5585.564475680978 2.1126131939370366e-16
5588.862637749421 2.0774198379822458e-16
5592.160799817864 2.0880685725596954e-16
5595.4589618863065 2.1337442917463702e-16
5598.75712395475 1.9205685115289767e-16
5602.055286023193 1.8199914075067524e-16
5605.353448091636 2.0022117634541907e-16
5608.651610160079 1.9768018066497257e-16
5611.949772228521 1.8563071393376625e-16
5615.247934296965 1.8704761085520114e-16
5618.546096365408 1.7628162240830111e-16
5621.844258433851 1.79462825920811e-16
5625.142420502294 1.7298003315449864e-16
5628.440582570736 2.080769495948552e-16
5631.7387446391795 2.247685567631834e-16
5635.036906707623 2.4608330672388713e-16
5638.335068776065 2.306326159445647e-16
5641.633230844509 2.1928076208039236e-16
5644.931392912951 2.255835261848216e-16
5648.229554981394 1.9418698045980238e-16
5651.5277170498375 1.7401381289410053e-16
5654.82587911828 1.99793946743847e-16
5658.124041186724 1.8342774622520792e-16
5661.422203255166 1.6671649537187486e-16
5664.720365323609 1.8863376966900383e-16
5668.018527392052 1.8947328250420912e-16
5671.316689460495 2.1522282527165787e-16
5674.614851528939 2.3942523006441e-16
5677.913013597381 2.3443951240605846e-16
5681.211175665824 2.0998907503614867e-16
5684.509337734267 2.2557183835030696e-16
5687.80749980271 2.281784441657669e-16
5691.105661871154 2.446059443461813e-16
5694.403823939596 2.2214652545748904e-16
5697.701986008039 2.1749999276004875e-16
5701.000148076482 1.9712630764204445e-16
5704.2983101449245 2.0056564290024428e-16
5707.5964722133685 2.030705252701786e-16
5710.894634281811 1.96183720782945e-16
5714.192796350254 2.1265198332231714e-16
5717.490958418697 1.9107115363291256e-16
5720.789120487139 1.664805787822139e-16
5724.087282555583 2.0685758418750488e-16
5727.385444624026 2.0818732391081292e-16
5730.683606692469 1.8298689955567778e-16
5733.981768760912 1.9351179353892033e-16
5737.279930829354 1.9427922845880937e-16
5740.578092897798 1.8536673763355424e-16
5743.876254966241 1.8039369610043006e-16
5747.174417034684 1.9306601497891207e-16
5750.472579103127 2.1887062037603504e-16
5753.770741171569 2.3183316319817605e-16
5757.068903240013 1.8963268790628424e-16
5760.3670653084555 2.0104435033452178e-16
5763.665227376899 2.1719344556735878e-16
5766.963389445342 1.8213386656425653e-16
5770.261551513784 1.7763289170319355e-16
5773.559713582228 1.975457567038933e-16
5776.85787565067 2.1571820096708636e-16
5780.156037719114 2.353870922088789e-16
5783.454199787557 2.2264832755299674e-16
5786.752361855999 2.230949653911762e-16
5790.050523924443 2.0732247493732395e-16
5793.348685992885 2.654882796893991e-16
5796.6468480613285 2.6224921236721865e-16
5799.945010129772 2.468356135060874e-16
5803.243172198214 2.293142524940029e-16
5806.541334266658 2.2624881786514364e-16
5809.8394963351 2.2111378640767108e-16
5813.137658403543 2.402908761970887e-16
5816.4358204719865 2.4715587985637304e-16
5819.733982540429 2.345472636358306e-16
5823.032144608873 2.2151711265614508e-16
5826.330306677315 2.413154181037734e-16
5829.628468745758 2.580082739603754e-16
5832.926630814201 2.2671355437816337e-16
5836.224792882644 2.398440979043952e-16
5839.522954951087 2.363897811937809e-16
5842.82111701953 2.247617830269981e-16
5846.119279087973 2.5464515705238015e-16
5849.417441156416 2.3659173732480065e-16
5852.715603224859 2.0951830514154636e-16
5856.013765293302 2.0562803872932934e-16
5859.311927361745 2.1924558880173837e-16
5862.610089430188 2.7217979329819895e-16
5865.908251498631 2.589281138383395e-16
5869.2064135670735 2.6165429040174525e-16
5872.504575635517 2.8034255131689646e-16
5875.80273770396 2.494168576941738e-16
5879.100899772403 2.4848163726517696e-16
5882.399061840846 2.535730791520834e-16
5885.697223909288 2.229729466678216e-16
5888.9953859777315 2.494362712898309e-16
5892.293548046175 2.778174108085352e-16
5895.591710114617 2.2795650678533333e-16
5898.889872183061 2.432359892111886e-16
5902.188034251503 2.270318358605765e-16
5905.486196319946 2.3584091612074266e-16
5908.78435838839 2.374954515409831e-16
5912.082520456832 2.30574719942633e-16
5915.380682525276 2.151931871915909e-16
5918.678844593718 2.3629158780273277e-16
5921.977006662161 2.3240392656407705e-16
5925.2751687306045 2.1725522929648142e-16
5928.573330799047 2.506787396664418e-16
5931.871492867491 2.499514728651773e-16
5935.169654935933 2.2210896760047516e-16
5938.467817004376 2.354994322186927e-16
5941.765979072819 2.4792578149808353e-16
5945.064141141262 2.292479715583965e-16
5948.362303209706 2.2769259059026915e-16
5951.660465278148 2.3388164448392756e-16
5954.958627346591 1.9547930038564703e-16
5958.256789415034 2.1344513539917729e-16
5961.5549514834765 2.3594154063535445e-16
5964.853113551921 1.8683356855925192e-16
5968.151275620363 1.3661332578252288e-16
5971.449437688806 1.0539134471399408e-16
5974.747599757249 9.919820723186518e-17
5978.045761825691 1.2151008062447007e-16
5981.3439238941355 1.1907729313958402e-16
5984.642085962578 1.1772805361639965e-16
5987.940248031021 1.3782496420345656e-16
5991.238410099464 1.6576340307245317e-16
5994.536572167906 2.407590747386439e-16
5997.83473423635 2.7619456026805797e-16
6001.132896304793 2.7270893995058264e-16
6004.431058373236 2.487202598413386e-16
6007.729220441679 2.5358321282933743e-16
6011.027382510121 2.3034135045093224e-16
6014.325544578565 2.4248083926791346e-16
6017.623706647008 2.403311755218133e-16
6020.921868715451 2.5016631024410645e-16
6024.220030783894 2.755822478197044e-16
6027.518192852336 2.299949047172926e-16
6030.81635492078 2.2410537598259445e-16
6034.1145169892225 2.6155929397607026e-16
6037.412679057666 2.5738963122551306e-16
6040.710841126109 2.4439639071829434e-16
6044.009003194551 2.1124500885543902e-16
6047.307165262995 1.722380623890306e-16
6050.605327331437 1.8228284036351217e-16
6053.9034893998805 1.266008730165283e-16
6057.201651468324 1.2868250721241096e-16
6060.499813536766 1.159691227814585e-16
6063.79797560521 7.59339538895231e-17
6067.096137673652 8.655453680897381e-17
6070.394299742095 9.293890160854558e-17
6073.692461810539 7.860945164116868e-17
6076.990623878981 9.683652513410902e-17
6080.288785947425 1.1976953652324412e-16
6083.586948015867 1.1805543864919814e-16
6086.88511008431 1.2486011937131885e-16
6090.1832721527535 1.786111321829959e-16
6093.481434221196 2.5952885680140836e-16
6096.779596289639 2.2846989391693033e-16
6100.077758358082 2.1712461604283374e-16
6103.375920426525 2.368214893575258e-16
6106.674082494968 2.3097317705781186e-16
6109.972244563411 2.373838823958204e-16
6113.270406631854 2.724337931088275e-16
6116.568568700297 2.890496658564943e-16
6119.86673076874 2.7523565691484004e-16
6123.164892837183 2.754126340047129e-16
6126.4630549056255 2.7665255684560266e-16
6129.761216974069 2.2923252022037236e-16
6133.059379042512 2.511511461563697e-16
6136.357541110955 2.933985719216845e-16
6139.655703179398 2.87908787548825e-16
6142.95386524784 2.539208242669434e-16
6146.252027316284 3.0179578192426595e-16
6149.550189384727 2.8326637626710904e-16
6152.848351453169 2.922950118481878e-16
6156.146513521613 3.128905246773768e-16
6159.444675590055 3.055539119738223e-16
6162.7428376584985 3.230334703556844e-16
6166.040999726942 3.1555489812713813e-16
6169.339161795384 2.9598659215141117e-16
6172.637323863828 2.802645004633799e-16
6175.93548593227 2.8253288308185005e-16
6179.233648000713 2.9425512449953507e-16
6182.531810069157 2.7521772286244493e-16
6185.829972137599 2.791857938723449e-16
6189.128134206043 3.032598106269258e-16
6192.426296274485 2.981139940329269e-16
6195.724458342928 2.941668472266408e-16
6199.0226204113715 2.8869835951276863e-16
6202.320782479814 2.8141563672459074e-16
6205.618944548258 2.7579562209345226e-16
6208.9171066167 2.937542063211815e-16
6212.215268685143 3.177689601706987e-16
6215.513430753586 2.9851757857296774e-16
6218.811592822029 3.3626713537794505e-16
6222.109754890473 2.926445660134286e-16
6225.407916958915 2.9179398094141726e-16
6228.706079027358 3.0737169756051056e-16
6232.004241095801 2.874751539769399e-16
6235.3024031642435 2.7419729383862925e-16
6238.600565232688 2.951162562730474e-16
6241.89872730113 2.8060698587296076e-16
6245.196889369573 2.8436522518512425e-16
6248.495051438016 2.901827055979244e-16
6251.793213506458 2.579246524740202e-16
6255.0913755749025 2.6949457247820267e-16
6258.389537643345 2.7050361657147383e-16
6261.687699711788 2.45378976723472e-16
6264.985861780231 2.553709239540924e-16
6268.284023848673 2.88096469045979e-16
6271.582185917117 2.8339935629279984e-16
6274.88034798556 2.887574059637744e-16
6278.178510054003 2.746550461488297e-16
6281.476672122446 2.5481833923237673e-16
6284.774834190888 2.670919454506866e-16
6288.072996259332 2.744862668427674e-16
6291.3711583277745 2.7246189479864394e-16
6294.669320396218 2.6615977169375424e-16
6297.967482464661 2.7268822549225007e-16
6301.265644533103 3.109933316525138e-16
6304.563806601547 2.814105080157807e-16
6307.861968669989 2.9620066720668114e-16
6311.160130738433 2.7445635125020096e-16
6314.458292806876 2.8612724728150094e-16
6317.756454875318 3.0445460713215964e-16
6321.054616943762 2.8846488132653047e-16
6324.352779012204 2.639344925236953e-16
6327.6509410806475 2.648381182814149e-16
6330.949103149091 2.8038723704237164e-16
6334.247265217533 2.990592707924503e-16
6337.545427285977 2.901774440034025e-16
6340.843589354419 2.6266366692213246e-16
6344.141751422862 2.901279724678944e-16
6347.439913491306 3.065289544704522e-16
6350.738075559748 2.9961382605781554e-16
6354.036237628191 3.02093841613017e-16
6357.334399696634 2.69123485606933e-16
6360.632561765077 2.8548705873855823e-16
6363.9307238335205 2.883930188893431e-16
6367.228885901963 2.688291265589168e-16
6370.527047970406 2.707894677002535e-16
6373.825210038849 2.958407255063129e-16
6377.123372107292 2.943466859955521e-16
6380.421534175735 2.6918790862553074e-16
6383.719696244178 2.6459003526470757e-16
6387.017858312621 2.518272521621994e-16
6390.316020381064 2.7539027016334077e-16
6393.614182449507 2.978445147025149e-16
6396.91234451795 2.819138404734577e-16
6400.2105065863925 2.953072801514883e-16
6403.508668654836 2.5930463969452643e-16
6406.806830723279 2.5760241975596977e-16
6410.104992791721 2.8885575204064984e-16
6413.403154860165 2.7911361378573387e-16
6416.701316928607 2.701167559247824e-16
6419.999478997051 2.785825433505113e-16
6423.297641065494 2.6749763990248283e-16
6426.595803133936 2.6167273030253636e-16
6429.89396520238 2.7082779384235654e-16
6433.192127270822 3.1476019873321834e-16
6436.4902893392655 2.560649102443498e-16
6439.788451407709 3.0564204360032464e-16
6443.086613476151 2.8005078627701843e-16
6446.384775544595 2.7514437234064844e-16
6449.682937613037 2.7802173504215487e-16
6452.98109968148 2.62670129395091e-16
6456.2792617499235 2.8037819542730156e-16
6459.577423818366 2.9264436655492517e-16
6462.87558588681 2.7682538263116395e-16
6466.173747955252 2.861269837371974e-16
6469.471910023695 2.93572156320827e-16
6472.770072092138 2.585706631863189e-16
6476.068234160581 2.762115125695887e-16
6479.366396229025 2.874434673896778e-16
6482.664558297467 2.9437806740621323e-16
6485.96272036591 2.747589132090793e-16
6489.260882434353 2.714904458192827e-16
6492.559044502796 2.4362548146487787e-16
6495.85720657124 2.4314511392724685e-16
6499.155368639682 2.9173965597158037e-16
6502.453530708125 2.745296204226574e-16
6505.751692776568 2.2905388917306505e-16
6509.0498548450105 2.5653683078438713e-16
6512.348016913455 2.971473484833239e-16
6515.646178981897 2.5227944275537975e-16
6518.94434105034 2.4617574144765834e-16
6522.242503118783 2.601316214298946e-16
6525.540665187225 2.448345225769237e-16
6528.8388272556695 2.651784453544098e-16
6532.136989324112 2.839129758240662e-16
6535.435151392555 2.517593666007691e-16
6538.733313460998 2.2202616410969304e-16
6542.03147552944 2.3519719978049824e-16
6545.329637597884 2.510458455855773e-16
6548.627799666327 2.243940023223241e-16
6551.92596173477 2.0906406443224872e-16
6555.224123803213 2.484102636202455e-16
6558.522285871655 2.4884179823715683e-16
6561.820447940099 2.33080060201542e-16
6565.1186100085415 2.1526871801737744e-16
6568.416772076985 1.7527027027538322e-16
6571.714934145428 2.05490744866441e-16
6575.01309621387 2.0741830034287532e-16
6578.311258282314 1.6366779333946185e-16
6581.609420350756 1.6206643222518139e-16
6584.9075824192 1.3170209919521857e-16
6588.205744487643 1.328646096095715e-16
6591.503906556085 9.133685940661871e-17
6594.802068624529 8.959427737000811e-17
6598.100230692971 9.436931659513814e-17
6601.3983927614145 1.069778204326413e-16
6604.696554829858 9.040291508844274e-17
6607.9947168983 8.516212883818049e-17
6611.292878966743 1.131518833426939e-16
6614.591041035186 1.499941125645033e-16
6617.889203103629 1.595277972220268e-16
6621.1873651720725 1.1777687925023796e-16
6624.485527240515 6.499034178400095e-17
6627.783689308958 5.764590792427333e-17
6631.081851377401 9.258355543031472e-17
6634.380013445844 1.2329861009487325e-16
6637.678175514287 1.2012210724132825e-16
6640.97633758273 7.092830333292268e-17
6644.274499651173 1.1816751267579872e-16
6647.572661719616 2.0404984174969165e-16
6650.870823788059 2.3736767626849063e-16
6654.168985856502 2.2597340788748387e-16
6657.467147924945 2.0224167268108608e-16
6660.765309993388 2.17354751493631e-16
6664.063472061831 2.609048622356658e-16
6667.361634130274 2.6384848514444567e-16
6670.659796198717 2.6990648543972998e-16
6673.9579582671595 2.8994908264992906e-16
6677.256120335603 2.7066969693694616e-16
6680.554282404046 2.89300017917617e-16
6683.852444472488 2.6354753928387815e-16
6687.150606540932 2.506487953136557e-16
6690.448768609374 2.636560725278717e-16
6693.7469306778175 2.57270258141242e-16
6697.045092746261 2.670143397363171e-16
6700.343254814703 2.6456670306355777e-16
6703.641416883147 2.565509267939683e-16
6706.939578951589 3.026043829920533e-16
6710.237741020032 2.71845755417747e-16
6713.535903088476 2.469974202628876e-16
6716.834065156918 2.6160513320698766e-16
6720.132227225362 2.7826161273481196e-16
6723.430389293804 2.8708970432524413e-16
6726.728551362247 2.817773055149821e-16
6730.0267134306905 2.7582014136352333e-16
6733.324875499133 2.661534749865756e-16
6736.623037567577 2.383737229996506e-16
6739.921199636019 2.214775726006038e-16
6743.219361704462 2.1701766945038478e-16
6746.517523772905 2.3873431723445985e-16
6749.815685841348 2.0375275299218726e-16
6753.113847909792 1.9794379296403826e-16
6756.412009978234 1.94480636761264e-16
6759.710172046677 2.071916222258475e-16
6763.00833411512 2.0701672683607468e-16
6766.306496183563 1.999458004159257e-16
6769.604658252007 1.9720110872681698e-16
6772.902820320449 1.907872113215824e-16
6776.200982388892 2.1174651736058575e-16
6779.499144457335 2.1368194528102548e-16
6782.7973065257775 1.9921501017565334e-16
6786.0954685942215 1.8775597707512405e-16
6789.393630662664 2.0713166343953405e-16
6792.691792731107 1.9956451513449493e-16
6795.98995479955 1.8337529519183945e-16
6799.288116867992 1.8938851130871075e-16
6802.586278936436 2.0578581570268498e-16
6805.884441004879 2.0169003995214594e-16
6809.182603073322 1.835853068524981e-16
6812.480765141765 1.949868709990001e-16
6815.778927210207 2.1132152296427136e-16
6819.077089278651 1.973919051429731e-16
6822.375251347094 2.466435106976429e-16
6825.673413415537 2.1629331662664093e-16
6828.97157548398 2.0283997244730223e-16
6832.269737552422 1.9441537773255632e-16
6835.567899620865 1.7114485266489345e-16
6838.8660616893085 1.9800344816419296e-16
6842.164223757752 2.1148029048848262e-16
6845.462385826195 1.9353018520423525e-16
6848.760547894637 2.290812857502634e-16
6852.05870996308 2.0940316087748584e-16
6855.356872031523 1.5958558006107352e-16
6858.6550340999665 2.1268652841161828e-16
6861.95319616841 1.7565849569276352e-16
6865.251358236852 2.0067772503782847e-16
6868.549520305295 2.1061532871144093e-16
6871.847682373738 2.0156126697554107e-16
6875.145844442181 1.6753359708135485e-16
6878.444006510625 1.576950770724026e-16
6881.742168579067 1.902349156964193e-16
6885.04033064751 1.7223886234711262e-16
6888.338492715953 1.7719486981506094e-16
6891.636654784396 1.9526015980137073e-16
6894.9348168528395 1.5341805196485808e-16
6898.232978921282 1.8808739366228014e-16
6901.531140989725 1.8044185412518887e-16
6904.829303058168 1.8839633295179293e-16
6908.127465126611 1.7592786718268225e-16
6911.425627195054 1.9361502512449513e-16
6914.723789263497 2.0667965967892304e-16
6918.02195133194 1.7460272430795974e-16
6921.320113400383 2.1169502840599494e-16
6924.618275468826 2.257568149748423e-16
6927.916437537269 1.9054712161921063e-16
6931.214599605712 2.093004226246627e-16
6934.512761674155 1.8990495776921326e-16
6937.810923742598 2.053787910850224e-16
6941.109085811041 1.8384330052058683e-16
6944.407247879484 1.966322905907408e-16
6947.7054099479265 2.355057399027079e-16
6951.00357201637 2.353421948002092e-16
6954.301734084813 2.255490160894703e-16
6957.599896153256 2.0586581380406832e-16
6960.898058221699 1.8256304076912203e-16
6964.196220290141 1.811481630371537e-16
6967.4943823585845 1.878073651638482e-16
6970.792544427028 1.87146540589662e-16
6974.090706495471 1.7983111158468196e-16
6977.388868563913 1.7775163170949137e-16
6980.687030632356 1.4270013791758395e-16
6983.985192700799 1.3068780119307238e-16
6987.283354769243 1.4169381158126024e-16
6990.581516837686 1.3379264801730049e-16
6993.879678906128 1.4879236041532404e-16
6997.177840974571 1.4770218245029211e-16
7000.476003043014 1.6711813313576542e-16
7003.7741651114575 1.3585510755952808e-16
7007.072327179901 1.2095560226333207e-16
7010.370489248343 1.3282063621047892e-16
7013.668651316786 1.3911723846782787e-16
7016.966813385229 1.2784874823209672e-16
7020.264975453672 1.5189116812178764e-16
7023.5631375221155 1.686298429252698e-16
7026.861299590558 1.567031815928163e-16
7030.159461659001 1.9326831230452899e-16
7033.457623727444 1.7478058292441835e-16
7036.755785795887 2.0311361441525713e-16
7040.05394786433 2.2988092546104663e-16
7043.352109932773 2.318326909183679e-16
7046.650272001216 2.2387492430345917e-16
7049.948434069659 2.10001090832531e-16
7053.246596138102 2.541367064560398e-16
7056.544758206545 2.6609130025125157e-16
7059.842920274988 2.287660719245416e-16
7063.141082343431 2.5567189166345105e-16
7066.439244411874 2.441422419379805e-16
7069.737406480317 2.3344074202982186e-16
7073.03556854876 2.0160794870311194e-16
7076.3337306172025 2.0976354248726538e-16
7079.631892685646 2.4714790612348467e-16
7082.930054754089 2.5329943499506804e-16
7086.228216822532 2.472272920628067e-16
7089.526378890975 2.2167034749579793e-16
7092.824540959417 1.9607284046834806e-16
7096.122703027861 2.0622661296154417e-16
7099.420865096304 1.8665966925403786e-16
7102.719027164747 1.3325479637692086e-16
7106.017189233189 1.2497853298700062e-16
7109.315351301632 1.2515619697598656e-16
7112.613513370075 8.965074700305515e-17
7115.911675438519 6.262903483408729e-17
7119.209837506962 5.759568163749054e-17
7122.507999575404 4.777166276615454e-17
7125.806161643847 1.607878802824811e-17
7129.10432371229 2.156155100507715e-17
7132.4024857807335 7.010335917726227e-17
7135.700647849177 5.569946377943323e-17
7138.998809917619 4.672949778621088e-17
7142.296971986062 7.251671054791021e-17
7145.595134054505 9.336937968284365e-17
7148.893296122948 1.5340990279185911e-16
7152.191458191392 1.690755342031127e-16
7155.489620259834 1.4359943896875402e-16
7158.787782328277 1.3812387289468292e-16
7162.08594439672 2.029340338954847e-16
7165.384106465163 2.896943977706387e-16
7168.6822685336065 3.0669553223332567e-16
7171.980430602049 3.203578358600747e-16
7175.278592670492 2.6186883838153014e-16
7178.576754738935 2.425490370924631e-16
7181.874916807378 2.1969193589747406e-16
7185.173078875821 2.398229239000873e-16
7188.471240944264 2.314722742752146e-16
7191.769403012707 2.2217488727343725e-16
7195.06756508115 2.2637963753065066e-16
7198.365727149593 2.0495735593891168e-16
7201.663889218036 2.0185635947041202e-16
7204.9620512864785 1.9337594952157735e-16
7208.260213354922 1.964355694253795e-16
7211.558375423365 2.2770923426008885e-16
7214.856537491808 2.28402455743705e-16
7218.154699560251 2.2467573939475836e-16
7221.452861628693 2.194923829339305e-16
7224.751023697137 2.21891997727063e-16
7228.04918576558 2.2828566768176494e-16
7231.347347834023 2.2524299391504784e-16
7234.645509902465 2.1065383364214517e-16
7237.943671970908 1.9813822721887433e-16
7241.2418340393515 2.297139907968283e-16
7244.539996107795 2.148532604780224e-16
7247.838158176238 2.0169146152328352e-16
7251.13632024468 2.0286411307210733e-16
7254.434482313123 1.971480855505688e-16
7257.732644381566 1.9906473262130784e-16
7261.03080645001 2.264833772059145e-16
7264.328968518453 2.341578719123537e-16
7267.627130586895 2.137398762611839e-16
7270.925292655338 2.1306101099588835e-16
7274.223454723781 1.8248805106652692e-16
7277.521616792224 1.6237157016017993e-16
7280.819778860668 1.845344090025705e-16
7284.11794092911 2.1653741381410719e-16
7287.416102997553 2.2724337501158896e-16
7290.714265065996 1.9883599433418335e-16
7294.012427134439 1.866324678100867e-16
7297.3105892028825 2.161652580877938e-16
7300.608751271325 2.3133559154815425e-16
7303.906913339768 2.2442204764622403e-16
7307.205075408211 2.1156927335166487e-16
7310.503237476654 1.6555165460546785e-16
7313.801399545097 1.933818001856043e-16
7317.09956161354 2.0307706352227292e-16
7320.397723681983 1.8648791599223554e-16
7323.695885750426 1.8824316650314724e-16
7326.994047818869 1.860474335485052e-16
7330.292209887312 1.8315622425031678e-16
7333.590371955755 1.8827253535015653e-16
7336.888534024198 1.8422955835758037e-16
7340.186696092641 2.164993409336242e-16
7343.484858161084 2.267333233133137e-16
7346.783020229527 2.196262957812082e-16
7350.0811822979695 1.8145302710963797e-16
7353.379344366413 1.8063922051369262e-16
7356.677506434856 1.9282657097674173e-16
7359.975668503299 1.964627749745575e-16
7363.273830571741 2.0365763237796087e-16
7366.571992640184 1.9398178714821773e-16
7369.8701547086275 1.8210647063898245e-16
7373.168316777071 1.999863148772707e-16
7376.466478845514 1.8060612436095756e-16
7379.764640913956 1.5786564567577558e-16
7383.062802982399 2.016579337243081e-16
7386.360965050842 1.8261753153001436e-16
7389.659127119286 1.7601261357865083e-16
7392.957289187729 2.107193634548416e-16
7396.255451256171 2.042712446798566e-16
7399.553613324614 1.7969307493672971e-16
7402.851775393057 1.7817076906919075e-16
7406.1499374615005 1.7534141311232248e-16
7409.448099529944 1.7738738832934563e-16
7412.746261598386 1.8390831556929626e-16
7416.044423666829 1.742615604094126e-16
7419.342585735272 1.7640952668507528e-16
7422.640747803715 1.8296626549445863e-16
7425.938909872159 1.7460734109759237e-16
7429.237071940601 1.7283541400040188e-16
7432.535234009044 1.789645951707367e-16
7435.833396077487 1.7114633415324378e-16
7439.13155814593 1.7786611410829252e-16
7442.429720214373 1.90505791307892e-16
7445.727882282816 2.07924504771452e-16
7449.026044351259 1.6506478361555603e-16
7452.324206419702 1.8188855328344789e-16
7455.622368488145 1.9244993926898278e-16
7458.920530556588 1.6944522473779646e-16
7462.218692625031 1.6848539833707724e-16
7465.516854693474 1.6564588387130128e-16
7468.815016761917 1.706002180048957e-16
7472.11317883036 1.9353851089663009e-16
7475.411340898803 2.1270012116031957e-16
7478.7095029672455 1.684114357432297e-16
7482.007665035689 1.9080944253440347e-16
7485.305827104132 1.8767339858734985e-16
7488.603989172575 1.8879891801777534e-16
7491.902151241017 1.8174310972415573e-16
7495.20031330946 1.5578932663752655e-16
7498.498475377904 1.796584028497459e-16
7501.796637446347 1.8719242884853733e-16
7505.09479951479 2.1847315594664186e-16
7508.392961583232 2.0582418288842618e-16
7511.691123651675 2.0207593829294737e-16
7514.9892857201185 2.0784435363029329e-16
7518.287447788562 1.9483993186202983e-16
7521.585609857005 2.113584620403406e-16
7524.883771925447 2.2035541425795033e-16
7528.18193399389 1.9542232121671722e-16
7531.480096062333 2.0043920417455577e-16
7534.7782581307765 1.9460273155858592e-16
7538.07642019922 1.9765104183487965e-16
7541.374582267662 2.1473781962448879e-16
7544.672744336105 2.1008078749459422e-16
7547.970906404548 2.0783203291025732e-16
7551.269068472991 2.1038282308304393e-16
7554.567230541435 2.178313955762954e-16
7557.865392609877 2.0866709159572665e-16
7561.16355467832 1.9050149251320562e-16
7564.461716746763 1.999878490000986e-16
7567.759878815206 1.908356553156087e-16
7571.0580408836495 1.945218911390753e-16
7574.356202952092 1.8721610546244688e-16
7577.654365020535 2.0480885314413708e-16
7580.952527088978 2.17210893627093e-16
7584.250689157421 1.7876057309125183e-16
7587.548851225864 1.8372441724137649e-16
7590.847013294307 2.25055893595934e-16
7594.14517536275 1.9487067384796768e-16
7597.443337431193 1.5617686371850853e-16
7600.741499499636 1.201571655557323e-16
7604.039661568079 8.266274109192991e-17
7607.3378236365215 6.069691930322409e-17
7610.635985704965 5.0512610687396357e-17
7613.934147773408 6.62517414200381e-17
7617.232309841851 9.88044410632089e-17
7620.530471910293 1.2984702725101831e-16
7623.828633978736 1.397367553307137e-16
7627.12679604718 1.237555000703772e-16
7630.424958115623 1.1413572458272517e-16
7633.723120184066 1.0009260245208698e-16
7637.021282252508 1.128926690200731e-16
7640.319444320951 1.133105444692778e-16
7643.6176063893945 1.2648312368267633e-16
7646.915768457838 1.2977310464556491e-16
7650.213930526281 1.1603962705799004e-16
7653.512092594723 1.2783567230598556e-16
7656.810254663166 1.5434107133100587e-16
7660.108416731609 1.536665330416006e-16
7663.406578800053 1.5246387477969288e-16
7666.704740868496 1.6222631195535963e-16
7670.002902936938 1.884035578797378e-16
7673.301065005381 1.8738016256790085e-16
7676.599227073824 1.6507579580581208e-16
7679.8973891422675 1.638433813101057e-16
7683.195551210711 1.829141451882595e-16
7686.493713279153 1.7256162689376154e-16
7689.791875347596 1.537482512089048e-16
7693.090037416039 1.9046135722533625e-16
7696.388199484482 1.7647305329324927e-16
7699.6863615529255 1.473124328354434e-16
7702.984523621368 1.694931683738033e-16
7706.282685689811 1.757781591114167e-16
7709.580847758254 1.5543842194020345e-16
7712.879009826697 1.3101658269158286e-16
7716.17717189514 1.4733355718430506e-16
7719.475333963583 1.8521464620271117e-16
7722.773496032026 1.6031584272452948e-16
7726.071658100469 1.565639552697316e-16
7729.369820168912 1.2894669473955009e-16
7732.667982237355 1.2308476931059604e-16
7735.966144305798 1.4323815320600038e-16
7739.264306374241 1.5673836280535973e-16
7742.562468442684 1.5987021124478463e-16
7745.860630511127 1.5133896176539133e-16
7749.158792579569 1.4625660423242444e-16
7752.4569546480125 1.5490326983353234e-16
7755.755116716456 1.434594884736539e-16
7759.053278784899 1.6883050339393652e-16
7762.351440853342 1.7929206596908572e-16
7765.649602921784 1.6458114138278395e-16
7768.947764990227 1.523912892275545e-16
7772.2459270586705 1.6306502095386644e-16
7775.544089127114 1.6888307404906438e-16
7778.842251195557 1.5794870990121005e-16
7782.140413263999 1.6385996485260212e-16
7785.438575332442 1.71239778299063e-16
7788.736737400885 1.4836657860272687e-16
7792.034899469329 1.660222880053808e-16
7795.333061537772 1.556670713882746e-16
7798.631223606214 1.5216391784898997e-16
7801.929385674657 1.6864827100288642e-16
7805.2275477431 1.6921526670866316e-16
7808.5257098115435 1.552842045331481e-16
7811.823871879987 1.5516248056810362e-16
7815.122033948429 1.5372759217497156e-16
7818.420196016872 1.305085510679823e-16
7821.718358085315 1.5613902599073811e-16
7825.016520153758 1.6226429979516062e-16
7828.314682222202 1.342655768529821e-16
7831.612844290644 1.4423308875833808e-16
7834.911006359087 1.4596824590981106e-16
7838.20916842753 1.3168204209533078e-16
7841.507330495973 1.4786563116101035e-16
7844.805492564416 1.5728689018251476e-16
7848.103654632859 1.640796087764214e-16
7851.401816701302 1.455786388127145e-16
7854.699978769745 1.5294715675579246e-16
7857.998140838188 1.517239695907298e-16
7861.296302906631 1.5959408834593788e-16
7864.594464975074 1.5725440798270252e-16
7867.892627043517 1.4832119306712157e-16
7871.19078911196 1.503897802738179e-16
7874.488951180403 1.3555290045748492e-16
7877.787113248845 1.2975473521376804e-16
7881.0852753172885 1.5016101252435487e-16
7884.383437385732 1.43730908053814e-16
7887.681599454175 1.4307713265423165e-16
7890.979761522618 1.4206716187942103e-16
7894.27792359106 1.3890367546057316e-16
7897.576085659503 1.5595455143175537e-16
7900.874247727947 1.5992911930881398e-16
7904.17240979639 1.5128874782994277e-16
7907.470571864833 1.7778562906393264e-16
7910.768733933275 1.2908148778269856e-16
7914.066896001718 1.3793358912418384e-16
7917.3650580701615 1.4668168821881508e-16
7920.663220138605 1.6467889986066258e-16
7923.961382207048 1.4562536649429374e-16
7927.25954427549 1.3969503196833735e-16
7930.557706343933 1.5355940746722957e-16
7933.855868412376 1.3207840704332084e-16
7937.1540304808195 1.5517815248466477e-16
7940.452192549263 1.5869109659456058e-16
7943.750354617705 1.913185761347313e-16
7947.048516686148 1.3881810566377003e-16
7950.346678754591 1.2775650842027704e-16
7953.644840823034 1.677634704555796e-16
7956.943002891478 1.538001001608461e-16
7960.24116495992 1.4923573583816177e-16
7963.539327028363 1.7979065178157662e-16
7966.837489096806 1.3217270671422555e-16
7970.135651165249 1.4315129627178812e-16
7973.4338132336925 1.5448650824568668e-16
7976.731975302135 1.523556845663709e-16
7980.030137370578 1.6089560712035986e-16
7983.328299439021 1.5481478053140022e-16
7986.626461507464 1.4780673643246464e-16
7989.924623575907 1.5617605617418904e-16
7993.22278564435 1.5397063472616693e-16
7996.520947712793 1.5086043986693267e-16
7999.819109781236 1.6097807904638072e-16
8003.117271849679 1.486889934407211e-16
8006.415433918121 1.41066857182176e-16
8009.7135959865645 1.5700414579309665e-16
8013.011758055008 1.6809715633719014e-16
8016.309920123451 1.5168573677901607e-16
8019.608082191894 1.3654458906030515e-16
8022.906244260336 1.4317068279618933e-16
8026.204406328779 1.413599134733368e-16
8029.502568397223 1.3333725302807884e-16
8032.800730465666 1.408951204269467e-16
8036.098892534109 1.2860056924358436e-16
8039.397054602551 1.191162786521537e-16
8042.695216670994 1.5130636034802408e-16
8045.9933787394375 1.772677021333634e-16
8049.291540807881 1.7364070214034845e-16
8052.589702876324 1.702398140090493e-16
8055.887864944766 1.5625586282539004e-16
8059.186027013209 1.61021370111358e-16
8062.484189081652 1.934491831348972e-16
8065.782351150096 1.723607993571262e-16
8069.080513218539 1.6601217606268437e-16
8072.378675286981 1.6001089380971487e-16
8075.676837355424 1.5612204552038254e-16
8078.974999423867 1.7065257106579548e-16
8082.2731614923105 1.5181075487067893e-16
8085.571323560754 1.2074065040720834e-16
8088.869485629196 1.5212406882753408e-16
8092.167647697639 1.5041856456069216e-16
8095.465809766082 1.4889180981446813e-16
8098.763971834525 1.461280501432697e-16
8102.0621339029685 1.4748296603223716e-16
8105.360295971411 1.5683847270594102e-16
8108.658458039854 1.7352893488258622e-16
8111.956620108297 1.7634019217206112e-16
8115.25478217674 1.4165002048092174e-16
8118.552944245183 1.4767955585803782e-16
8121.851106313626 1.7410276784336648e-16
8125.149268382069 1.812087701688987e-16
8128.447430450512 1.6339273108722563e-16
8131.745592518955 1.7534775035094542e-16
8135.043754587397 1.8580621964163217e-16
8138.341916655841 1.6183135617480697e-16
8141.640078724284 1.5215237768850732e-16
8144.938240792727 1.406840742762134e-16
8148.23640286117 1.1884529784743469e-16
8151.534564929612 1.5267039661293873e-16
8154.8327269980555 1.4065893608583674e-16
8158.130889066499 1.4428610066837139e-16
8161.429051134942 1.5849674041919135e-16
8164.727213203385 1.5509032060773663e-16
8168.025375271827 1.5033394262493197e-16
8171.32353734027 1.377643620651034e-16
8174.6216994087135 1.4406473601574468e-16
8177.919861477157 1.6457602280117066e-16
8181.2180235456 1.5989184793774238e-16
8184.516185614042 1.663847058782429e-16
8187.814347682485 1.5592185461693996e-16
8191.112509750928 1.5161141528830396e-16
8194.410671819373 1.6086163339466144e-16
8197.708833887815 1.4403463734182525e-16
8201.006995956257 1.3002417867697155e-16
8204.305158024701 1.5246693705781935e-16
8207.603320093143 1.6911728381031512e-16
8210.901482161586 1.928403860754237e-16
8214.19964423003 1.4342493916256754e-16
8217.497806298472 1.6189007921286067e-16
8220.795968366914 1.8838759514868564e-16
8224.094130435358 1.4975656995334622e-16
8227.392292503802 1.4652283073165808e-16
8230.690454572245 1.5543674953408446e-16
8233.988616640687 1.5248040011741065e-16
8237.28677870913 1.443893881960417e-16
8240.584940777573 1.6592188069972749e-16
8243.883102846015 1.623337538935872e-16
8247.18126491446 1.364494656171629e-16
8250.479426982902 1.4434304853475618e-16
8253.777589051344 1.6228028209606966e-16
8257.075751119788 1.5589929634051556e-16
8260.373913188232 1.705774421383012e-16
8263.672075256673 1.6922067443079797e-16
8266.970237325117 1.3751911429882685e-16
8270.26839939356 1.1456210107535813e-16
8273.566561462003 1.342454763724995e-16
8276.864723530445 1.5234781279654364e-16
8280.16288559889 1.521569487105641e-16
8283.461047667332 1.22436392567048e-16
8286.759209735774 1.0058871271936247e-16
8290.057371804218 1.7211815735821415e-16
8293.355533872662 1.2902923736157709e-16
8296.653695941102 1.6164304069056602e-16
8299.951858009546 1.520377541891848e-16
8303.25002007799 1.4574186598702371e-16
8306.548182146433 1.5232562969618654e-16
8309.846344214875 1.3548458053151858e-16
8313.144506283319 1.2997376562436024e-16
8316.442668351761 1.293914672509315e-16
8319.740830420204 1.3604659864081668e-16
8323.038992488648 1.471369123971806e-16
8326.337154557092 1.3049584207014605e-16
8329.635316625532 1.3263909158990874e-16
8332.933478693976 1.512165503978771e-16
8336.23164076242 1.3734235653466255e-16
8339.529802830863 1.4343017865861188e-16
8342.827964899305 1.8729572129861665e-16
8346.126126967749 1.507470006138276e-16
8349.424289036191 1.234690021640301e-16
8352.722451104633 1.4207059423396018e-16
8356.020613173077 1.5270661793816085e-16
8359.318775241522 1.361677709027427e-16
8362.616937309962 1.3847464580333144e-16
8365.915099378406 1.4577141811033546e-16
8369.21326144685 1.391628644403841e-16
8372.511423515292 1.5153504190777697e-16
8375.809585583735 1.4817000016302678e-16
8379.107747652179 1.45189494958577e-16
8382.405909720621 1.7048981002949363e-16
8385.704071789063 1.5485051515973516e-16
8389.002233857507 1.4649891814830134e-16
8392.30039592595 1.378764678992196e-16
8395.598557994392 1.3206400374767642e-16
8398.896720062836 1.5248330365052201e-16
8402.19488213128 1.3066505958143774e-16
8405.493044199722 1.3330119564438428e-16
8408.791206268164 1.4392895662529253e-16
8412.089368336608 1.53706120860304e-16
8415.38753040505 1.37384276479763e-16
8418.685692473493 1.2312239548486449e-16
8421.983854541937 1.2128761681953547e-16
8425.28201661038 1.2020300843682475e-16
8428.580178678822 1.353908781684115e-16
8431.878340747266 1.4167258150830607e-16
8435.17650281571 1.2236807885123726e-16
8438.474664884152 1.8262437666224387e-16
8441.772826952594 1.3516473850318738e-16
8445.070989021038 1.4777695804015765e-16
8448.36915108948 1.9297858381753583e-16
8451.667313157923 1.4701978067754638e-16
8454.965475226367 1.243331012619606e-16
8458.263637294809 1.37788301507482e-16
8461.561799363251 1.2590392334141698e-16
8464.859961431695 1.2549201505397633e-16
8468.15812350014 1.2935588476245273e-16
8471.456285568582 1.2952230641187644e-16
8474.754447637024 1.429123608568101e-16
8478.052609705468 1.5417001766006934e-16
8481.35077177391 1.4598417589536565e-16
8484.648933842353 1.4300500765732585e-16
8487.947095910797 1.467382682964889e-16
8491.245257979239 1.375963168792641e-16
8494.543420047681 1.4205146510542386e-16
8497.841582116125 1.2144471840398435e-16
8501.13974418457 1.444392138756326e-16
8504.437906253012 1.452614222044406e-16
8507.736068321454 1.256659687703424e-16
8511.034230389898 1.461538910203648e-16
8514.33239245834 1.1011263503167112e-16
8517.630554526782 1.528366902743339e-16
8520.928716595226 1.5516980638936705e-16
8524.226878663669 1.5969513564424083e-16
8527.525040732111 1.443506391836152e-16
8530.823202800555 1.3499763391278422e-16
8534.121364868999 1.3807664440288814e-16
8537.41952693744 1.3953278080513413e-16
8540.717689005884 1.6153912756912671e-16
8544.015851074328 1.4864765347516206e-16
8547.31401314277 1.3733573339660016e-16
8550.612175211212 1.2812639886933055e-16
8553.910337279656 1.3037532628227648e-16
8557.208499348098 1.1869863845132127e-16
8560.50666141654 1.166606906923506e-16
8563.804823484985 1.4489949362679372e-16
8567.102985553429 1.4146883998727695e-16
8570.40114762187 1.1116320109287716e-16
8573.699309690313 1.5956551238782986e-16
8576.997471758757 1.5410886023340874e-16
8580.2956338272 1.3154743262206644e-16
8583.593795895642 1.3871589668872298e-16
8586.891957964086 1.3386951948377404e-16
8590.190120032528 1.2095313258489724e-16
8593.48828210097 1.3204764902921276e-16
8596.786444169415 1.408939117960077e-16
8600.084606237859 1.5316769185026953e-16
8603.3827683063 1.3247325627974767e-16
8606.680930374743 1.5557872904768728e-16
8609.979092443187 1.4309482038541216e-16
8613.27725451163 1.239031761330417e-16
8616.575416580072 1.428959580739705e-16
8619.873578648516 1.5370386316480386e-16
8623.171740716958 1.3952971112525782e-16
8626.4699027854 1.1677513936336907e-16
8629.768064853844 1.2639922015806119e-16
8633.066226922288 1.4906512088724038e-16
8636.364388990729 1.2818322006653327e-16
8639.662551059173 1.2244526087111212e-16
8642.960713127617 1.4828639009421743e-16
8646.25887519606 1.5814379367522947e-16
8649.557037264502 1.511505900152428e-16
8652.855199332946 1.35567095541981e-16
8656.153361401388 1.172754043079435e-16
8659.45152346983 1.301921253625472e-16
8662.749685538274 1.3357037351875184e-16
8666.047847606716 1.291205794710521e-16
8669.346009675159 1.4701937889579785e-16
8672.644171743603 1.648548767034672e-16
8675.942333812047 1.4771286350166322e-16
8679.24049588049 1.274996249881976e-16
8682.538657948931 1.3803562451557772e-16
8685.836820017375 1.373324486760215e-16
8689.134982085818 1.3452388669210112e-16
8692.43314415426 1.3045730840016797e-16
8695.731306222704 1.2025721810730788e-16
8699.029468291146 1.2657491198319445e-16
8702.327630359589 1.3901269412531162e-16
8705.625792428033 1.4034857979334616e-16
8708.923954496477 1.807686261359404e-16
8712.222116564919 1.5662776338447647e-16
8715.520278633361 1.1524171887884313e-16
8718.818440701805 1.3005258681841426e-16
8722.116602770247 1.4135971933516698e-16
8725.41476483869 1.5241941277466737e-16
8728.712926907134 1.7302104449244456e-16
8732.011088975576 1.5388773746550253e-16
8735.309251044018 1.5487367387281104e-16
8738.607413112462 1.2154510216941003e-16
8741.905575180906 1.386914821185125e-16
8745.203737249349 1.2632604382398095e-16
8748.501899317791 1.281850422044837e-16
8751.800061386235 1.3427590891153584e-16
8755.098223454677 1.0857825661580472e-16
8758.39638552312 1.3040391941646198e-16
8761.694547591564 1.6926928940772377e-16
8764.992709660006 1.3065096216984728e-16
8768.290871728448 1.6797000079967996e-16
8771.589033796892 1.6436723593030547e-16
8774.887195865336 1.3525871014361934e-16
8778.185357933779 1.3160263707717618e-16
8781.48352000222 1.4111034743836304e-16
8784.781682070665 1.3623978122511724e-16
8788.079844139107 1.0273263921514843e-16
8791.37800620755 1.387676476565367e-16
8794.676168275993 1.5870355038518557e-16
8797.974330344436 1.5378838990028182e-16
8801.272492412878 1.420377176644462e-16
8804.570654481322 1.3394344607613043e-16
8807.868816549766 1.4390913398304981e-16
8811.166978618206 1.5730977898236367e-16
8814.46514068665 1.480609131515579e-16
8817.763302755095 1.5220206496475617e-16
8821.061464823537 1.5415899412136954e-16
8824.35962689198 1.507542017866263e-16
8827.657788960423 1.1955987379011785e-16
8830.955951028865 1.5708771356625686e-16
8834.254113097308 1.856426622485997e-16
8837.552275165752 1.2826760860332265e-16
8840.850437234196 1.4729291517192005e-16
8844.148599302636 1.370080462406017e-16
8847.44676137108 1.168161750348306e-16
8850.744923439524 1.686039451253458e-16
8854.043085507967 1.603761369750798e-16
8857.341247576409 1.2976159432480142e-16
8860.639409644853 1.3384640151834e-16
8863.937571713295 1.2279093114727022e-16
8867.235733781738 1.234937502343597e-16
8870.533895850182 1.4483112275360638e-16
8873.832057918626 1.4436355928737362e-16
8877.130219987066 1.208063333478893e-16
8880.42838205551 1.3783651645450134e-16
8883.726544123954 1.5840329407747908e-16
8887.024706192396 1.3863061921848106e-16
8890.322868260839 1.1541647519483506e-16
8893.621030329283 1.2210932358722642e-16
8896.919192397725 1.3869905596070066e-16
8900.217354466167 1.2234086972505707e-16
8903.515516534611 1.405057934084931e-16
8906.813678603055 1.6151091339645356e-16
8910.111840671496 1.3597432946092747e-16
8913.41000273994 9.144448944553266e-17
8916.708164808384 1.0992558688868123e-16
8920.006326876826 1.7062533459065677e-16
8923.304488945269 1.4142685439335375e-16
8926.602651013713 1.3207204959203964e-16
8929.900813082155 1.1489934177404905e-16
8933.198975150597 1.2924857996805684e-16
8936.497137219041 1.4478690940670237e-16
8939.795299287483 1.2604406009426072e-16
8943.093461355926 1.1513550407195707e-16
8946.39162342437 1.254144532587585e-16
8949.689785492814 1.1396869868918377e-16
8952.987947561256 1.0916537830228426e-16
8956.286109629698 1.1265513795036042e-16
8959.584271698142 1.0002115288736528e-16
8962.882433766585 1.301641285332755e-16
8966.180595835027 1.5977437763266252e-16
8969.478757903471 1.2881784325905676e-16
8972.776919971913 1.1248190582690824e-16
8976.075082040355 1.2350111124921916e-16
8979.3732441088 1.2606578088971104e-16
8982.671406177244 1.1851901703381945e-16
8985.969568245686 9.990554262328766e-17
8989.267730314128 1.0219325954972976e-16
8992.565892382572 1.1429489186300158e-16
8995.864054451014 1.1524370635039561e-16
8999.162216519457 1.3008787098478104e-16
9002.4603785879 1.4535621213858954e-16
9005.758540656343 1.3755651643300951e-16
9009.056702724785 1.3111257822329441e-16
9012.35486479323 1.2158231600350675e-16
9015.653026861673 9.271118855087785e-17
9018.951188930116 6.269586464565372e-17
9022.249350998558 7.131389030436859e-17
9025.547513067002 9.850838726441981e-17
9028.845675135444 8.059064173840379e-17
9032.143837203887 8.651971090774079e-17
9035.44199927233 1.233247787818717e-16
9038.740161340773 1.3954611976038562e-16
9042.038323409215 1.228392586225665e-16
9045.33648547766 1.1397824880271193e-16
9048.634647546103 1.4438105633642753e-16
9051.932809614544 1.5501692498605022e-16
9055.230971682988 9.272925396163923e-17
9058.529133751432 1.2706229489562477e-16
9061.827295819874 1.108989679568094e-16
9065.125457888316 1.3516861946045579e-16
9068.42361995676 9.860497688666456e-17
9071.721782025203 4.0955229229049695e-17
9075.019944093645 8.341119016241187e-17
9078.318106162089 9.098080602701078e-17
9081.616268230533 9.48570022802366e-17
9084.914430298973 1.3956847928497512e-16
9088.212592367418 1.1399315626970506e-16
9091.510754435862 1.2167167942251229e-16
9094.808916504304 1.4473815791235327e-16
9098.107078572746 1.1514360198153061e-16
9101.40524064119 9.860967607119325e-17
9104.703402709632 1.2811575016941952e-16
9108.001564778075 1.2311620677348648e-16
9111.299726846519 1.0701213866877643e-16
9114.597888914963 9.427317191354384e-17
9117.896050983403 1.506831798282765e-16
9121.194213051847 1.2249198442892836e-16
9124.492375120291 6.247454588837397e-17
9127.790537188734 1.2666266870810647e-16
9131.088699257176 1.5532777795553092e-16
9134.38686132562 1.3042145126605553e-16
9137.685023394062 1.0770375281059327e-16
9140.983185462504 8.431076442729526e-17
9144.281347530949 1.0319992869542667e-16
9147.579509599393 1.124831435970195e-16
9150.877671667833 1.2101182837860738e-16
9154.175833736277 1.571579681679836e-16
9157.473995804721 1.1731488211414233e-16
9160.772157873163 6.749939346467849e-17
9164.070319941606 1.1792522193043414e-16
9167.36848201005 1.2010988785274849e-16
9170.666644078492 1.051066551079443e-16
9173.964806146934 9.275963622802637e-17
9177.262968215378 7.830919049781422e-17
9180.56113028382 8.324238637167531e-17
9183.859292352263 6.34201752567512e-17
9187.157454420707 6.395358744715553e-17
9190.455616489151 1.408247889164916e-16
9193.753778557593 1.571247804637777e-16
9197.051940626036 1.1372001420634864e-16
9200.35010269448 1.1336391781459802e-16
9203.648264762922 1.3101858391436572e-16
9206.946426831364 1.0314936804484347e-16
9210.244588899808 1.0456863715403326e-16
9213.54275096825 1.3661101488473377e-16
9216.840913036693 1.1927261733812077e-16
9220.139075105137 1.1540950472916495e-16
9223.43723717358 1.227426954295368e-16
9226.735399242023 1.148040715319127e-16
9230.033561310465 1.0438586640180906e-16
9233.33172337891 1.0455151598430294e-16
9236.629885447352 1.182750160561159e-16
9239.928047515794 1.2646531598539553e-16
9243.226209584238 1.2923192525054105e-16
9246.52437165268 1.043681761996458e-16
9249.822533721122 1.399492164153951e-16
9253.120695789567 1.5885797237265897e-16
9256.41885785801 1.072816961351985e-16
9259.717019926453 1.2712998115155833e-16
9263.015181994895 1.5012438209579868e-16
9266.31334406334 1.0156312182386998e-16
9269.611506131781 1.2348576509720042e-16
9272.909668200224 1.3165568891146402e-16
9276.207830268668 1.174826266572238e-16
9279.50599233711 1.2098651762060385e-16
9282.804154405552 1.164797406008734e-16
9286.102316473996 1.1197677342242012e-16
9289.40047854244 1.064111178154967e-16
9292.698640610883 4.1655593135128906e-17
9295.996802679325 9.50929080772005e-17
9299.294964747769 1.1903807353852696e-16
9302.593126816211 7.31795654458431e-17
9305.891288884653 7.105032565963074e-17
9309.189450953098 9.450366826317738e-17
9312.48761302154 8.401273569805113e-17
9315.785775089982 9.076353415522167e-17
9319.083937158426 7.161906760920295e-17
9322.38209922687 2.8161469145020753e-17
9325.68026129531 9.219287493147342e-17
9328.978423363755 1.0734128720149721e-16
9332.276585432199 3.0486543800914707e-17
9335.574747500641 4.844688997534985e-17
9338.872909569083 6.759541573967097e-17
9342.171071637527 5.0888497121614983e-17
9345.46923370597 4.228331888642112e-17
9348.767395774412 5.313989416076675e-17
9352.065557842856 3.646134837027568e-17
9355.3637199113 4.168180327142438e-17
9358.66188197974 8.10935938247976e-17
9361.960044048184 6.478024743570133e-17
9365.258206116629 3.5849818559104346e-17
9368.55636818507 6.83571716880681e-17
9371.854530253513 8.994884232666714e-17
9375.152692321957 4.516658992480652e-17
9378.4508543904 6.505843095439053e-17
9381.749016458842 8.158794763231945e-17
9385.047178527286 1.459599525204881e-17
9388.34534059573 2.8180065111563134e-17
9391.64350266417 7.061970645136453e-17
9394.941664732614 6.400951938508041e-17
9398.239826801058 7.855807420785959e-17
9401.5379888695 7.154513899564298e-17
9404.836150937943 7.255662480164633e-17
9408.134313006387 7.52733938960497e-17
9411.43247507483 4.061654814089974e-17
9414.730637143271 5.224755637030775e-17
9418.028799211716 9.312982940172794e-17
9421.32696128016 6.744076861079785e-17
9424.6251233486 7.408299323332711e-17
9427.923285417044 8.554538625406386e-17
9431.221447485488 6.437342947161463e-17
9434.51960955393 3.346021493496527e-17
9437.817771622373 2.2953460970782832e-17
9441.115933690817 4.179693075128142e-17
9444.414095759259 2.5840724767053553e-17
9447.712257827701 8.270968472255605e-17
9451.010419896145 1.111284079024685e-16
9454.308581964588 5.528751103702408e-17
9457.60674403303 4.9328657033674755e-17
9460.904906101474 7.822561512242222e-17
9464.203068169918 2.54306575424373e-17
9467.50123023836 3.7431279496627397e-17
9470.799392306802 5.055669746069254e-17
9474.097554375247 7.254136383389664e-17
9477.395716443689 6.183256899686487e-17
9480.693878512131 2.689774923762069e-17
9483.992040580575 4.627467466435818e-17
9487.290202649017 9.602769776137734e-17
9490.58836471746 7.558824810088765e-17
9493.886526785904 4.955883917126101e-17
9497.184688854348 5.481103436270059e-17
9500.48285092279 3.496503225974317e-17
9503.781012991232 2.4877168862740138e-17
9507.079175059676 1.8307514836560025e-17
9510.377337128119 3.16362466811763e-17
9513.67549919656 7.61041772106154e-17
9516.973661265005 6.173878782348377e-17
9520.271823333447 4.4671925421880685e-17
9523.56998540189 4.843064901233918e-17
9526.868147470333 1.066479838950466e-17
9530.166309538778 1.2216623974505038e-17
9533.46447160722 3.193394031498762e-17
9536.762633675662 3.350340029365624e-17
9540.060795744106 6.026613006921207e-17
9543.358957812548 4.150142404069892e-17
9546.65711988099 4.023504252530439e-17
9549.955281949435 4.058047131778579e-17
9553.253444017877 4.8030490256157476e-17
9556.55160608632 2.2005553555058485e-17
9559.849768154763 1.2474794059484123e-17
9563.147930223207 4.5091252310518814e-17
9566.446092291648 3.7810646387856487e-17
9569.744254360092 5.1413696370219894e-17
9573.042416428536 2.7418142354357217e-17
9576.340578496978 1.4858947710968315e-17
9579.63874056542 2.995189243125734e-17
9582.936902633865 3.8293501165567546e-17
9586.235064702307 2.226519649921773e-17
9589.533226770749 1.0315529909592193e-17
9592.831388839193 2.681716887866846e-17
9596.129550907637 2.834138480210655e-17
9599.427712976078 1.189048333316075e-17
9602.725875044522 3.077245819085201e-17
9606.024037112966 1.873146367487667e-17
9609.322199181408 1.2462562176745526e-17
9612.62036124985 4.39690918763998e-17
9615.918523318294 3.29037382114117e-17
9619.216685386737 2.2693398722438396e-17
9622.514847455179 2.973195062772654e-17
9625.813009523623 1.8562257941531988e-17
9629.111171592067 8.00489223236081e-18
9632.409333660507 5.9087032021923355e-18
9635.707495728951 1.7540753529371524e-17
9639.005657797396 2.912934599460439e-17
9642.303819865838 1.4842519340959198e-17
9645.60198193428 1.7280193668503125e-17
9648.900144002724 1.5987768601937997e-17
9652.198306071166 2.5938079444849282e-17
9655.496468139609 2.7457798670440902e-17
9658.794630208053 2.4031610274789927e-17
9662.092792276497 2.141176963274464e-17
9665.390954344937 9.455338839504483e-18
9668.689116413381 1.2340753395281968e-17
