# wavelength calibrated_flux
2747.823705051189 0.0
2751.115903465907 -1532672208.8412158
2754.408101880626 177909589.9220229
2757.7003002953443 -67983853.38149871
2760.9924987100626 27699162.068552766
2764.2846971247814 3774225.8584785364
2767.5768955394997 1961417.4568417128
2770.8690939542184 -1897080.6089164868
2774.1612923689368 2981783.1493026353
2777.453490783655 32700731.121694244
2780.745689198374 -5822511.428991148
2784.037887613092 -2555363.8371679857
2787.3300860278105 2445469.565658182
2790.6222844425292 810333.8368886845
2793.9144828572475 161774.5955488805
2797.206681271966 154725.79644879687
2800.4988796866846 -776375.6114786969
2803.791078101403 91010.00479060969
2807.0832765161217 -96613.97882850132
2810.37547493084 213076.45061526418
2813.6676733455583 57489.77145539198
2816.959871760277 25142.161898040653
2820.2520701749954 24942.178712050096
2823.5442685897137 1739.7062136247025
2826.8364670044325 -15245.051710434236
2830.128665419151 -12644.294148389376
2833.4208638338696 -862.6294545495837
2836.713062248588 -2497.2236246874177
2840.005260663306 336.55501284425566
2843.297459078025 -1093.0327530150976
2846.5896574927433 1906.035780307896
2849.8818559074616 -502.39758086987723
2853.1740543221804 -298.70517880379384
2856.4662527368987 -273.45925246330034
2859.758451151617 39.29722989022703
2863.050649566336 24.836446531105377
2866.342847981054 70.53405529507184
2869.635046395773 -56.37892206899866
2872.927244810491 -0.4951233904585141
2876.2194432252095 -15.14780792555627
2879.5116416399283 1.3467279243172054
2882.8038400546466 0.5786921463721747
2886.096038469365 -0.9262101906508015
2889.3882368840837 1.5332627603901834
2892.680435298802 1.4562702526433717
2895.9726337135207 0.17950996861453022
2899.264832128239 0.3190058340262937
2902.5570305429574 0.23144479989641523
2905.849228957676 0.0364274055531274
2909.1414273723944 -0.14773879993216005
2912.4336257871128 -0.000825838784289856
2915.7258242018315 0.03640183351697479
2919.01802261655 0.008580620986078627
2922.310221031268 0.0321062287291955
2925.602419445987 -0.03538883804683328
2928.8946178607052 0.00832647574002945
2932.186816275424 -0.00011413134983556303
2935.4790146901423 -0.00034775507628582075
2938.7712131048606 -0.001757093446293536
2942.0634115195794 -0.003166156609678374
2945.3556099342977 0.0010949618695714014
2948.647808349016 0.001795428245139483
2951.940006763735 0.00020642622683224898
2955.232205178453 0.0007848045266958229
2958.524403593172 -0.00017873649234551454
2961.81660200789 0.0005305706433157151
2965.1088004226085 0.0002422138721947009
2968.4009988373273 -0.0001883988393800031
2971.6931972520456 0.0001218585796189947
2974.985395666764 -2.842787779606912e-06
2978.2775940814827 -0.00031287107548501526
2981.569792496201 7.793815558774572e-05
2984.8619909109193 -6.16056769580616e-05
2988.154189325638 -4.703930124038035e-07
2991.4463877403564 -3.562072592663699e-05
2994.738586155075 1.694416845038431e-05
2998.0307845697935 -3.593390298049712e-05
3001.322982984512 2.6335892449252327e-06
3004.6151813992306 6.4537886703676535e-06
3007.907379813949 7.42885276160097e-06
3011.199578228667 -3.167041960977365e-06
3014.491776643386 2.028148840906483e-06
3017.7839750581043 -4.141457503137394e-06
3021.076173472823 -2.3612357285384135e-06
3024.3683718875413 -1.8569072072340568e-06
3027.6605703022597 -4.249574950223611e-07
3030.9527687169784 -1.226057471270591e-06
3034.2449671316967 3.339951455467664e-07
3037.537165546415 1.8011717444609508e-07
3040.829363961134 -1.475347234175998e-07
3044.121562375852 4.460632486775869e-09
3047.4137607905704 3.907103807469366e-08
3050.705959205289 1.0633770680749663e-07
3053.9981576200075 1.244012569517614e-07
3057.290356034726 1.1056616021996323e-08
3060.5825544494446 3.493002660255412e-08
3063.874752864163 -2.6510178273145217e-08
3067.1669512788817 -3.823959519900158e-08
3070.4591496936 5.3937372234042404e-08
3073.7513481083183 2.104707952221122e-08
3077.043546523037 -8.209016450446418e-09
3080.3357449377554 -1.343432986860212e-08
3083.627943352474 -1.5682409878687855e-08
3086.9201417671925 -1.553870151063943e-08
3090.212340181911 1.6469176092296737e-08
3093.5045385966296 2.540248094593158e-11
3096.796737011348 -5.470800849737738e-09
3100.088935426066 7.940105019789327e-10
3103.381133840785 3.585655548138531e-10
3106.6733322555033 1.6299271208358674e-09
3109.9655306702216 1.0313029845982493e-10
3113.2577290849404 2.5063913609579284e-09
3116.5499274996587 1.142394968518022e-09
3119.842125914377 -1.6497020584920579e-09
3123.1343243290958 1.453009804575875e-09
3126.426522743814 -6.724687804439213e-10
3129.718721158533 5.415637813446956e-10
3133.010919573251 5.620472989148195e-10
3136.3031179879695 8.391916079510096e-11
3139.5953164026882 6.01832495525925e-10
3142.8875148174066 -1.084926736371661e-11
3146.179713232125 1.5425569483859214e-10
3149.4719116468436 7.832363089183526e-11
3152.764110061562 7.162082944727933e-11
3156.0563084762807 1.4632413434023274e-10
3159.348506890999 -3.115074820023794e-11
3162.6407053057173 -8.228658071760452e-11
3165.932903720436 2.2919757484852684e-11
3169.2251021351544 9.380568979175524e-11
3172.5173005498727 -5.6996040994663457e-11
3175.8094989645915 6.256768559071175e-11
3179.10169737931 -1.3644880127424702e-11
3182.393895794028 -2.2610444145541625e-11
3185.686094208747 -6.590596507309124e-11
3188.978292623465 3.5575310331986104e-11
3192.270491038184 -1.8803236325947428e-11
3195.5626894529023 1.6205342568233122e-11
3198.8548878676206 -2.305913518063798e-11
3202.1470862823394 -7.32355630194054e-12
3205.4392846970577 3.464634940691766e-12
3208.731483111776 -7.910400436956811e-12
3212.023681526495 5.761355516002361e-12
3215.315879941213 -6.8095384617766306e-12
3218.608078355932 8.630937888393739e-13
3221.90027677065 -5.5818292874361494e-12
3225.1924751853685 -2.0131642532962533e-12
3228.4846736000873 1.888877905262836e-12
3231.7768720148056 3.3225902280591936e-14
3235.069070429524 -1.612719259943166e-12
3238.3612688442427 -1.3833340929948405e-12
3241.653467258961 -2.753470990715699e-12
3244.9456656736793 -8.444235152380281e-13
3248.237864088398 -4.042086091675593e-12
3251.5300625031164 -3.276647954141234e-13
3254.8222609178347 -1.2535797196380065e-12
3258.1144593325535 -2.4967342634587787e-12
3261.4066577472718 3.1412810590975736e-13
3264.6988561619905 -1.0998945524786468e-12
3267.991054576709 -1.917828315713462e-12
3271.2832529914276 2.6139057452814227e-13
3274.575451406146 -4.1631827431106013e-13
3277.8676498208642 2.921425665387354e-13
3281.159848235583 -2.7959675981358885e-14
3284.4520466503013 5.494570293587531e-13
3287.7442450650196 1.2672722682009587e-13
3291.0364434797384 3.44489180739189e-13
3294.3286418944567 9.392326863457539e-14
3297.620840309175 -6.069024167984001e-13
3300.913038723894 -9.16984350794739e-14
3304.205237138612 -2.815037412650654e-13
3307.4974355533304 1.9953913862183653e-13
3310.789633968049 5.526642758192471e-14
3314.0818323827675 8.554955284514598e-14
3317.374030797486 -4.666169580245267e-14
3320.6662292122046 -9.834625234225508e-14
3323.958427626923 8.48812778269893e-14
3327.250626041641 5.0677070434380725e-14
3330.54282445636 -9.314112104107749e-14
3333.8350228710783 -2.6783825900551587e-14
3337.127221285797 3.696943160333962e-15
3340.4194197005154 -3.051695054742148e-14
3343.711618115234 8.421007295502835e-14
3347.0038165299525 -2.1958155110201435e-14
3350.296014944671 5.449672588963283e-14
3353.5882133593896 2.166107749932768e-14
3356.880411774108 1.0277526993077367e-14
3360.172610188826 4.51977768960619e-14
3363.464808603545 1.682584775299661e-14
3366.7570070182633 -1.2935035638447771e-14
3370.0492054329816 -3.4888605104507586e-15
3373.3414038477003 -7.896195095287618e-15
3376.6336022624187 -1.5985126902334943e-14
3379.925800677137 6.0354996729684674e-15
3383.2179990918557 8.752007788944108e-15
3386.510197506574 -4.479317717401619e-15
3389.8023959212924 -6.395332559403718e-15
3393.094594336011 4.1955797760666526e-16
3396.3867927507295 -3.0826925716241074e-16
3399.678991165448 5.538152273586657e-15
3402.9711895801665 1.165100659545836e-14
3406.2633879948853 -8.253282968861052e-15
3409.5555864096036 -6.44009731921536e-15
3412.847784824322 3.4146829669916856e-15
3416.1399832390407 -1.0993126707899954e-14
3419.432181653759 -4.932562156264029e-15
3422.7243800684773 7.36710149972329e-15
3426.016578483196 9.643695722064347e-15
3429.3087768979144 -1.7128846915598311e-15
3432.6009753126327 -6.729899764625174e-15
3435.8931737273515 4.0435013580941786e-16
3439.18537214207 4.1608819700935845e-15
3442.477570556788 3.619840842574413e-15
3445.769768971507 -5.439558582045384e-15
3449.061967386225 -2.842734504847359e-15
3452.3541658009435 3.195858811195166e-16
3455.6463642156623 1.0729472221457043e-15
3458.9385626303806 1.009106003275326e-15
3462.2307610450994 -3.950076339957045e-15
3465.5229594598177 2.2620278866936313e-15
3468.8151578745365 -1.2070923572319e-16
3472.1073562892548 -1.0923265468288136e-15
3475.399554703973 -1.4348542090085106e-15
3478.691753118692 2.466417216993985e-15
3481.98395153341 2.298604717259894e-15
3485.2761499481285 1.1671994218758627e-15
3488.5683483628472 9.411711849748362e-16
3491.8605467775656 -1.3562285074747866e-15
3495.152745192284 1.9964280120738344e-15
3498.4449436070026 2.672922708347827e-16
3501.737142021721 1.2319337655483189e-15
3505.0293404364393 5.32874612456315e-16
3508.321538851158 8.221633720959062e-16
3511.6137372658764 9.869147444599504e-16
3514.9059356805947 -2.5608416920849005e-16
3518.1981340953134 8.023679118286193e-16
3521.4903325100317 -1.0329182228662131e-16
3524.7825309247505 -6.39800891105905e-17
3528.074729339469 -2.34201372456123e-16
3531.3669277541876 -7.3444923778282485e-16
3534.659126168906 6.74687214377734e-16
3537.9513245836242 4.061211201064615e-17
3541.243522998343 -6.4326770284035e-16
3544.5357214130613 4.316493240076791e-16
3547.8279198277796 -2.5362081685877275e-16
3551.1201182424984 1.6065433561272292e-16
3554.4123166572167 9.481556854912108e-17
3557.704515071935 -1.4128754755365053e-16
3560.996713486654 -4.52806296072898e-16
3564.288911901372 5.572832513295398e-16
3567.5811103160904 -3.091125478778919e-16
3570.873308730809 -2.0708813697003791e-16
3574.1655071455275 -1.924734844644951e-16
3577.457705560246 1.4444295288449864e-16
3580.7499039749646 3.3873177865290064e-17
3584.042102389683 4.429127019696342e-16
3587.3343008044017 -2.1421589321396944e-17
3590.62649921912 -3.449424827301058e-16
3593.9186976338383 5.64845767839824e-17
3597.210896048557 -4.38503295134242e-16
3600.5030944632754 4.0423906680839673e-16
3603.795292877994 -1.1253837748372663e-16
3607.0874912927125 1.31933293129283e-16
3610.3796897074308 4.653174997144292e-16
3613.6718881221495 7.199410610746977e-16
3616.964086536868 8.682466796391433e-17
3620.256284951586 3.246905705311598e-17
3623.548483366305 2.0083213948685455e-16
3626.8406817810232 -1.1230610574611099e-17
3630.1328801957416 7.123804841948602e-18
3633.4250786104603 4.52495897296361e-16
3636.7172770251786 -1.4058321276359245e-16
3640.009475439897 -1.0418091025492946e-16
3643.3016738546157 1.6720914829049263e-16
3646.593872269334 2.259392858180189e-16
3649.8860706840524 2.006995750848421e-16
3653.178269098771 -9.858714008978016e-17
3656.4704675134894 -3.4384065875695944e-16
3659.762665928208 2.866569929846637e-16
3663.0548643429265 -1.5228591004862968e-16
3666.3470627576453 1.0925440645266513e-16
3669.6392611723636 7.402952868997237e-17
3672.931459587082 1.1428972368644303e-16
3676.2236580018007 -3.245511856963095e-17
3679.515856416519 1.7324195002190183e-17
3682.8080548312373 3.129929036913358e-16
3686.100253245956 1.657911378259799e-16
3689.3924516606744 -5.3750855492847795e-17
3692.6846500753927 -7.880690575737544e-17
3695.9768484901115 -4.1358585852223973e-17
3699.26904690483 9.815273353745842e-17
3702.561245319548 -3.090220377703947e-17
3705.853443734267 8.572708142944999e-17
3709.145642148985 -1.2424220248788364e-16
3712.4378405637035 4.717675225065854e-17
3715.7300389784223 8.652921610169329e-18
3719.0222373931406 2.0815897622155829e-16
3722.3144358078594 -4.750678597774925e-17
3725.6066342225777 1.244274917097519e-16
3728.8988326372964 -6.6139282607272615e-18
3732.1910310520148 -3.592615529505922e-17
3735.483229466733 -3.8524250655915693e-17
3738.775427881452 -2.5591496135274062e-17
3742.06762629617 6.846653589670564e-17
3745.3598247108885 -2.6512146565027372e-17
3748.6520231256072 -2.0112044526761268e-16
3751.9442215403255 3.0629826242101184e-17
3755.236419955044 5.847601587153204e-17
3758.5286183697626 1.4530206454592927e-17
3761.820816784481 1.8386256497464462e-17
3765.1130151991993 3.5226325152777986e-17
3768.405213613918 6.609459233482488e-17
3771.6974120286363 3.643174283766947e-17
3774.9896104433546 -4.696612095478838e-17
3778.2818088580734 -1.460244473088002e-17
3781.574007272792 -8.347688136754265e-19
3784.86620568751 6.353899701603721e-17
3788.158404102229 2.187423518845425e-17
3791.4506025169476 9.828935860135031e-17
3794.742800931666 1.43553738439993e-17
3798.034999346384 5.999948019408845e-17
3801.327197761103 4.840292461375366e-17
3804.6193961758213 3.607869909016771e-17
3807.9115945905396 -9.09364822505155e-18
3811.2037930052584 1.4219936208883992e-17
3814.4959914199767 1.0302934267897222e-16
3817.788189834695 8.079129349224688e-17
3821.0803882494138 5.654125101526714e-17
3824.372586664132 3.893219187173549e-17
3827.6647850788504 6.457170530429631e-17
3830.956983493569 2.8644042805938724e-17
3834.2491819082875 7.038661376770573e-17
3837.541380323006 4.145839359426624e-17
3840.8335787377246 1.41270113143707e-16
3844.1257771524433 1.858962105177159e-17
3847.417975567161 1.3196967250925212e-16
3850.71017398188 4.05025629379341e-18
3854.0023723965987 -6.85363862969162e-18
3857.2945708113166 3.836268317927318e-18
3860.5867692260354 2.2293534537680125e-17
3863.878967640754 -2.1800496293573704e-17
3867.1711660554724 8.260681102743293e-18
3870.4633644701908 4.125204566096254e-17
3873.7555628849095 -2.9901775522748592e-18
3877.047761299628 -9.954006738512578e-17
3880.339959714346 3.23690119036476e-17
3883.632158129065 3.6565792030352814e-17
3886.9243565437832 -2.4038473235741954e-17
3890.2165549585015 -4.039027404635348e-17
3893.5087533732203 -5.947998266872368e-17
3896.8009517879386 -1.0487175323145848e-16
3900.093150202657 -3.648224694469459e-17
3903.3853486173757 2.0394118474941133e-17
3906.677547032094 -7.439891946685784e-17
3909.9697454468123 6.036644321495242e-17
3913.261943861531 6.519530264831512e-17
3916.55414227625 1.3154070973230144e-16
3919.8463406909677 4.704584073698561e-17
3923.1385391056865 -1.298500604790608e-17
3926.4307375204053 4.794944495421781e-17
3929.7229359351236 5.266612854937519e-17
3933.015134349842 1.121379210815438e-16
3936.3073327645607 3.070124414236401e-17
3939.599531179279 1.4312491656858784e-17
3942.8917295939973 8.627077466258319e-17
3946.183928008716 3.2923738349430095e-17
3949.4761264234344 6.027028819953466e-17
3952.7683248381527 1.6498384763252126e-17
3956.0605232528715 7.486586016178565e-17
3959.35272166759 1.5573340293085176e-16
3962.644920082308 1.0772273914920367e-16
3965.937118497027 2.338166036342887e-16
3969.229316911745 1.4217618616565018e-16
3972.5215153264635 1.9955722181784219e-16
3975.8137137411823 1.9976931031350034e-16
3979.105912155901 1.59789897955578e-16
3982.398110570619 5.985805904587822e-17
3985.6903089853377 1.7429755747550253e-16
3988.9825074000564 9.0937373756357e-17
3992.2747058147747 1.2718538012517388e-16
3995.566904229493 1.5773833252398485e-16
3998.859102644212 1.6333006043593124e-16
4002.15130105893 1.648531012994658e-16
4005.4434994736484 1.2936259350001646e-16
4008.735697888367 2.0935804328963418e-16
4012.0278963030855 1.312291584734941e-16
4015.320094717804 1.139956487019938e-16
4018.6122931325226 3.213403573033611e-17
4021.904491547241 4.3349533319716364e-17
4025.1966899619592 1.4580564357250197e-16
4028.488888376678 1.2417001906711215e-16
4031.7810867913963 1.2836902554926827e-16
4035.0732852061146 1.4645719380298612e-16
4038.3654836208334 6.44305306023631e-17
4041.657682035552 8.862926397812974e-17
4044.94988045027 1.4121986530297256e-16
4048.242078864989 1.8966687867364823e-16
4051.5342772797076 1.2647672238835184e-16
4054.826475694426 1.6239337042610925e-16
4058.118674109144 7.005339876400561e-17
4061.410872523863 8.369276354085747e-17
4064.7030709385813 1.304510819651564e-16
4067.9952693532996 1.1628779047826604e-16
4071.2874677680184 8.8294291452213e-17
4074.5796661827367 1.1954784461574022e-16
4077.871864597455 1.3301575283630034e-16
4081.1640630121738 1.259360825239989e-16
4084.456261426892 1.3230339625370102e-16
4087.7484598416104 8.194881636446439e-17
4091.040658256329 1.0240051409199915e-16
4094.3328566710475 8.406959736337828e-17
4097.625055085766 8.496621239074436e-17
4100.917253500485 9.756666551827878e-17
4104.209451915203 6.696424645239052e-17
4107.501650329921 6.51839600893748e-17
4110.79384874464 7.723934997470053e-17
4114.086047159359 9.075564982707977e-17
4117.378245574077 7.985530854654388e-17
4120.670443988795 1.0529451001393887e-16
4123.962642403514 1.646689695675032e-16
4127.254840818232 1.131618935952201e-16
4130.547039232951 1.2232773003423659e-16
4133.8392376476695 1.1319321925069747e-16
4137.131436062387 1.388735083529115e-16
4140.423634477106 1.321338798349208e-16
4143.715832891825 1.150506020387454e-16
4147.008031306543 1.4504185516702835e-16
4150.3002297212615 1.2831851576223727e-16
4153.59242813598 9.85116127947563e-17
4156.884626550698 1.4751565945581544e-16
4160.176824965417 8.493311160993073e-17
4163.469023380136 1.0611257402808367e-16
4166.7612217948545 1.480656565762165e-16
4170.053420209572 1.1919506520818229e-16
4173.345618624291 9.843734685105726e-17
4176.63781703901 9.731607247403171e-17
4179.930015453728 1.3161570047854575e-16
4183.2222138684465 1.5922209356683374e-16
4186.514412283165 1.279242336174288e-16
4189.806610697884 1.3438854469579868e-16
4193.098809112602 1.0248217999700903e-16
4196.391007527321 1.4630335088998126e-16
4199.683205942039 1.472226205337508e-16
4202.975404356757 1.4235461998392836e-16
4206.267602771476 1.5615555060528057e-16
4209.559801186195 1.8425034116194133e-16
4212.851999600913 1.6356269759098677e-16
4216.144198015631 1.497838852852621e-16
4219.43639643035 1.3061747870095033e-16
4222.728594845068 1.81576096112283e-16
4226.020793259787 1.1575954701978242e-16
4229.312991674506 1.546209356196726e-16
4232.6051900892235 1.4889634372971472e-16
4235.897388503942 1.8970563918802826e-16
4239.189586918661 1.5717025652297168e-16
4242.481785333379 1.4884534599055355e-16
4245.773983748098 1.2948644246760553e-16
4249.066182162816 7.473068067879786e-17
4252.358380577534 8.799530274686436e-17
4255.650578992253 1.272360265382285e-16
4258.942777406972 7.969687366465856e-17
4262.23497582169 2.0734762227308725e-17
4265.527174236408 7.081278578087482e-17
4268.819372651127 1.266956389164728e-16
4272.111571065845 1.0458198034574146e-16
4275.403769480564 1.4702566327360277e-16
4278.695967895283 1.6227895256556555e-16
4281.98816631 1.4515231012578356e-16
4285.280364724719 1.247369309431011e-16
4288.572563139438 1.8251472194224018e-16
4291.864761554156 1.5133470843547864e-16
4295.156959968875 1.334699394956521e-16
4298.449158383593 1.3069278932267786e-16
4301.741356798312 1.779613686060465e-16
4305.03355521303 7.409544762967531e-17
4308.325753627749 1.4800801696750353e-16
4311.617952042468 1.206939415563212e-16
4314.910150457186 1.3547163465780835e-16
4318.202348871904 1.716003326955996e-16
4321.494547286623 1.689424748666588e-16
4324.786745701342 1.3942232908771422e-16
4328.07894411606 1.140847436507063e-16
4331.371142530778 1.0172428567117787e-16
4334.663340945497 1.0947964850213754e-16
4337.955539360215 1.0092712868561785e-16
4341.247737774934 1.3457743615413154e-16
4344.5399361896525 1.893928830337238e-16
4347.83213460437 1.5332231443531458e-16
4351.124333019089 1.1266824961470725e-16
4354.416531433808 1.3171129458582075e-16
4357.708729848526 1.2286166253024896e-16
4361.0009282632445 1.268548833105463e-16
4364.293126677963 1.246938261472877e-16
4367.585325092681 1.4443063082064569e-16
4370.8775235074 1.3844319391936763e-16
4374.169721922119 1.6756488719752592e-16
4377.461920336837 1.418684861640612e-16
4380.754118751555 1.2468955893724296e-16
4384.046317166274 1.5820345686108603e-16
4387.338515580992 1.63271627545137e-16
4390.630713995711 1.5798279630929655e-16
4393.9229124104295 1.549602831667077e-16
4397.215110825147 1.4032667519558762e-16
4400.507309239866 1.2757827696506547e-16
4403.799507654585 1.5912728142985903e-16
4407.091706069303 1.4318986463868486e-16
4410.3839044840215 1.6908216498621104e-16
4413.67610289874 1.4110323891546601e-16
4416.968301313458 1.3152405660000324e-16
4420.260499728177 1.1913164255895705e-16
4423.552698142896 1.6987699489618596e-16
4426.844896557614 1.5391240412293876e-16
4430.137094972332 1.6687194772355513e-16
4433.429293387051 1.3030503573315847e-16
4436.72149180177 1.3282058038487915e-16
4440.013690216488 6.92838155024013e-17
4443.3058886312065 1.3952995725514887e-16
4446.598087045925 1.3594287807548551e-16
4449.890285460644 1.483539470766129e-16
4453.182483875362 1.6425651249020673e-16
4456.474682290081 1.4946896780626327e-16
4459.766880704799 1.299025527373046e-16
4463.059079119517 1.437376703829992e-16
4466.351277534236 1.4305040957401063e-16
4469.643475948955 1.3359247889025845e-16
4472.935674363673 1.499623565504791e-16
4476.227872778391 1.670863704546471e-16
4479.52007119311 1.424252761651908e-16
4482.812269607828 1.687219885983066e-16
4486.104468022547 1.1737974999194752e-16
4489.396666437266 1.3843967436092058e-16
4492.688864851983 1.6818704701679816e-16
4495.981063266702 1.1088006252529219e-16
4499.273261681421 1.4318787588311512e-16
4502.565460096139 1.587152420205038e-16
4505.857658510858 1.4510520474983224e-16
4509.149856925576 1.5294257280129372e-16
4512.442055340294 1.2395886916818123e-16
4515.734253755013 1.6968280091971998e-16
4519.026452169732 1.482021874211811e-16
4522.31865058445 1.453408402124817e-16
4525.610848999168 1.3029469325441067e-16
4528.903047413887 1.0732534128726112e-16
4532.195245828605 1.3805678114939103e-16
4535.487444243324 1.3655263121332774e-16
4538.779642658043 1.5143848605264547e-16
4542.07184107276 1.6932272613786812e-16
4545.364039487479 1.7907477018934441e-16
4548.656237902198 1.796676601815281e-16
4551.948436316916 1.891220457535937e-16
4555.240634731635 1.6868351595191414e-16
4558.532833146353 2.1277903988317054e-16
4561.825031561072 2.103016506206352e-16
4565.11722997579 1.8837621503664883e-16
4568.409428390509 1.7886286774430745e-16
4571.7016268052275 1.909779144114601e-16
4574.993825219946 1.6481842149042062e-16
4578.286023634664 1.7608284206696693e-16
4581.578222049383 1.33749291849714e-16
4584.870420464102 1.2050722701806448e-16
4588.16261887882 1.4899657412899154e-16
4591.454817293538 1.37926088816836e-16
4594.747015708257 1.321862759418919e-16
4598.039214122975 1.0459094366136338e-16
4601.331412537694 1.0456080671146278e-16
4604.6236109524125 8.430461436133703e-17
4607.91580936713 1.0269840160750411e-16
4611.208007781849 9.942080072634755e-17
4614.500206196568 9.952562507651159e-17
4617.792404611286 1.1592156314046543e-16
4621.0846030260045 1.0393461040257421e-16
4624.376801440723 1.3554721962954753e-16
4627.668999855441 1.0391122305036361e-16
4630.96119827016 8.994035108982004e-17
4634.253396684879 1.058673749640541e-16
4637.5455950995965 1.071395852225266e-16
4640.837793514315 6.975390627646463e-17
4644.129991929034 6.527176874079412e-17
4647.422190343752 2.8937257821653464e-17
4650.714388758471 4.2207729482473666e-17
4654.0065871731895 2.5448258873153823e-17
4657.298785587907 2.0646331516955937e-17
4660.590984002626 4.337542887377559e-17
4663.883182417345 2.965938651914187e-17
4667.175380832063 9.646985367565614e-17
4670.4675792467815 3.257701170316992e-17
4673.7597776615 7.066518521501882e-17
4677.051976076218 6.42698525447311e-17
4680.344174490937 1.2046366960595606e-16
4683.636372905656 1.4432887964119088e-16
4686.928571320374 1.1853453893741289e-16
4690.220769735092 1.5228998749278822e-16
4693.512968149811 1.2381666006896902e-16
4696.80516656453 1.3533250349724824e-16
4700.097364979248 1.2579905559081315e-16
4703.3895633939665 1.4134737779121604e-16
4706.681761808685 1.8988689811782672e-16
4709.973960223404 1.2073848009677585e-16
4713.266158638122 1.2941398526406713e-16
4716.558357052841 1.1199901431322095e-16
4719.850555467559 1.0207881257279349e-16
4723.142753882277 6.793383370870914e-17
4726.434952296996 1.0803674765651281e-16
4729.727150711715 8.32824538269103e-17
4733.019349126433 7.900417391556625e-17
4736.311547541151 6.363498033203935e-17
4739.60374595587 8.303401470554202e-17
4742.895944370588 1.399417828604304e-16
4746.188142785307 1.6040568771822907e-16
4749.480341200026 1.2365968742572365e-16
4752.772539614743 1.4301406648950903e-16
4756.064738029462 1.1760543522414436e-16
4759.356936444181 1.4800186404031775e-16
4762.649134858899 2.208987070630048e-16
4765.941333273618 2.355940494575881e-16
4769.233531688336 1.8304099230837793e-16
4772.525730103054 2.0187428004013175e-16
4775.817928517773 1.9161881871779247e-16
4779.110126932492 1.4340931120156924e-16
4782.40232534721 1.4612621204912866e-16
4785.694523761928 1.3985443148081982e-16
4788.986722176647 1.2772936522314777e-16
4792.278920591365 1.3972324094898812e-16
4795.571119006084 1.6617935314496579e-16
4798.863317420803 1.4416598234623392e-16
4802.15551583552 1.4754417722030694e-16
4805.447714250239 1.598895643263994e-16
4808.739912664958 1.5761971999281783e-16
4812.032111079676 1.6922111741910647e-16
4815.3243094943955 1.670551561546721e-16
4818.616507909113 1.8670817348526828e-16
4821.908706323831 2.009989534006474e-16
4825.200904738551 2.0193354883077185e-16
4828.493103153269 1.975980987998525e-16
4831.785301567987 2.0374177360865825e-16
4835.077499982706 2.1533359633002408e-16
4838.369698397424 2.1450385795272634e-16
4841.661896812143 2.1046291695978775e-16
4844.954095226862 2.1064624850101002e-16
4848.2462936415795 1.9423646886913015e-16
4851.538492056298 2.1367057422429897e-16
4854.830690471017 2.265865147869665e-16
4858.122888885735 2.1606934470425365e-16
4861.415087300454 2.3697996489160717e-16
4864.7072857151725 2.1807138323672532e-16
4867.99948412989 1.9132292718116516e-16
4871.291682544609 1.7629099406875588e-16
4874.583880959328 2.18908464146421e-16
4877.876079374046 2.1716833634041703e-16
4881.1682777887645 2.326658236746452e-16
4884.460476203483 2.1148939943229575e-16
4887.752674618201 2.499751184707355e-16
4891.04487303292 2.1621639034192044e-16
4894.337071447639 2.4757850732851815e-16
4897.6292698623565 2.1614391206198494e-16
4900.921468277075 2.1475905277391073e-16
4904.213666691794 2.346020801946578e-16
4907.505865106512 2.370196526421822e-16
4910.798063521231 2.2795094427362577e-16
4914.0902619359495 2.1918760921509203e-16
4917.382460350667 2.5576367208926874e-16
4920.674658765386 2.299036001974184e-16
4923.966857180105 2.1751297063487212e-16
4927.259055594823 2.253492760587587e-16
4930.5512540095415 2.2276723728922517e-16
4933.84345242426 2.1322822487901057e-16
4937.135650838978 2.1795845819648586e-16
4940.427849253698 2.335799230876135e-16
4943.720047668416 1.8457776995653807e-16
4947.0122460831335 1.8738563897082075e-16
4950.304444497853 2.0897052175369464e-16
4953.596642912571 1.7047995899085365e-16
4956.888841327289 1.7355091894136088e-16
4960.181039742009 1.7134010608667155e-16
4963.473238156726 1.576707588430957e-16
4966.765436571444 1.871236304670724e-16
4970.057634986164 1.7232795757754782e-16
4973.349833400882 1.7089472647902302e-16
4976.642031815601 1.6020335717146695e-16
4979.934230230319 1.252307825705816e-16
4983.226428645037 1.3920109066769562e-16
4986.518627059756 1.5510091781683576e-16
4989.810825474475 1.8064925660427529e-16
4993.103023889193 1.9079835700926387e-16
4996.395222303911 1.7411875118185564e-16
4999.68742071863 1.8191306179130718e-16
5002.979619133348 1.7709804912163367e-16
5006.271817548067 1.553066447419363e-16
5009.564015962786 1.6974739215588588e-16
5012.856214377503 1.872433235952993e-16
5016.148412792222 1.6700651382543047e-16
5019.440611206941 1.695736797595694e-16
5022.732809621659 1.6427275340198704e-16
5026.025008036378 1.7794252284099908e-16
5029.317206451096 1.7857154228968286e-16
5032.609404865814 1.758114235977134e-16
5035.901603280533 1.6350668906817186e-16
5039.193801695252 1.4738419540998674e-16
5042.48600010997 1.6884401811732588e-16
5045.778198524688 1.3919074648264357e-16
5049.070396939407 1.4808132974448693e-16
5052.362595354125 1.543108043334227e-16
5055.654793768844 1.623455317536245e-16
5058.9469921835625 1.8402838042062147e-16
5062.23919059828 1.5293350403109657e-16
5065.531389012999 1.4952152207939806e-16
5068.823587427718 1.8929000478005117e-16
5072.115785842436 1.774198328280539e-16
5075.4079842571555 1.6842794896634368e-16
5078.700182671873 1.9604143221268494e-16
5081.992381086591 1.8096118137956268e-16
5085.284579501311 1.451226805817914e-16
5088.576777916029 1.6091376059427628e-16
5091.868976330747 1.959545837551726e-16
5095.161174745466 1.9175133204765633e-16
5098.453373160184 2.0176409972948752e-16
5101.745571574903 2.038365722229992e-16
5105.037769989622 1.7524338707236296e-16
5108.3299684043395 1.6962754119125654e-16
5111.622166819058 1.6495275850670546e-16
5114.914365233777 1.868224740618065e-16
5118.206563648495 1.753232442062812e-16
5121.498762063214 1.7551449272802246e-16
5124.7909604779325 1.9093167915901407e-16
5128.08315889265 2.0284672192763562e-16
5131.375357307369 1.7669899255274e-16
5134.667555722088 1.6784186546286797e-16
5137.959754136806 1.6887371772391266e-16
5141.2519525515245 1.9793224895098463e-16
5144.544150966243 2.0493078281645926e-16
5147.836349380961 2.2046382617376841e-16
5151.12854779568 1.96160325895835e-16
5154.420746210399 2.0782910860645816e-16
5157.7129446251165 1.8529561886415372e-16
5161.005143039835 1.661477058336401e-16
5164.297341454554 2.2120964152907376e-16
5167.589539869272 1.6694018679401852e-16
5170.881738283991 1.374057751616209e-16
5174.173936698709 1.6573182356952588e-16
5177.466135113427 1.6676290259074227e-16
5180.758333528146 1.7125772145537332e-16
5184.050531942865 2.0537169520066478e-16
5187.342730357583 1.8284448696792615e-16
5190.6349287723015 1.6283227833982118e-16
5193.92712718702 1.9527920249173408e-16
5197.219325601738 2.0933129353671837e-16
5200.511524016458 2.1813544501967783e-16
5203.803722431176 2.0882716393840432e-16
5207.0959208458935 2.0335720867781072e-16
5210.388119260613 1.9899064637532664e-16
5213.680317675331 1.8546658758326654e-16
5216.972516090049 1.7566969844886185e-16
5220.264714504769 2.0655229867837378e-16
5223.556912919486 2.0569120803678817e-16
5226.849111334204 1.8118659202186047e-16
5230.141309748924 2.0651519842629865e-16
5233.433508163642 1.9864957784514907e-16
5236.725706578361 1.853503408638405e-16
5240.017904993079 1.7241373749716436e-16
5243.310103407797 1.4952349142094357e-16
5246.602301822516 1.8402158193457294e-16
5249.894500237235 2.001296838218363e-16
5253.186698651953 1.9555995577552874e-16
5256.478897066671 1.7843892914722055e-16
5259.77109548139 1.9284729575852073e-16
5263.063293896108 2.0522258410891242e-16
5266.355492310827 1.9508181959684768e-16
5269.6476907255455 2.20578177501488e-16
5272.939889140263 2.2521902004441866e-16
5276.232087554982 2.0278957542704878e-16
5279.524285969701 2.2411041276264067e-16
5282.816484384419 2.667477497290328e-16
5286.108682799138 2.856866211999988e-16
5289.400881213856 2.609456499558399e-16
5292.693079628574 2.528260788157139e-16
5295.985278043293 2.15746243820346e-16
5299.277476458012 2.0231859164426426e-16
5302.56967487273 2.4336842588548383e-16
5305.861873287448 2.4051163109224477e-16
5309.154071702167 2.435754299108535e-16
5312.446270116885 2.317999133355404e-16
5315.738468531604 2.2359756241722647e-16
5319.0306669463225 2.1032390878375136e-16
5322.32286536104 2.2752085566309507e-16
5325.61506377576 2.2121213656722785e-16
5328.907262190478 1.781849557134124e-16
5332.199460605196 2.337009066880886e-16
5335.4916590199155 2.248248957827665e-16
5338.783857434633 1.9308081879601953e-16
5342.076055849351 2.0891135776409634e-16
5345.368254264071 2.1911257943522776e-16
5348.660452678789 2.175723242587577e-16
5351.952651093507 1.9567323083835036e-16
5355.244849508226 2.0777171901727114e-16
5358.537047922944 2.1666586185281884e-16
5361.829246337663 1.915626498874447e-16
5365.121444752382 2.338367524726727e-16
5368.4136431670995 2.1562157237091305e-16
5371.705841581818 2.1523443937803816e-16
5374.998039996537 2.298690102867634e-16
5378.290238411255 2.166594175469988e-16
5381.582436825974 1.8457795943250945e-16
5384.874635240692 2.0336624425584337e-16
5388.16683365541 2.24742376919645e-16
5391.459032070129 2.2357422386967807e-16
5394.751230484848 2.3231043487254694e-16
5398.043428899566 2.2854987934431455e-16
5401.3356273142845 2.1045130044217198e-16
5404.627825729003 1.9664412932637192e-16
5407.920024143721 1.9624535958415016e-16
5411.21222255844 1.984582378040552e-16
5414.504420973159 2.0699927723978934e-16
5417.7966193878765 2.1243163493662312e-16
5421.088817802595 1.952630433325086e-16
5424.381016217314 1.82818970817332e-16
5427.673214632032 1.93536093224243e-16
5430.965413046751 2.0942121753048258e-16
5434.257611461469 2.1151887190723356e-16
5437.549809876187 1.8086219820101367e-16
5440.842008290906 1.681849132270428e-16
5444.134206705625 1.812496110981602e-16
5447.426405120343 1.980845564224321e-16
5450.718603535061 2.298200669320043e-16
5454.01080194978 1.6526102286941598e-16
5457.303000364498 1.9347379941795567e-16
5460.595198779218 1.8143695350250007e-16
5463.887397193936 1.9765930147293798e-16
5467.1795956086535 2.0782955390902265e-16
5470.471794023373 1.8204588587698266e-16
5473.763992438091 1.8566724415401452e-16
5477.056190852809 1.9022786909654056e-16
5480.348389267529 1.707313233383887e-16
5483.640587682246 1.795617782497663e-16
5486.932786096965 1.874429459266054e-16
5490.224984511684 1.949700396276374e-16
5493.517182926402 2.162225321142031e-16
5496.809381341121 1.9017274094995347e-16
5500.101579755839 1.993472156810088e-16
5503.393778170557 2.0191059627957834e-16
5506.685976585276 2.1494318014270323e-16
5509.978174999995 1.9775419880138444e-16
5513.270373414713 1.7641734609725883e-16
5516.562571829431 1.9524129537522352e-16
5519.85477024415 2.3524548429075503e-16
5523.146968658868 1.9857343156092192e-16
5526.439167073587 1.9811572144862103e-16
5529.7313654883055 1.9994689791253416e-16
5533.023563903023 1.9856947894883482e-16
5536.315762317742 1.8794811863246598e-16
5539.607960732461 2.0876505156139956e-16
5542.900159147179 2.5657615053757515e-16
5546.192357561898 2.3072290006771764e-16
5549.484555976616 1.8100609372592825e-16
5552.776754391334 2.1789245532741517e-16
5556.068952806053 2.326946960433964e-16
5559.361151220772 1.9028356670655074e-16
5562.65334963549 2.2245549806620944e-16
5565.945548050208 1.9937541208534472e-16
5569.237746464927 2.1007485929684377e-16
5572.529944879645 1.9531818058246005e-16
5575.822143294364 2.3762331087568777e-16
5579.1143417090825 2.2178600725339679e-16
5582.4065401238 2.0256895581213595e-16
5585.69873853852 2.1568462104338068e-16
5588.990936953238 2.0046738275537852e-16
5592.283135367956 2.013260695949623e-16
5595.575333782675 1.9947031723612229e-16
5598.867532197393 2.310234663458496e-16
5602.159730612111 2.2448618161788067e-16
5605.451929026831 1.8668922735775672e-16
5608.744127441549 1.9629329424747928e-16
5612.036325856267 1.8923756611245428e-16
5615.328524270986 1.8794566574658643e-16
5618.620722685704 1.8747106363756163e-16
5621.912921100423 1.9767229337711972e-16
5625.205119515142 2.355923312272795e-16
5628.4973179298595 2.089825550160695e-16
5631.789516344578 1.887289703105319e-16
5635.081714759297 2.025150644999175e-16
5638.373913174015 2.260817283519893e-16
5641.666111588734 2.3234713040875187e-16
5644.958310003452 1.8717361211480374e-16
5648.25050841817 1.9290108850609514e-16
5651.542706832889 1.9357067326133388e-16
5654.834905247608 1.747864153178735e-16
5658.127103662326 1.8579010448572206e-16
5661.419302077044 1.8093496438032792e-16
5664.711500491763 1.6263084780365047e-16
5668.003698906481 1.867815951643638e-16
5671.2958973212 2.0236269744842374e-16
5674.588095735919 1.9421858612269531e-16
5677.8802941506365 2.22519732206393e-16
5681.172492565355 2.0267482982093658e-16
5684.464690980074 2.2930375838365873e-16
5687.756889394792 2.284688507596417e-16
5691.049087809511 2.5024651373379656e-16
5694.341286224229 1.9537294805975866e-16
5697.633484638947 2.1868342325624953e-16
5700.925683053666 2.225689846449913e-16
5704.217881468385 2.205709005090928e-16
5707.510079883103 2.0668422848646705e-16
5710.802278297821 2.1992020181297815e-16
5714.09447671254 2.0941970809839336e-16
5717.386675127258 1.8208285847801498e-16
5720.678873541978 2.057869854638909e-16
5723.971071956696 1.9887349399205164e-16
5727.2632703714135 1.8760729129383081e-16
5730.555468786133 1.9778912053746195e-16
5733.847667200851 1.8302959833339875e-16
5737.139865615569 1.8709905854928178e-16
5740.4320640302885 1.867416161931765e-16
5743.724262445006 1.4509544329756758e-16
5747.016460859725 1.9056228278718468e-16
5750.308659274444 1.8875238377376577e-16
5753.600857689162 1.9809672275116604e-16
5756.893056103881 2.0137468635251272e-16
5760.185254518599 1.9741363739963949e-16
5763.477452933317 1.6413328174162878e-16
5766.769651348036 1.8375703544842245e-16
5770.061849762755 2.0498380121325334e-16
5773.354048177473 1.7412418937196308e-16
5776.646246592191 1.8979918754049274e-16
5779.93844500691 2.0159068817065068e-16
5783.230643421628 2.2958798455804543e-16
5786.522841836347 2.2658614764815577e-16
5789.8150402510655 2.305166472533071e-16
5793.107238665783 2.4037765197469605e-16
5796.399437080502 2.5265933780553314e-16
5799.691635495221 2.6019941379448463e-16
5802.983833909939 2.397863067928624e-16
5806.2760323246575 2.1693882670136606e-16
5809.568230739376 2.262018291879763e-16
5812.860429154094 2.5975550823043035e-16
5816.152627568813 2.442984499103316e-16
5819.444825983532 2.248058866331914e-16
5822.73702439825 2.509564494249941e-16
5826.029222812968 2.490618543018276e-16
5829.321421227687 2.371200924425671e-16
5832.613619642405 2.374666749524295e-16
5835.905818057124 2.054962562140271e-16
5839.1980164718425 2.5079329263681656e-16
5842.49021488656 2.441067645875099e-16
5845.78241330128 2.219115606104538e-16
5849.074611715998 2.478284641366117e-16
5852.366810130716 2.0156416582905798e-16
5855.659008545435 2.262604927178602e-16
5858.951206960153 2.5283023503198763e-16
5862.243405374871 2.3802462924465624e-16
5865.535603789591 2.43014825254845e-16
5868.827802204309 2.4151084894307933e-16
5872.1200006190265 2.3886806328166953e-16
5875.412199033746 2.4960308938149015e-16
5878.704397448464 2.322306839995342e-16
5881.996595863183 2.24385161260563e-16
5885.288794277902 2.481886799134054e-16
5888.5809926926195 2.566194278006878e-16
5891.873191107338 2.0983455508116942e-16
5895.165389522057 2.1867744696344755e-16
5898.457587936775 2.1394661674581998e-16
5901.749786351494 2.4294655919137074e-16
5905.041984766212 2.412158632005678e-16
5908.33418318093 1.883619492241952e-16
5911.626381595649 1.7964637981367133e-16
5914.918580010368 2.0880305098454912e-16
5918.210778425086 2.1806665443026128e-16
5921.502976839804 2.258123258902949e-16
5924.795175254523 2.4391869587291326e-16
5928.087373669241 2.389910727466339e-16
5931.37957208396 2.245584260920425e-16
5934.671770498679 2.301361189555442e-16
5937.9639689133965 2.1543196817757925e-16
5941.256167328115 2.229418958813749e-16
5944.548365742834 2.42251297474408e-16
5947.840564157552 2.373934675072756e-16
5951.132762572271 2.275679972377644e-16
5954.424960986989 2.44871586186438e-16
5957.717159401707 2.3685380463450975e-16
5961.009357816426 2.1230331749005297e-16
5964.301556231145 1.9383918731045448e-16
5967.593754645863 1.8467718307423445e-16
5970.885953060581 1.4713843463046728e-16
5974.1781514753 8.333999066651661e-17
5977.470349890018 9.179011604788292e-17
5980.762548304738 1.2392826623907767e-16
5984.054746719456 9.781666122121005e-17
5987.346945134173 9.964008116126298e-17
5990.639143548893 1.2652041020514358e-16
5993.931341963611 2.0116011361949076e-16
5997.223540378329 2.5052167665429533e-16
6000.5157387930485 2.5204545137533023e-16
6003.807937207766 2.677857636801273e-16
6007.100135622485 2.493682132438143e-16
6010.392334037204 2.4476129783132426e-16
6013.684532451922 2.5211988720621155e-16
6016.9767308666405 2.2449298892053632e-16
6020.268929281359 2.282625445765904e-16
6023.561127696077 2.489426122828367e-16
6026.853326110796 2.498364677085555e-16
6030.145524525515 2.688263953006005e-16
6033.437722940233 2.514970205918266e-16
6036.729921354951 2.497013306432199e-16
6040.02211976967 2.4141585829972514e-16
6043.314318184388 2.3958930328623507e-16
6046.606516599107 2.1613376172533715e-16
6049.8987150138255 1.638819221837232e-16
6053.190913428543 1.410497125718972e-16
6056.483111843262 1.1609849119242667e-16
6059.775310257981 9.454470901413503e-17
6063.067508672699 9.338286986511529e-17
6066.3597070874175 7.690741726091273e-17
6069.651905502136 7.342667504582451e-17
6072.944103916854 7.400901899093435e-17
6076.236302331573 6.927860774184431e-17
6079.528500746292 9.348735455763921e-17
6082.8206991610095 1.1271160485678922e-16
6086.112897575728 7.700095128807662e-17
6089.405095990447 1.4369041219990158e-16
6092.697294405165 2.2916368305531497e-16
6095.989492819884 2.37728291667434e-16
6099.2816912346025 2.2798577189717824e-16
6102.57388964932 2.5249262941835003e-16
6105.86608806404 2.492872121209243e-16
6109.158286478758 2.1836031613145728e-16
6112.450484893476 2.367331024061692e-16
6115.742683308195 2.5723643158113883e-16
6119.034881722913 2.381176694191451e-16
6122.327080137631 2.323821986628854e-16
6125.619278552351 2.360666755222057e-16
6128.911476967069 2.449108103037541e-16
6132.2036753817865 2.690464981386675e-16
6135.495873796506 2.9788117112810764e-16
6138.788072211224 2.837643150554263e-16
6142.080270625943 2.976274075077822e-16
6145.372469040662 2.815768028639247e-16
6148.6646674553795 2.5891215016947124e-16
6151.956865870098 2.848766199592418e-16
6155.249064284817 3.1367448925308175e-16
6158.541262699535 3.182685284909724e-16
6161.833461114254 2.7187827262738014e-16
6165.125659528972 3.1507828068641203e-16
6168.41785794369 3.1161444942759926e-16
6171.710056358409 2.910174811376021e-16
6175.002254773128 3.0311787987249835e-16
6178.294453187846 3.0176280038969865e-16
6181.586651602564 2.8443725736130853e-16
6184.878850017283 2.885804431381864e-16
6188.171048432001 3.1780281389197943e-16
6191.46324684672 3.0986602390003185e-16
6194.755445261439 2.841642590797798e-16
6198.047643676156 2.9084087933753246e-16
6201.339842090875 2.9279942957142577e-16
6204.632040505594 2.881561654372892e-16
6207.924238920312 2.824977951781669e-16
6211.216437335031 2.882046188487024e-16
6214.508635749749 2.6742709091457395e-16
6217.800834164467 2.5687868213318366e-16
6221.093032579186 2.867398297379503e-16
6224.385230993905 2.8179154702261186e-16
6227.677429408623 3.0030906365662457e-16
6230.969627823341 2.8639220447430645e-16
6234.26182623806 2.7305098461815064e-16
6237.554024652778 2.9237674948222525e-16
6240.846223067498 2.748534728773068e-16
6244.138421482216 2.67760883754825e-16
6247.430619896933 2.7758844854919395e-16
6250.722818311653 2.8546464687165973e-16
6254.015016726371 2.9798076143786814e-16
6257.307215141089 2.3899510288987047e-16
6260.5994135558085 2.761899765878801e-16
6263.891611970526 2.6360677132593225e-16
6267.183810385245 2.5852789594344117e-16
6270.476008799964 2.608099894325288e-16
6273.768207214682 2.8393014456599844e-16
6277.0604056294005 2.9948590057618885e-16
6280.352604044119 2.8050200695671224e-16
6283.644802458837 2.7200383743795104e-16
6286.937000873556 2.742464249521748e-16
6290.229199288275 2.9338765655299565e-16
6293.5213977029925 2.933252055428951e-16
6296.813596117711 2.909062783137944e-16
6300.10579453243 2.670459361910582e-16
6303.397992947148 2.91048167064228e-16
6306.690191361867 2.927545836713611e-16
6309.9823897765855 2.424510274906399e-16
6313.274588191303 2.7562863513953283e-16
6316.566786606022 3.009882394610265e-16
6319.858985020741 2.5639117702621694e-16
6323.151183435459 2.5532746648959566e-16
6326.4433818501775 2.647753204310348e-16
6329.735580264896 2.6644172726257513e-16
6333.027778679614 3.237804055639355e-16
6336.319977094333 2.8026706329641016e-16
6339.612175509052 2.6450538354539894e-16
6342.9043739237695 2.9008386484106703e-16
6346.196572338488 2.6912174433722185e-16
6349.488770753207 2.436616790444636e-16
6352.780969167925 2.579420426361955e-16
6356.073167582644 2.5344612174181604e-16
6359.3653659973625 2.6582867955806243e-16
6362.65756441208 2.931543633556061e-16
6365.9497628268 2.585109457091601e-16
6369.241961241518 2.4027696221966845e-16
6372.534159656236 2.8186971582281534e-16
6375.826358070955 2.808857090939858e-16
6379.118556485673 2.7939390993541865e-16
6382.410754900391 2.468935143610076e-16
6385.702953315111 2.600100588366205e-16
6388.995151729829 2.733757446015243e-16
6392.2873501445465 2.91143125445842e-16
6395.579548559266 2.389163591855704e-16
6398.871746973984 2.4524076067504176e-16
6402.163945388703 2.950074351535439e-16
6405.456143803422 2.7601738325278785e-16
6408.748342218139 2.6597230377721135e-16
6412.040540632858 2.507247200318414e-16
6415.332739047577 2.8161232708003124e-16
6418.624937462295 2.571320488416084e-16
6421.917135877014 2.686895700338386e-16
6425.209334291732 2.854713242426127e-16
6428.50153270645 2.765524772757655e-16
6431.793731121169 2.6471613240796907e-16
6435.085929535888 2.5158484957402724e-16
6438.378127950606 2.8429179400927975e-16
6441.670326365324 2.8777338335321216e-16
6444.962524780043 2.817740162240656e-16
6448.254723194761 3.198542374229971e-16
6451.54692160948 2.7200259126179496e-16
6454.839120024199 2.6179097251006264e-16
6458.131318438916 2.3855530112986164e-16
6461.423516853635 2.9402947404891e-16
6464.715715268354 2.8100884698473476e-16
6468.007913683072 2.3791390879379025e-16
6471.300112097791 2.8368892146917867e-16
6474.592310512509 2.768555741141266e-16
6477.884508927227 2.560137653838988e-16
6481.176707341946 2.71364324643422e-16
6484.468905756665 2.5890523854253424e-16
6487.761104171383 2.5707010382412397e-16
6491.053302586101 2.688374172423683e-16
6494.34550100082 2.7085309147077203e-16
6497.637699415538 2.591374696168909e-16
6500.929897830258 2.4095914145673646e-16
6504.222096244976 2.748967681813247e-16
6507.514294659693 2.7961477953025867e-16
6510.806493074413 2.541521064442581e-16
6514.098691489131 2.456496660196015e-16
6517.390889903849 2.3394481711945146e-16
6520.6830883185685 2.251110388658714e-16
6523.975286733286 2.3333510519843067e-16
6527.267485148005 2.4480409279612513e-16
6530.559683562724 2.567339745824148e-16
6533.851881977442 2.2572024866443014e-16
6537.1440803921605 2.197976504647049e-16
6540.436278806879 2.4191505952651843e-16
6543.728477221597 2.347618662098088e-16
6547.020675636316 2.1315306061348225e-16
6550.312874051035 2.261359701185584e-16
6553.6050724657525 2.4937531122133267e-16
6556.897270880471 2.2070611160481324e-16
6560.18946929519 1.9869876916641835e-16
6563.481667709908 2.2953312272544415e-16
6566.773866124627 2.279219983612044e-16
6570.0660645393455 1.9732426497468453e-16
6573.358262954063 1.8936722182957378e-16
6576.650461368782 1.672453904641713e-16
6579.942659783501 1.8940441670074393e-16
6583.234858198219 1.4822291968076846e-16
6586.5270566129375 1.4431627206726875e-16
6589.819255027656 1.2391166500150569e-16
6593.111453442374 8.279584409892679e-17
6596.403651857093 1.0136566722993814e-16
6599.695850271812 1.3284070844313062e-16
6602.9880486865295 9.184829211011324e-17
6606.280247101248 4.6035474103942524e-17
6609.572445515967 8.895346963802178e-17
6612.864643930685 1.279529525299429e-16
6616.156842345404 1.6775816355166612e-16
6619.449040760122 1.3034986770150487e-16
6622.74123917484 8.531854590380985e-17
6626.03343758956 5.1947579571517667e-17
6629.325636004278 5.559331776020906e-17
6632.617834418996 9.321926047877115e-17
6635.910032833715 1.0383340730381678e-16
6639.202231248433 8.586407718591748e-17
6642.494429663151 8.380036914566526e-17
6645.786628077871 1.1230702825153606e-16
6649.078826492589 1.8146245769469323e-16
6652.3710249073065 1.9860304380204353e-16
6655.663223322026 2.2057131678589534e-16
6658.955421736744 2.187384384747936e-16
6662.247620151463 2.1375703737620318e-16
6665.539818566182 2.38479570164976e-16
6668.832016980899 2.4975588545862223e-16
6672.124215395618 2.5132370054585066e-16
6675.416413810337 2.562796454472702e-16
6678.708612225055 2.5565607498897435e-16
6682.000810639774 2.7342511206216744e-16
6685.293009054492 2.657842742616648e-16
6688.58520746921 2.3415991918016926e-16
6691.877405883929 2.4704540329972173e-16
6695.169604298648 2.4889989193271176e-16
6698.461802713366 2.468058159375508e-16
6701.754001128084 2.2914129167156157e-16
6705.046199542803 2.648837356929398e-16
6708.338397957521 3.052896782927026e-16
6711.63059637224 2.833578549448454e-16
6714.922794786959 2.797291147722284e-16
6718.214993201676 2.9412352549615825e-16
6721.507191616395 2.5848346335240506e-16
6724.799390031114 2.5476024304023347e-16
6728.091588445832 2.2990101586944227e-16
6731.383786860551 2.348529259942429e-16
6734.675985275269 2.5188815337600837e-16
6737.968183689987 2.259631006531842e-16
6741.260382104706 2.210678347720732e-16
6744.552580519425 2.3767977454572305e-16
6747.844778934143 2.2293135768622734e-16
6751.136977348861 2.0104118757832392e-16
6754.42917576358 1.9034147481594954e-16
6757.721374178298 1.7777201858432736e-16
6761.013572593018 1.9704087030266225e-16
6764.3057710077355 2.0658301064631282e-16
6767.597969422453 1.7411979855883499e-16
6770.890167837173 1.90308757356144e-16
6774.182366251891 1.8920443044128757e-16
6777.474564666609 1.942770157872396e-16
6780.7667630813285 1.7980962366417307e-16
6784.058961496046 1.6534893503524378e-16
6787.351159910765 1.9974761463587248e-16
6790.643358325484 2.1642289371670378e-16
6793.935556740202 2.079514499119592e-16
6797.2277551549205 1.9440434128689534e-16
6800.519953569639 1.8853820520300951e-16
6803.812151984357 1.967939555866043e-16
6807.104350399076 1.8816951640111424e-16
6810.396548813795 2.1318373387815508e-16
6813.6887472285125 2.1129784032428474e-16
6816.980945643231 2.074950212719331e-16
6820.27314405795 2.118035398252129e-16
6823.565342472668 1.9075616441272734e-16
6826.857540887387 1.9649204540930296e-16
6830.149739302105 2.0953702259296994e-16
6833.441937716823 1.8359403334955266e-16
6836.734136131542 1.76224914451587e-16
6840.026334546261 1.8981090363418652e-16
6843.318532960979 1.9108838904681689e-16
6846.6107313756975 1.8853417817838088e-16
6849.902929790416 2.1622337680873e-16
6853.195128205134 1.9488196938691033e-16
6856.487326619853 1.9681216578694855e-16
6859.779525034572 2.2306199899695947e-16
6863.0717234492895 1.8124550893047265e-16
6866.363921864008 2.2165427008560419e-16
6869.656120278727 1.850013438610024e-16
6872.948318693446 1.7400093386533693e-16
6876.240517108164 1.6851840355818494e-16
6879.532715522882 1.6329135535088638e-16
6882.824913937601 1.808356522220458e-16
6886.117112352319 1.885367300613024e-16
6889.409310767038 1.7466786980103437e-16
6892.701509181757 1.7635924666384243e-16
6895.993707596474 1.7556599585945337e-16
6899.285906011193 1.5377315119905902e-16
6902.578104425912 1.7262443772006443e-16
6905.87030284063 1.848931588907074e-16
6909.162501255349 1.6811904973801785e-16
6912.454699670067 1.8010016083585993e-16
6915.746898084785 1.7664396404405024e-16
6919.039096499504 2.062573279307468e-16
6922.331294914223 2.1445891925463657e-16
6925.623493328941 1.9056637551644226e-16
6928.915691743659 1.9617392858349823e-16
6932.207890158378 2.1736355077087702e-16
6935.500088573097 2.0958879623152396e-16
6938.792286987815 1.762299711744018e-16
6942.084485402534 2.042821916360055e-16
6945.376683817252 1.9546207067432732e-16
6948.66888223197 1.8075857087744073e-16
6951.961080646689 1.9990841011038417e-16
6955.253279061408 2.0989036866924956e-16
6958.545477476126 2.0757453557650696e-16
6961.837675890844 2.0310861886339337e-16
6965.129874305563 1.9151435965198608e-16
6968.422072720281 1.958256412983472e-16
6971.714271135 2.0806711865889958e-16
6975.0064695497185 1.8147607366199198e-16
6978.298667964436 1.587918864093984e-16
6981.590866379155 1.5885320405372202e-16
6984.883064793874 1.576178528861235e-16
6988.175263208592 1.384230160653385e-16
6991.467461623311 1.368844901565581e-16
6994.759660038029 1.402833259186687e-16
6998.051858452748 1.5494704098259363e-16
7001.344056867466 1.7813504035753563e-16
7004.636255282185 1.6099590696414427e-16
7007.9284536969035 1.4465399961209847e-16
7011.220652111621 1.2809711336956345e-16
7014.51285052634 1.4060733465966481e-16
7017.805048941059 1.593306246785999e-16
7021.097247355777 1.4400825878465702e-16
7024.3894457704955 1.5793212847324402e-16
7027.681644185214 1.5591743834499703e-16
7030.973842599932 1.4931843335076483e-16
7034.266041014651 1.7804898608993632e-16
7037.55823942937 1.885061022434382e-16
7040.8504378440875 2.0120902328068468e-16
7044.142636258806 2.2546292585233944e-16
7047.434834673525 2.2092264547357e-16
7050.727033088243 2.3021161795868076e-16
7054.019231502962 2.0628760831076906e-16
7057.3114299176805 2.2276825621436196e-16
7060.603628332399 2.2768583558183143e-16
7063.895826747117 2.217748755743105e-16
7067.188025161836 2.126177518477446e-16
7070.480223576555 2.0191273786877045e-16
7073.7724219912725 2.1695005762163234e-16
7077.064620405991 1.8633468014584594e-16
7080.35681882071 2.590132364202188e-16
7083.649017235428 2.3002058085036803e-16
7086.941215650147 2.1454851494064633e-16
7090.233414064865 2.4003062655562484e-16
7093.525612479583 2.1628124195602667e-16
7096.817810894302 1.9531431098657025e-16
7100.110009309021 1.7216215990892327e-16
7103.402207723739 1.3026737205299157e-16
7106.694406138457 1.3511031013317652e-16
7109.986604553176 1.2022194963847121e-16
7113.278802967894 8.436051754323257e-17
7116.571001382613 5.762653644756429e-17
7119.863199797332 5.82572428353978e-17
7123.1553982120495 2.33903460277362e-17
7126.447596626768 1.2862230775359708e-17
7129.739795041487 3.0405751256348634e-17
7133.031993456206 7.2876597639053e-17
7136.324191870924 7.531125322446205e-17
7139.616390285642 1.1028095318479307e-17
7142.908588700361 2.636314175050547e-17
7146.200787115079 7.286747071149822e-17
7149.492985529798 1.3152255517776335e-16
7152.785183944517 1.9572553933778388e-16
7156.077382359234 1.3965202056063755e-16
7159.369580773953 9.69000697002049e-17
7162.661779188672 1.8253954232048944e-16
7165.95397760339 2.830450314425348e-16
7169.246176018109 3.2353429716074753e-16
7172.538374432827 3.1768468551459656e-16
7175.830572847545 2.674510580248164e-16
7179.122771262264 2.5143780008204104e-16
7182.414969676983 2.1175370017886057e-16
7185.707168091701 2.1234908314536992e-16
7188.999366506419 2.209745714386267e-16
7192.291564921138 2.047253025595043e-16
7195.583763335857 1.9197677231489283e-16
7198.875961750575 1.9904049968501741e-16
7202.168160165294 2.0478167395015345e-16
7205.460358580012 2.0661470057650447e-16
7208.75255699473 2.067050553683422e-16
7212.044755409449 1.8647923232257154e-16
7215.336953824168 1.9274865269479815e-16
7218.629152238886 2.1317788547921094e-16
7221.921350653604 2.356961111144112e-16
7225.213549068323 2.0761032243321321e-16
7228.505747483041 2.0174091039170455e-16
7231.79794589776 1.9753732866176156e-16
7235.0901443124785 1.9637525458785692e-16
7238.382342727196 2.2983782080360703e-16
7241.674541141915 2.2207692959225876e-16
7244.966739556634 1.9895729645646701e-16
7248.258937971352 1.8859660272242613e-16
7251.5511363860705 2.1429646391489769e-16
7254.843334800789 2.014032599933848e-16
7258.135533215508 1.9549086166373732e-16
7261.427731630226 2.0720148101636694e-16
7264.719930044945 2.0958088403040035e-16
7268.0121284596635 2.0366229828949746e-16
7271.304326874381 1.956335513033786e-16
7274.5965252891 1.9293656536389257e-16
7277.888723703819 1.9839180457178574e-16
7281.180922118537 1.7340595827859327e-16
7284.4731205332555 1.5658176431142205e-16
7287.765318947974 2.0161958360691179e-16
7291.057517362692 1.9602735688628052e-16
7294.349715777411 1.9245648126960296e-16
7297.64191419213 2.012441255146774e-16
7300.9341126068475 1.9710826963684872e-16
7304.226311021566 1.9881961061018767e-16
7307.518509436285 1.9171753646612443e-16
7310.810707851003 2.0671209271255226e-16
7314.102906265722 2.1392431017558138e-16
7317.39510468044 2.055491327578904e-16
7320.687303095159 2.0891299972213896e-16
7323.979501509877 2.0899630927645975e-16
7327.271699924596 2.0892283118760668e-16
7330.563898339315 2.1997130529332742e-16
7333.8560967540325 2.1465712622988784e-16
7337.148295168751 2.064459498072955e-16
7340.44049358347 2.2023524967828623e-16
7343.732691998188 1.9263087298650117e-16
7347.024890412907 1.9201955785283361e-16
7350.317088827625 2.0686665837895667e-16
7353.609287242343 1.7910708429641012e-16
7356.901485657062 1.76576188590299e-16
7360.193684071781 1.8306554908757478e-16
7363.485882486499 1.7900907339141785e-16
7366.778080901217 1.8667016717017243e-16
7370.070279315936 1.9461268357962755e-16
7373.362477730654 1.921162722583034e-16
7376.654676145373 1.8073878570464949e-16
7379.946874560092 1.7214846938415421e-16
7383.2390729748095 1.9003479582519057e-16
7386.531271389528 1.9068690026924586e-16
7389.823469804247 1.674631772339852e-16
7393.115668218966 1.6342687634357948e-16
7396.407866633684 1.7453108765250823e-16
7399.700065048402 1.8089017063535122e-16
7402.992263463121 1.8749020091307108e-16
7406.284461877839 1.798666982764595e-16
7409.576660292558 1.7528380919948874e-16
7412.868858707277 2.0714803361119382e-16
7416.161057121994 1.7863867301867513e-16
7419.453255536713 1.4470326185650032e-16
7422.745453951432 1.6953651484221594e-16
7426.03765236615 1.9633314277502985e-16
7429.329850780869 1.8249587900457238e-16
7432.622049195587 1.6427479619047532e-16
7435.914247610305 1.6524366259942197e-16
7439.206446025024 1.7545992276602486e-16
7442.498644439743 1.8560438128125947e-16
7445.790842854461 1.7508915046697608e-16
7449.083041269179 1.6677573905246783e-16
7452.375239683898 1.847133067543077e-16
7455.667438098617 1.827083122063804e-16
7458.959636513335 1.822046129370513e-16
7462.2518349280535 1.7986255633661822e-16
7465.544033342772 1.7726203846511836e-16
7468.83623175749 2.0422279969177238e-16
7472.128430172209 1.6514852856387606e-16
7475.420628586928 1.7362563521114113e-16
7478.712827001646 1.8244391818558624e-16
7482.005025416364 2.0693917912188374e-16
7485.297223831083 2.1225931296673256e-16
7488.589422245801 1.9087199981130991e-16
7491.88162066052 1.6254657105411632e-16
7495.1738190752385 1.6067698404427604e-16
7498.466017489956 1.9912615410204754e-16
7501.758215904675 2.1990652618605653e-16
7505.050414319394 2.0448310714368763e-16
7508.342612734112 1.916382062214216e-16
7511.6348111488305 1.566420860408285e-16
7514.927009563549 1.5911409583832075e-16
7518.219207978268 1.7186289280973856e-16
7521.511406392986 1.9075454464268211e-16
7524.803604807705 2.1586429150365444e-16
7528.0958032224235 2.2117020119218186e-16
7531.388001637141 2.0569849163425922e-16
7534.68020005186 1.7957246993878363e-16
7537.972398466579 2.0863548513466708e-16
7541.264596881297 2.1851040906549856e-16
7544.5567952960155 2.0375416578049755e-16
7547.848993710734 2.1180318313136e-16
7551.141192125452 2.0926273539415267e-16
7554.433390540171 2.0673310089182926e-16
7557.72558895489 2.2132345970985532e-16
7561.0177873696075 2.0337241231524813e-16
7564.309985784326 1.7412816372257943e-16
7567.602184199045 1.9000189108990666e-16
7570.894382613763 1.7885488127212695e-16
7574.186581028482 1.7709118206614489e-16
7577.4787794432 1.896955747001007e-16
7580.770977857919 1.9634941552667816e-16
7584.063176272637 1.9241260661930358e-16
7587.355374687356 1.9470326704405037e-16
7590.647573102075 1.8028592748907372e-16
7593.9397715167925 1.4990695057144824e-16
7597.231969931511 1.7177363485324783e-16
7600.52416834623 1.4466600123576222e-16
7603.816366760948 9.981399155199461e-17
7607.108565175667 6.799852035835021e-17
7610.400763590385 5.403756350410001e-17
7613.692962005103 6.92456308929842e-17
7616.985160419822 8.541421204007729e-17
7620.277358834541 1.079446770171717e-16
7623.569557249259 1.381325339643713e-16
7626.861755663977 1.260206020292259e-16
7630.153954078696 1.4349307806405936e-16
7633.446152493414 1.2276481841634725e-16
7636.738350908133 1.1132184499461735e-16
7640.030549322852 1.1184794594250826e-16
7643.32274773757 1.0018521786626459e-16
7646.614946152288 1.084412315751672e-16
7649.907144567007 1.2675302747215034e-16
7653.199342981726 1.2831310986690022e-16
7656.491541396444 1.50589185214172e-16
7659.783739811162 1.5775790953009529e-16
7663.075938225881 1.0985988105975275e-16
7666.368136640599 1.369024825628656e-16
7669.660335055318 1.5293585555727773e-16
7672.9525334700365 1.5645868414625432e-16
7676.244731884754 1.6649162842430095e-16
7679.536930299473 1.548662689016434e-16
7682.829128714192 1.434171384211569e-16
7686.12132712891 1.6090935066376142e-16
7689.413525543629 1.5748727056758966e-16
7692.705723958347 1.3640086198432293e-16
7695.997922373065 1.4531843503020262e-16
7699.290120787784 1.5610541468505214e-16
7702.582319202503 1.516134625755424e-16
7705.874517617221 1.6589208203168946e-16
7709.166716031939 1.6797352171222997e-16
7712.458914446658 1.5022883832848811e-16
7715.751112861377 1.603806606644215e-16
7719.043311276095 1.6546213538480454e-16
7722.3355096908135 1.5651222232664269e-16
7725.627708105532 1.5676193388686163e-16
7728.91990652025 1.5054049015172804e-16
7732.212104934969 1.5663387266726732e-16
7735.504303349688 1.5106615645584325e-16
7738.796501764406 1.5677640437394252e-16
7742.088700179124 1.677740262548242e-16
7745.380898593843 1.5353856826093142e-16
7748.673097008561 1.5459739424387395e-16
7751.96529542328 1.432312217655412e-16
7755.2574938379985 1.2757194071676453e-16
7758.549692252716 1.572484030217337e-16
7761.841890667435 1.5516421590772863e-16
7765.134089082154 1.6226334452367115e-16
7768.426287496872 1.594070827275971e-16
7771.7184859115905 1.295117993025391e-16
7775.010684326309 1.3682148219542243e-16
7778.302882741028 1.520346193109038e-16
7781.595081155746 1.2108995594264739e-16
7784.887279570465 1.244472883052682e-16
7788.179477985183 1.318947333446018e-16
7791.471676399901 1.577018462405087e-16
7794.76387481462 1.5838449405912858e-16
7798.056073229339 1.5801350285651064e-16
7801.348271644057 1.5439966421833525e-16
7804.6404700587755 1.3441542402513371e-16
7807.932668473494 1.5740379361459112e-16
7811.224866888212 1.8187673879290336e-16
7814.517065302931 1.5047013849008888e-16
7817.80926371765 1.5283463365843944e-16
7821.1014621323675 1.684743025886087e-16
7824.393660547086 1.8059923576580226e-16
7827.685858961805 1.6652600031049878e-16
7830.978057376523 1.4196099166021878e-16
7834.270255791242 1.4235894986530097e-16
7837.56245420596 1.5312952049196677e-16
7840.854652620679 1.5692420203937e-16
7844.146851035397 1.5247508744768793e-16
7847.439049450116 1.4473475217056352e-16
7850.731247864835 1.5522530295275419e-16
7854.023446279552 1.4616253057093547e-16
7857.315644694271 1.1514094896218276e-16
7860.60784310899 1.269110762136066e-16
7863.900041523708 1.6088638286905504e-16
7867.192239938427 1.525746938903858e-16
7870.484438353145 1.5589154519847508e-16
7873.776636767863 1.6279320767441803e-16
7877.068835182582 1.578373167956202e-16
7880.361033597301 1.607362995221097e-16
7883.653232012019 1.6001127103183194e-16
7886.945430426737 1.5280068792350526e-16
7890.237628841456 1.4973300621910258e-16
7893.529827256174 1.3132397922255695e-16
7896.822025670893 1.1851917203752948e-16
7900.114224085612 1.6315005124530516e-16
7903.40642250033 1.6421245416808404e-16
7906.698620915048 1.6121925545076932e-16
7909.990819329767 1.3917674814920101e-16
7913.283017744486 1.4003622592244463e-16
7916.575216159204 1.5431489171212916e-16
7919.867414573922 1.644617988153184e-16
7923.159612988641 1.632648938746317e-16
7926.451811403359 1.5275879116415905e-16
7929.744009818078 1.7097562854546658e-16
7933.0362082327965 1.6581993794291018e-16
7936.328406647514 1.563958727580512e-16
7939.620605062233 1.4987301555826339e-16
7942.912803476952 1.6686064543971291e-16
7946.20500189167 1.4962485280127384e-16
7949.497200306389 1.2551711803877493e-16
7952.789398721107 1.5017280716512566e-16
7956.081597135825 1.690188443722049e-16
7959.373795550544 1.5734685043096083e-16
7962.665993965263 1.327305104617153e-16
7965.958192379981 1.4689307083735134e-16
7969.250390794699 1.4251627014492553e-16
7972.542589209418 1.4533959651936544e-16
7975.834787624137 1.6275274317371789e-16
7979.126986038855 1.6864508740179654e-16
7982.4191844535735 1.4296848971679643e-16
7985.711382868292 1.1950682841415127e-16
7989.00358128301 1.495368719564557e-16
7992.295779697729 1.2579635543781648e-16
7995.587978112448 1.609452910952109e-16
7998.8801765271655 1.689003014981252e-16
8002.172374941884 1.61227757930548e-16
8005.464573356603 1.6123290397907848e-16
8008.756771771321 1.6958078853311585e-16
8012.04897018604 1.6954951358314722e-16
8015.3411686007585 1.4714295675622358e-16
8018.633367015476 1.5534763524915462e-16
8021.925565430195 1.483198519520195e-16
8025.217763844914 1.633475324209438e-16
8028.509962259632 1.4236374014638411e-16
8031.8021606743505 1.3485514490938872e-16
8035.094359089069 1.5769772284112325e-16
8038.386557503788 1.7206329388901674e-16
8041.678755918506 1.6409262760903146e-16
8044.970954333225 1.4391423566244585e-16
8048.263152747943 1.4744837726547654e-16
8051.555351162661 1.6138545750553775e-16
8054.84754957738 1.6348228345389732e-16
8058.139747992099 1.6679623707390936e-16
8061.431946406817 1.680112821452168e-16
8064.724144821535 1.5680653454156156e-16
8068.016343236254 1.5148197292312385e-16
8071.308541650972 1.6224379874589366e-16
8074.600740065691 1.6164260012945513e-16
8077.89293848041 1.5257685696723781e-16
8081.1851368951275 1.646222995126374e-16
8084.477335309846 1.4417467602963664e-16
8087.769533724565 1.5551939071752364e-16
8091.061732139283 1.5802831998293645e-16
8094.353930554002 1.3620911642499569e-16
8097.64612896872 1.4282300150080634e-16
8100.938327383439 1.4767995234407678e-16
8104.230525798157 1.1722106518705725e-16
8107.522724212876 1.366527417943764e-16
8110.814922627595 1.7157317998495794e-16
8114.107121042312 1.6627337726274941e-16
8117.399319457031 1.5748570150459318e-16
8120.69151787175 1.772168857077077e-16
8123.983716286468 1.8194911394440002e-16
8127.275914701187 1.612461089704574e-16
8130.568113115905 1.6103720608368922e-16
8133.860311530623 1.742332379646792e-16
8137.152509945342 1.8296039451956943e-16
8140.444708360061 1.4336412180879988e-16
8143.736906774779 1.6284571852757813e-16
8147.029105189497 1.6640603549243368e-16
8150.321303604216 1.5173348634637234e-16
8153.613502018934 1.4958342646966173e-16
8156.905700433653 1.4898057629216467e-16
8160.197898848372 1.5433935213139723e-16
8163.49009726309 1.2627487919076571e-16
8166.782295677808 1.4635916748994853e-16
8170.074494092527 1.6012291687673453e-16
8173.366692507246 1.3404812272770938e-16
8176.658890921964 1.4327873502906917e-16
8179.951089336682 1.5386596704676515e-16
8183.243287751401 1.288637040016413e-16
8186.535486166119 1.2512650133485825e-16
8189.827684580838 1.3591085559763978e-16
8193.119882995557 1.3598941047949273e-16
8196.412081410275 1.530276792594918e-16
8199.704279824993 1.5913938261094073e-16
8202.996478239711 1.392241100702217e-16
8206.288676654429 1.7089896946395658e-16
8209.580875069149 1.9612209881632517e-16
8212.873073483868 1.5987228504044636e-16
8216.165271898586 1.4437716614363299e-16
8219.457470313304 1.4788556191287655e-16
8222.749668728022 1.6171514922975944e-16
8226.041867142741 1.429591466235492e-16
8229.33406555746 1.4428996840647445e-16
8232.626263972179 1.4277713652385368e-16
8235.918462386897 1.2560325092929783e-16
8239.210660801615 1.434942835607841e-16
8242.502859216333 1.7775821742914385e-16
8245.795057631052 1.6469125761748048e-16
8249.08725604577 1.5625116199613256e-16
8252.37945446049 1.5935900420485014e-16
8255.671652875208 1.800377800918366e-16
8258.963851289926 1.5741106502082059e-16
8262.256049704643 1.4439223372888188e-16
8265.548248119363 1.4878723811209064e-16
8268.840446534081 1.2868136341756307e-16
8272.1326449488 1.2571426171950967e-16
8275.424843363518 1.6181184959173095e-16
8278.717041778236 1.61097380989581e-16
8282.009240192954 1.5776676997933753e-16
8285.301438607674 1.3148203929452282e-16
8288.593637022392 1.3587478116151924e-16
8291.885835437111 1.4185363931519612e-16
8295.17803385183 1.308987788216359e-16
8298.470232266547 1.399119358588846e-16
8301.762430681265 1.414720687078014e-16
8305.054629095985 1.1674634946460436e-16
8308.346827510704 1.3661796978571674e-16
8311.639025925422 1.3340655555334854e-16
8314.93122434014 1.3493993293553574e-16
8318.223422754858 1.4872149214631013e-16
8321.515621169576 1.4660697340440465e-16
8324.807819584295 1.4989275451506995e-16
8328.100017999015 1.519694930599163e-16
8331.392216413733 1.201025637078237e-16
8334.68441482845 1.5269458040458964e-16
8337.976613243169 1.7969880061489862e-16
8341.268811657887 1.455892129146193e-16
8344.561010072606 1.3999325916788643e-16
8347.853208487326 1.318622019838911e-16
8351.145406902044 1.1653849002151425e-16
8354.437605316762 1.364042882652256e-16
8357.72980373148 1.57439236648999e-16
8361.0220021462 1.639222475827331e-16
8364.314200560917 1.2808311262419743e-16
8367.606398975637 1.40285767726392e-16
8370.898597390355 1.3344708570717015e-16
8374.190795805072 1.5399999726338276e-16
8377.48299421979 1.6884760996676116e-16
8380.77519263451 1.5190820352751025e-16
8384.067391049228 1.6212868745201541e-16
8387.359589463947 1.7109523038672156e-16
8390.651787878665 1.711943331488159e-16
8393.943986293383 1.500338137999287e-16
8397.236184708101 1.2978276517077587e-16
8400.52838312282 1.4900620528469955e-16
8403.820581537539 1.357933034532293e-16
8407.112779952258 1.2103594243348515e-16
8410.404978366976 1.511004024204154e-16
8413.697176781694 1.5790643161922984e-16
8416.989375196412 1.671361609365567e-16
8420.281573611132 1.417962071281419e-16
8423.573772025851 1.0902102868460219e-16
8426.865970440569 1.3074508606260947e-16
8430.158168855287 1.4159909090703196e-16
8433.450367270005 1.279732263405207e-16
8436.742565684723 1.4614524155784701e-16
8440.034764099442 1.6160846598358501e-16
8443.326962514162 1.2575256056785628e-16
8446.61916092888 1.2486019508737703e-16
8449.911359343598 1.3544195532262114e-16
8453.203557758316 1.1868399832469083e-16
8456.495756173033 1.1280304796356713e-16
8459.787954587753 1.4438720215025154e-16
8463.080153002473 1.5984172135223241e-16
8466.37235141719 1.4912128388914327e-16
8469.664549831909 1.673329436175581e-16
8472.956748246626 1.660282232822524e-16
8476.248946661344 1.3081824622057753e-16
8479.541145076064 1.503437151080283e-16
8482.833343490784 1.4540650379544578e-16
8486.125541905501 1.2163724156634002e-16
8489.41774032022 1.3349371380744657e-16
8492.709938734937 1.4000582303779504e-16
8496.002137149657 1.2749266734127992e-16
8499.294335564375 1.6030870904667522e-16
8502.586533979094 1.6017378874065664e-16
8505.878732393812 1.4729200313971318e-16
8509.17093080853 1.5591843075498026e-16
8512.463129223248 1.5467660801890107e-16
8515.755327637968 1.2647634194933235e-16
8519.047526052685 1.2404884040362998e-16
8522.339724467405 1.48520182594657e-16
8525.631922882123 1.3273907079494025e-16
8528.92412129684 1.2290825144470946e-16
8532.216319711559 1.2060624068078374e-16
8535.508518126278 1.337276914428527e-16
8538.800716540996 1.6103388746059607e-16
8542.092914955716 1.556919741552604e-16
8545.385113370434 1.2381539341255033e-16
8548.677311785152 1.2900152251128914e-16
8551.96951019987 1.5093435692393062e-16
8555.26170861459 1.2166196103268204e-16
8558.553907029309 1.2658625866936097e-16
8561.846105444027 1.2053328700135787e-16
8565.138303858745 1.2753531941676755e-16
8568.430502273462 1.253213372371599e-16
8571.72270068818 1.3546966263435206e-16
8575.0148991029 1.520804315364577e-16
8578.30709751762 1.3437440618038455e-16
8581.599295932338 1.530707766523962e-16
8584.891494347055 1.7032170759061782e-16
8588.183692761773 1.4121471899602145e-16
8591.475891176491 1.2535232508360878e-16
8594.76808959121 1.2955629635185699e-16
8598.06028800593 1.1836131406463135e-16
8601.352486420648 1.245438988422782e-16
8604.644684835366 1.5580034209096265e-16
8607.936883250084 1.3963191113416937e-16
8611.229081664802 1.3266152034214635e-16
8614.521280079522 1.6994899236202679e-16
8617.813478494241 1.5083771408166828e-16
8621.10567690896 1.0895231645075209e-16
8624.397875323677 1.095091599665056e-16
8627.690073738395 1.2827164419463722e-16
8630.982272153115 1.2841995276401297e-16
8634.274470567832 1.3383644961960902e-16
8637.566668982552 1.4964739263923427e-16
8640.85886739727 1.2560448427370616e-16
8644.151065811988 1.47877521976124e-16
8647.443264226706 1.317526815269485e-16
8650.735462641425 1.438822785378755e-16
8654.027661056143 1.5746229882676206e-16
8657.319859470863 1.1319704315978446e-16
8660.61205788558 1.0741520982380544e-16
8663.904256300299 1.0875095128077842e-16
8667.196454715016 1.1313240957033925e-16
8670.488653129736 1.522176469251457e-16
8673.780851544454 1.5673663208377435e-16
8677.073049959174 1.3872582833822693e-16
8680.365248373892 1.4754651548641e-16
8683.65744678861 1.4128321287521697e-16
8686.949645203327 9.939951807471878e-17
8690.241843618047 1.108136831056721e-16
8693.534042032767 1.4341912606891896e-16
8696.826240447484 1.3845971619652155e-16
8700.118438862202 1.711689648077728e-16
8703.41063727692 1.3957212209171144e-16
8706.702835691638 1.1512355258730487e-16
8709.995034106358 1.4835704445668613e-16
8713.287232521077 1.3536033847751609e-16
8716.579430935795 1.3178462307467775e-16
8719.871629350513 1.6000496966634571e-16
8723.163827765231 1.5536314129350378e-16
8726.456026179949 1.247964559441344e-16
8729.748224594668 1.279542515303378e-16
8733.040423009388 1.362141855067715e-16
8736.332621424106 1.337626605378849e-16
8739.624819838824 1.392686290775092e-16
8742.917018253542 1.24641515311603e-16
8746.209216668261 1.1199889147494788e-16
8749.50141508298 1.254911717738119e-16
8752.793613497699 1.4007611759282246e-16
8756.085811912417 1.4966738747837294e-16
8759.378010327135 1.2769781751227776e-16
8762.670208741853 9.636323768952649e-17
8765.962407156572 1.3630750169900325e-16
8769.25460557129 1.9669038304334343e-16
8772.54680398601 1.3797899629568674e-16
8775.839002400728 1.4133710620550326e-16
8779.131200815445 1.3842456090988522e-16
8782.423399230163 1.424040775617283e-16
8785.715597644883 1.564587905691727e-16
8789.0077960596 1.1807804897712187e-16
8792.29999447432 1.0797303618220696e-16
8795.592192889038 1.8175652562791756e-16
8798.884391303756 1.3687500853842874e-16
8802.176589718474 1.1492648021190886e-16
8805.468788133194 1.4912809618537044e-16
8808.760986547912 1.6212287945003074e-16
8812.053184962631 1.3426091889875138e-16
8815.34538337735 1.3022838347638662e-16
8818.637581792067 1.6700538677312435e-16
8821.929780206785 1.7311076478405973e-16
8825.221978621505 1.2926796184540174e-16
8828.514177036224 1.098809022091994e-16
8831.806375450942 1.1642425512786227e-16
8835.09857386566 1.396045680061786e-16
8838.390772280378 1.4626516085379724e-16
8841.682970695096 1.4512503156793548e-16
8844.975169109815 1.5137542131187025e-16
8848.267367524535 1.5345477740582597e-16
8851.559565939253 1.6941669644756563e-16
8854.85176435397 1.8573095750632286e-16
8858.143962768689 1.3610369745230543e-16
8861.436161183407 1.093234449665408e-16
8864.728359598126 1.1252862540894969e-16
8868.020558012846 1.140505207270684e-16
8871.312756427564 1.1559196076442092e-16
8874.604954842282 1.263771472343026e-16
8877.897153257 1.3321962000457864e-16
8881.18935167172 1.0500478741510466e-16
8884.481550086437 1.4375172770781772e-16
8887.773748501157 1.3975649496014568e-16
8891.065946915875 1.5342673139831715e-16
8894.358145330592 1.5384798710968808e-16
8897.65034374531 1.2202572943811133e-16
8900.94254216003 1.4045166477288292e-16
8904.234740574748 1.5515392133053363e-16
8907.526938989467 1.394372233404194e-16
8910.819137404185 9.859815666248636e-17
8914.111335818903 1.2640609456055922e-16
8917.403534233621 1.4241058975305767e-16
8920.69573264834 1.1231285320569776e-16
8923.987931063059 8.761181294345624e-17
8927.280129477778 9.965819029490059e-17
8930.572327892496 1.4001438188590036e-16
8933.864526307214 1.4117913106678503e-16
8937.156724721932 1.592425602716082e-16
8940.448923136652 1.510911956797203e-16
8943.741121551371 1.381868136315468e-16
8947.033319966089 1.324225799607944e-16
8950.325518380807 1.175215030695275e-16
8953.617716795525 1.2786234456022974e-16
8956.909915210243 1.5701921048563067e-16
8960.202113624962 1.0891692262871702e-16
8963.494312039682 1.4111718930179073e-16
8966.7865104544 1.5389430463051198e-16
8970.078708869118 1.258873476588103e-16
8973.370907283836 1.4044621562441985e-16
8976.663105698553 1.484343690129253e-16
8979.955304113273 1.0122264084788582e-16
8983.247502527993 1.0788659895850249e-16
8986.53970094271 1.3786596395557572e-16
8989.831899357428 9.555219926521807e-17
8993.124097772146 7.148028684054881e-17
8996.416296186864 1.016239047560536e-16
8999.708494601584 1.106478724995555e-16
9003.000693016304 1.0678403303845037e-16
9006.292891431021 1.290943021917468e-16
9009.58508984574 1.1437262204522664e-16
9012.877288260457 8.095828596150458e-17
9016.169486675177 9.900477242264655e-17
9019.461685089895 8.696394121726636e-17
9022.753883504614 1.1248338520328934e-16
9026.046081919332 1.267315846910317e-16
9029.33828033405 9.257610985000006e-17
9032.630478748768 8.712811146108079e-17
9035.922677163488 1.0319669959998973e-16
9039.214875578205 1.076685870356785e-16
9042.507073992925 1.2901701673350105e-16
9045.799272407643 1.2233259398061082e-16
9049.09147082236 1.2411766973870364e-16
9052.383669237079 1.5843454877249394e-16
9055.675867651798 1.5102300536897378e-16
9058.968066066516 1.1553399592156989e-16
9062.260264481236 1.4194599186780263e-16
9065.552462895954 1.3213372264668793e-16
9068.844661310672 1.4076551293114474e-16
9072.13685972539 1.208152277714929e-16
9075.42905814011 1.0660843017876686e-16
9078.721256554829 1.1766970326588928e-16
9082.013454969547 1.0509366431352798e-16
9085.305653384265 1.0228154674211125e-16
9088.597851798982 1.46941569914579e-16
9091.8900502137 1.0158978708728517e-16
9095.18224862842 9.796608901476613e-17
9098.47444704314 1.1100281996866075e-16
9101.766645457858 8.675968724724039e-17
9105.058843872575 7.554243551540825e-17
9108.351042287293 1.2194475458806314e-16
9111.643240702011 1.514088624629018e-16
9114.93543911673 1.0929491997482147e-16
9118.22763753145 9.63169933455671e-17
9121.519835946168 9.554069306763451e-17
9124.812034360886 1.5145891934380102e-16
9128.104232775604 1.3354385812074044e-16
9131.396431190322 7.19461665687721e-17
9134.688629605042 7.701717661773079e-17
9137.980828019761 1.0553455749770285e-16
9141.27302643448 9.634043443545445e-17
9144.565224849197 9.145503041989632e-17
9147.857423263915 8.429022314461926e-17
9151.149621678635 1.3386248858344683e-16
9154.441820093352 1.221800697735156e-16
9157.734018508072 9.076862299654929e-17
9161.02621692279 9.888052916506101e-17
9164.318415337508 9.968829111672385e-17
9167.610613752226 1.0891008504268842e-16
9170.902812166945 1.1354885380109437e-16
9174.195010581663 1.2139139788483752e-16
9177.487208996383 9.31459827624358e-17
9180.7794074111 1.0217172860409065e-16
9184.071605825819 1.1884903683946911e-16
9187.363804240536 1.0539803850188689e-16
9190.656002655256 1.1923077152560986e-16
9193.948201069974 1.4744773739499766e-16
9197.240399484694 1.2778692587032128e-16
9200.532597899411 1.302370456809785e-16
9203.82479631413 1.2795962404106074e-16
9207.116994728847 1.3459868808189402e-16
9210.409193143567 1.3993443827477984e-16
9213.701391558287 1.287290508266926e-16
9216.993589973004 1.2244273466141074e-16
9220.285788387722 1.197243820363316e-16
9223.57798680244 1.0717520190566467e-16
9226.870185217158 1.1466400198694113e-16
9230.162383631878 1.2586129555276206e-16
9233.454582046597 1.3821004057776005e-16
9236.746780461315 1.1205810467131158e-16
9240.038978876033 1.1011934656528135e-16
9243.331177290751 1.5460076202522054e-16
9246.623375705469 1.2026475061079598e-16
9249.915574120188 1.2873618596887326e-16
9253.207772534908 1.1890645592087832e-16
9256.499970949626 1.0851200753891506e-16
9259.792169364344 1.2635951774018466e-16
9263.084367779062 1.3261520660714884e-16
9266.376566193781 1.210167241074826e-16
9269.6687646085 1.231349966044023e-16
9272.960963023219 1.09102307349664e-16
9276.253161437937 8.05881875046746e-17
9279.545359852655 1.136155085424083e-16
9282.837558267373 1.1086994835782766e-16
9286.129756682092 1.0945084582397937e-16
9289.42195509681 1.2565870673830723e-16
9292.71415351153 1.1575312635385752e-16
9296.006351926248 8.283995044073274e-17
9299.298550340965 6.788763038338799e-17
9302.590748755683 1.2016599507098594e-16
9305.882947170403 9.828752126941954e-17
9309.17514558512 4.415292100402244e-17
9312.46734399984 8.127012648873834e-17
9315.759542414558 9.241928343354726e-17
9319.051740829276 4.230512469301066e-17
9322.343939243994 3.6024058397580354e-17
9325.636137658714 3.680091203273285e-18
9328.928336073433 3.5981587679746375e-17
9332.220534488151 3.1299386752964165e-17
9335.51273290287 5.518333670388158e-17
9338.804931317587 6.803710406665554e-17
9342.097129732305 6.333220287714261e-17
9345.389328147025 6.149817079064086e-17
9348.681526561744 4.404855422816392e-17
9351.973724976462 5.613911400664613e-17
9355.26592339118 6.041365361303333e-17
9358.558121805898 5.554302443313347e-17
9361.850320220616 4.2083707633985716e-17
9365.142518635335 7.371569911306575e-17
9368.434717050055 7.296804374548932e-17
9371.726915464773 3.655378587901012e-17
9375.01911387949 6.073774583200605e-17
9378.311312294209 4.4762855593753444e-17
9381.603510708926 4.104781562074133e-17
9384.895709123646 5.0876928282682034e-17
9388.187907538366 5.158159132876085e-17
9391.480105953084 6.228150282128496e-17
9394.772304367802 8.513986181430952e-17
9398.06450278252 1.0530302734453095e-16
9401.356701197239 9.804937242615943e-17
9404.648899611957 4.4144867762126596e-17
9407.941098026677 4.635657249230603e-17
9411.233296441394 2.7304149408874186e-17
9414.525494856112 3.78516676689716e-17
9417.81769327083 8.663005430812862e-17
9421.10989168555 8.437112241480876e-17
9424.402090100268 5.689631662188711e-17
9427.694288514987 7.752173664725791e-17
9430.986486929705 4.4535489697829946e-17
9434.278685344423 1.7225539241654953e-17
9437.570883759141 6.047565535242792e-17
9440.86308217386 4.386971264866888e-17
9444.155280588579 2.8758066979133474e-17
9447.447479003298 5.002675633888445e-17
9450.739677418016 6.036806897705677e-17
9454.031875832734 6.704738570350385e-17
9457.324074247452 1.2335759754981977e-17
9460.616272662171 1.7841271475243845e-17
9463.908471076891 3.400593830214247e-17
9467.200669491609 4.603335200559803e-17
9470.492867906327 6.895662149211118e-17
9473.785066321045 8.331321561825529e-17
9477.077264735763 7.27524534194746e-17
9480.369463150482 3.9055535655994607e-17
9483.661661565202 -3.3886191215437742e-18
9486.95385997992 4.500959082483674e-17
9490.246058394638 4.1513948611476653e-17
9493.538256809356 3.790335016033964e-17
9496.830455224073 4.9536064281490326e-17
9500.122653638793 4.1449050071234866e-17
9503.414852053513 2.4464014319046718e-17
9506.70705046823 1.7963198355033356e-17
9509.999248882948 5.503857413033086e-17
9513.291447297666 6.41762108961985e-17
9516.583645712384 3.694513990938972e-17
9519.875844127104 3.64015099264216e-17
9523.168042541824 1.9930768526474196e-17
9526.460240956541 1.966112416576399e-17
9529.75243937126 5.072930502885898e-17
9533.044637785977 9.636221651820081e-18
9536.336836200697 2.658884035914163e-17
9539.629034615415 5.071918323970812e-17
9542.921233030134 3.7577292484447366e-17
9546.213431444852 4.572238934692454e-17
9549.50562985957 4.8809617999651123e-17
9552.797828274288 2.8448758419705634e-17
9556.090026689008 2.2302135189162926e-17
9559.382225103725 1.7823251736349825e-17
9562.674423518445 2.7450691880198307e-17
9565.966621933163 2.4521211245412404e-17
9569.25882034788 1.1242841500293867e-17
9572.551018762599 1.7997630016655302e-17
9575.843217177318 1.9674029480537842e-17
9579.135415592036 8.844321863491089e-18
9582.427614006756 1.9902106795663408e-17
9585.719812421474 3.995154465786296e-17
9589.012010836192 4.474037396650895e-17
9592.30420925091 2.9715531134636497e-17
9595.59640766563 8.179550626127786e-18
9598.888606080349 2.7263606104972353e-17
9602.180804495067 4.30725306012868e-17
9605.473002909785 2.304582318254834e-17
9608.765201324502 2.5449316102138903e-17
9612.05739973922 4.9884067979804546e-17
9615.34959815394 3.170159854560028e-17
9618.64179656866 2.540921236054611e-17
9621.933994983377 2.91551417339892e-17
9625.226193398095 3.2352433796765385e-17
9628.518391812813 2.5581278471040454e-17
9631.810590227531 1.5980617649379283e-17
9635.10278864225 1.2754163111715439e-17
9638.39498705697 9.173207600871433e-18
9641.687185471688 2.9869467541493685e-17
9644.979383886406 1.3061832712996972e-17
9648.271582301124 1.1276087022665431e-17
9651.563780715842 2.3433119785025615e-17
9654.855979130562 9.477793652846076e-18
9658.148177545281 3.904523415373107e-17
9661.440375959999 -2.426024616244688e-17
9664.732574374717 -8.328339941100818e-16
