# Extracted 1D spectrum from 1d_std_ALHh050097.dat
# Wavelength Flux Variance
3451.6593528904846 621.970502364239 5341.778366721943
3455.149974195758 562.9541369168546 5478.723748667045
3458.640595501032 763.6827887903689 5503.950693675272
3462.1312168063055 834.1828550679671 5318.205315530912
3465.621838111579 937.491049460172 5362.517632180092
3469.1124594168527 1056.9420914670666 5333.470595493216
3472.6030807221264 1100.665621644689 5315.86510208086
3476.0937020274 1244.3306553772832 5343.439737988481
3479.5843233326736 1389.3149477271443 5314.135291256973
3483.0749446379473 1384.700435487548 5252.705919884809
3486.5655659432214 1344.217661537527 5706.347222848363
3490.056187248495 1792.7675743641348 5253.530575392688
3493.5468085537686 1751.3710373597874 5292.839826841624
3497.0374298590423 2053.0241328801517 5300.289879843968
3500.528051164316 2011.8458512310003 5319.03203820659
3504.0186724695895 2125.3505469077213 5285.640861702988
3507.509293774863 2354.634676205566 5256.429110591272
3510.999915080137 2369.5756901581117 5302.08001467681
3514.4905363854105 2964.643077646596 5246.778448613118
3517.981157690684 2757.0702039341454 5344.320996797646
3521.4717789959577 3105.6779437571204 5235.522905120844
3524.9624003012314 3369.4885789670147 5251.837253271862
3528.453021606505 3303.8328304402835 5256.968893980993
3531.9436429117786 3615.695320912417 5261.868301336246
3535.4342642170523 3873.3399454109403 5280.382397084275
3538.924885522326 4053.8119615012324 5219.456298456163
3542.4155068275995 4253.854245812853 5212.929037517447
3545.906128132873 4371.837830503175 5253.881358335096
3549.396749438147 4656.538048206442 5217.149189982692
3552.8873707434204 4738.393098500372 5353.87500323269
3556.377992048694 5280.531033140396 5617.000116282887
3559.868613353968 5508.794960731277 5320.176186047857
3563.359234659242 5497.77006786494 5350.036462730078
3566.8498559645154 5839.686008149201 5314.421607960511
3570.340477269789 6307.167037203737 5395.771933266364
3573.8310985750627 6541.902560927465 5310.924328146047
3577.3217198803363 7018.2063284214655 5329.213147301224
3580.81234118561 7292.342413881507 5326.800476321484
3584.3029624908836 7080.339401995822 5347.001156776909
3587.7935837961572 7788.1948940087705 5259.669134576631
3591.284205101431 7768.71709603249 5310.877866004646
3594.7748264067045 8315.89287105056 5376.3681850103185
3598.265447711978 8951.450664362079 5276.896781719358
3601.756069017252 9085.223870491043 5244.968024049448
3605.2466903225254 9471.441473403984 5344.6688779386905
3608.737311627799 9603.877401770977 5267.9609383724655
3612.2279329330727 9240.260306453838 5383.304133685384
3615.7185542383463 9723.51833200832 5286.828526356075
3619.20917554362 10001.213054100595 5227.091015403605
3622.6997968488936 10287.714856760766 5190.854981356169
3626.1904181541677 10687.244067148518 5255.19326318118
3629.6810394594413 11480.00921421695 5227.495189678101
3633.171660764715 11893.405452616485 5219.747222654638
3636.6622820699886 12110.793641848864 5234.637106904143
3640.152903375262 13170.565998231523 5303.627343387979
3643.643524680536 12801.596892471232 5201.912772974653
3647.1341459858095 13757.069459331464 5341.216354470096
3650.624767291083 13209.542641143578 5200.8572648100735
3654.1153885963568 14741.873666020838 5175.450459158544
3657.6060099016304 15000.014013777909 5183.468403625186
3661.096631206904 16083.265399984793 5318.079317678006
3664.5872525121777 15942.951744715356 5216.015237793378
3668.0778738174513 16341.749182573085 5189.287119782802
3671.568495122725 17487.80626110548 5186.725982644522
3675.0591164279986 17349.93437368277 5258.527276381586
3678.549737733272 17241.889899872367 5286.724167223505
3682.040359038546 18211.591656656503 5181.946281874533
3685.5309803438195 19037.858357418227 5110.180687928136
3689.021601649093 19124.02284786901 5187.8953088363005
3692.5122229543667 20514.15226717449 5080.4133270354905
3696.0028442596404 20491.175586974914 5197.939981802218
3699.4934655649145 21213.582704500714 5172.074106950706
3702.984086870188 21667.24593209106 5026.642021402138
3706.4747081754617 21853.853628122495 5193.346037396867
3709.9653294807354 23535.83255587811 5245.664980171383
3713.455950786009 24924.65132948146 5139.833704912295
3716.9465720912826 24943.537208951784 5097.138396890689
3720.4371933965563 25670.376245446536 5111.907136411572
3723.92781470183 26630.95050519715 5163.1929898191365
3727.4184360071035 28219.06609759191 5116.463791663052
3730.909057312377 26779.32207414299 5013.595007824137
3734.399678617651 27252.154367796036 5157.847303924559
3737.8902999229244 29409.104309129787 5108.008753795732
3741.380921228198 32099.314683811008 5095.4692124586745
3744.8715425334717 30649.696324633915 5133.529509733736
3748.3621638387453 29869.283681767378 5037.818478349683
3751.852785144019 31624.37121930811 5151.157154152636
3755.3434064492926 35646.29041259155 5168.218229512624
3758.8340277545663 38825.355145195404 5136.883326033795
3762.32464905984 37725.18307288877 5079.00132165418
3765.815270365114 34530.438621023626 5239.957113855824
3769.3058916703876 33439.78112851238 5084.641652803222
3772.7965129756612 36350.9492242642 5012.2021630966465
3776.287134280935 41406.14651632298 5145.644728843319
3779.7777555862085 43002.89054553464 5085.6814551238285
3783.268376891482 44547.52632703153 5022.486156847313
3786.758998196756 45157.29536328987 5023.9164262710565
3790.2496195020294 42765.04363031562 5076.510471480831
3793.740240807303 38391.72890312794 5011.4005386843055
3797.2308621125767 37210.9845567776 5076.792474713212
3800.7214834178503 41118.13760600596 5013.504104173493
3804.212104723124 44954.07671405762 4998.001568498846
3807.7027260283976 48279.76549042743 5159.74430569
3811.193347333671 51417.10292984599 5052.990109211167
3814.683968638945 49889.92160519541 4993.11860932105
3818.1745899442185 48783.68336192003 5071.158358159888
3821.665211249492 50140.774702197814 4958.364516283503
3825.1558325547658 51661.72937003985 5080.044176519765
3828.6464538600394 51071.898339409956 5088.293620379764
3832.137075165313 45853.31320203137 4942.938953648623
3835.6276964705867 45438.076625023394 5051.023702365554
3839.1183177758603 50135.75771549281 4966.395614341508
3842.6089390811344 54670.360435008726 5013.61438399027
3846.099560386408 60293.84362781916 5020.612824360974
3849.5901816916817 59036.257831855095 4914.399078685028
3853.0808029969553 61222.887738100835 4935.008008129054
3856.571424302229 61147.075873577676 4949.144628657357
3860.0620456075026 62353.64873696957 4973.662663765599
3863.552666912776 63281.48951759341 4964.827515439884
3867.04328821805 61447.133123876505 4996.412658045236
3870.5339095233235 63527.28246670132 4954.641213222591
3874.024530828597 62927.22396851148 4943.21540612549
3877.5151521338707 66050.67320516636 4986.776973589178
3881.0057734391444 62281.190166555454 4906.888473037195
3884.496394744418 60532.021143427875 4985.837252436914
3887.9870160496916 56593.73701909607 4870.221056476573
3891.4776373549653 58800.4503142847 4963.50773929184
3894.968258660239 65169.091618727165 4870.642956849707
3898.4588799655126 70866.56115343391 4925.789279613398
3901.949501270786 73513.98181642898 4942.0933322256005
3905.4401225760603 73540.29015123747 4986.873600134171
3908.930743881334 74742.01099199857 4899.389713943683
3912.4213651866075 72761.8194305899 4837.736288533611
3915.911986491881 74024.15451362297 4949.85273731831
3919.402607797155 74682.82235809458 4853.551910783223
3922.8932291024284 72724.83375386473 4899.388855887857
3926.383850407702 73879.15947570608 4920.040366489196
3929.8744717129757 74578.18803768646 4903.340543789299
3933.3650930182494 76513.89725396206 4865.820744931651
3936.855714323523 77180.83120564265 4823.563887708737
3940.3463356287966 79160.3008619163 4916.814784300177
3943.8369569340703 81130.21586045674 5029.024367733494
3947.327578239344 80240.5467467094 4858.943125350225
3950.8181995446175 80375.57306161756 4863.994101135071
3954.308820849891 81035.16051022056 4904.756748689811
3957.799442155165 81950.1123778516 4894.666408724674
3961.2900634604384 81054.08889849434 4946.849642941152
3964.780684765712 73645.03233905352 4760.199268383639
3968.2713060709857 67065.02812377951 4815.368777443437
3971.7619273762593 69100.5014434218 4872.047231716087
3975.252548681533 77073.31544628632 4828.929022592434
3978.7431699868066 83102.7815848453 4758.987276961736
3982.2337912920802 85954.40471071935 4824.343018990857
3985.724412597354 87018.67843690324 4747.127317891998
3989.215033902628 87409.12184657791 4819.9961370101055
3992.7056552079016 89145.36713338205 4818.686450437274
3996.1962765131752 89054.17849436289 4868.707432245605
3999.686897818449 91562.52712667687 4944.111167331189
4003.1775191237225 92545.95410135231 4773.9283580049205
4006.668140428996 89716.00605759217 4777.264022428953
4010.15876173427 89111.48999460533 4792.08827367493
4013.6493830395434 91471.23310939354 4794.792912985863
4017.140004344817 93716.799355545 4793.122194574756
4020.6306256500907 91927.55865663402 4781.977042250388
4024.1212469553643 87595.10862833553 4702.170417818369
4027.611868260638 88478.81734790649 4776.438240244819
4031.1024895659116 93445.30404731572 4767.196381475307
4034.593110871185 96640.50408668982 4734.663491987882
4038.083732176459 96617.51604176503 4806.771969469671
4041.574353481733 96615.75975327445 4790.938572525956
4045.0649747870066 96893.70321112032 4781.253894218629
4048.55559609228 98797.48474986994 4821.704879110956
4052.046217397554 100088.2011294382 4698.325743675268
4055.5368387028275 99228.50164473323 4864.436534955103
4059.027460008101 100668.99146194746 4805.463826735866
4062.5180813133748 99074.29504962263 4721.568127181448
4066.0087026186484 101116.46943358415 4757.578757182278
4069.499323923922 100658.0904225845 4756.99584816894
4072.9899452291957 101522.04950881805 4728.604594715258
4076.4805665344693 101562.777457369 4787.691500021236
4079.971187839743 103664.72595596168 4799.424133189375
4083.4618091450166 103889.37986969875 4769.655654316375
4086.95243045029 102034.31193759672 4858.704444791235
4090.443051755564 101183.88106448375 4715.527623894133
4093.9336730608375 100784.82033332033 4771.893353324572
4097.424294366111 93172.81994876721 4731.826414628844
4100.914915671385 86230.15873537654 4839.728453661127
4104.405536976658 88029.79743853663 4675.449483145259
4107.896158281932 98346.72166395592 4674.9623386528365
4111.386779587206 104928.14486674122 4686.951052225721
4114.877400892479 107959.28618887463 4694.931391720967
4118.368022197753 106296.23754985709 4702.176682222673
4121.8586435030265 103689.10744483426 4727.363895971575
4125.3492648083 106184.02047342955 4731.529056290023
4128.839886113574 109816.15248894841 4633.068327210276
4132.330507418847 108828.56547276722 4823.712040492389
4135.821128724121 109211.50854650128 4671.376835528676
4139.311750029395 109363.04879406778 4692.065581690985
4142.802371334668 108762.40612201931 4683.970110377206
4146.292992639943 110703.08959537216 4632.8417515612
4149.783613945216 110729.52761663066 4750.990047572411
4153.27423525049 114235.81240006353 4710.356775710009
4156.764856555763 117097.8356638538 4671.285713844233
4160.255477861037 116846.40324663429 4626.951779635392
4163.746099166311 116525.54375515108 4704.634749578848
4167.236720471585 118046.02310700022 4668.786011632144
4170.727341776858 117925.48656931553 4687.339718146886
4174.217963082132 116387.0901264494 4734.732271107021
4177.708584387406 118720.61889698605 4633.611030366506
4181.199205692679 119465.10867040546 4688.158049538698
4184.689826997953 119508.02569454459 4670.287223775636
4188.1804483032265 116873.36103246121 4626.495588746024
4191.6710696085 115565.1273725013 4618.629113527302
4195.161690913774 115690.54510546071 4538.761002059565
4198.652312219047 117365.03835388488 4612.117888376207
4202.142933524321 117299.12735989327 4708.625533546959
4205.633554829595 116415.00076409709 4661.083176037784
4209.124176134868 117408.42972791303 4600.898765451461
4212.614797440142 118588.51976867912 4629.929517914008
4216.105418745416 119504.5027578276 4680.157822635516
4219.596040050689 119945.20230348076 4605.46026653083
4223.086661355963 118850.35611507026 4577.365661437124
4226.5772826612365 120427.82408928362 4634.029704494712
4230.06790396651 121407.29894681757 4599.969692519233
4233.558525271784 123357.68271922167 4605.317495376946
4237.049146577057 122241.88052160581 4680.2506400794555
4240.539767882331 123906.20521196748 4581.068212290503
4244.030389187605 124082.30289442962 4584.1294243532075
4247.521010492878 123790.2250416078 4630.6474902852115
4251.011631798152 126741.58239452192 4571.514283948248
4254.502253103426 123725.82458558987 4585.632459947297
4257.992874408699 126692.85631766745 4593.878198845823
4261.483495713973 127239.18483311967 4598.276753127239
4264.9741170192465 127482.49041609703 4567.082619714489
4268.46473832452 127164.32250437007 4649.663795718855
4271.955359629794 128164.79127295363 4534.617399956168
4275.445980935067 128066.12901755747 4512.011046477661
4278.936602240341 130601.61427260164 4575.117337611571
4282.427223545615 127956.47663487039 4542.623272514922
4285.917844850888 127455.20178972925 4662.748239727917
4289.408466156163 128292.64468757673 4688.533281671348
4292.899087461436 128133.27748182941 4588.703634830477
4296.38970876671 129816.17873723096 4567.933516526435
4299.880330071983 129992.68640011245 4611.274472091281
4303.370951377257 130032.05125649112 4598.588857029046
4306.861572682531 129854.74402674274 4572.141602917702
4310.352193987805 130615.9675379726 4573.293174991272
4313.842815293078 132700.8722820749 4557.643065830058
4317.333436598352 130015.03963628062 4549.251551526248
4320.8240579036255 129910.60677476505 4735.395312508566
4324.314679208899 131733.35547921632 4543.828144630246
4327.805300514173 130583.4535075798 4546.387036133175
4331.295921819446 126504.58872955924 4606.689726946242
4334.78654312472 120296.4033355911 4535.616899880362
4338.277164429994 110183.01434523544 4535.1590230504435
4341.767785735267 106248.44682313356 4513.639224227337
4345.258407040541 114746.28207285084 4557.505069089667
4348.749028345815 122613.93491850422 4570.962572945157
4352.239649651088 127545.2780546298 4498.3018657459925
4355.730270956362 128891.40579732432 4558.242464090912
4359.2208922616355 133132.91024465818 4568.404196186193
4362.711513566909 132959.78238644006 4577.228071790218
4366.202134872183 131998.761643772 4617.830277790943
4369.692756177456 134475.67113440394 4571.445366937243
4373.18337748273 132256.01771911644 4545.861519309705
4376.673998788004 133772.34283941172 4648.523060562962
4380.164620093277 135392.5996858799 4664.543621265373
4383.655241398551 128850.99795120211 4574.338604776935
4387.145862703825 127852.92533855658 4773.693520398895
4390.636484009098 128554.88975535452 4725.462631514319
4394.127105314372 130608.20757916087 4740.236350008389
4397.6177266196455 134339.76349841052 4797.2954638146675
4401.108347924919 136120.89273704073 4751.387672764524
4404.598969230193 135232.3843292321 4848.753512624343
4408.089590535466 136441.3585819161 4785.372192099617
4411.58021184074 133111.10184487913 4991.519171582007
4415.070833146014 134561.3653068692 4979.500519312635
4418.561454451287 134955.59864143672 5117.892120105312
4422.052075756561 134734.2339885315 5233.311884226434
4425.5426970618355 134252.08195272624 5173.399459053591
4429.033318367108 136659.6986594088 5231.866832317655
4432.523939672383 133668.699951514 5165.172392656027
4436.0145609776555 135469.79929840704 5511.063473559292
4439.50518228293 134419.254803671 5645.663594721305
4442.995803588204 135989.21534219178 5540.718230228457
4446.486424893477 138622.21899496848 5419.099415635157
4449.977046198751 136959.97466745702 5881.586318358679
4453.467667504025 137309.48119816283 5723.419114241454
4456.958288809298 137578.02125037028 5926.386023455335
4460.448910114572 138628.110430144 5998.07628693626
4463.9395314198455 136284.2054861554 5998.280956389168
4467.430152725119 131614.27881313994 6198.561456330124
4470.920774030393 126540.71872066088 6314.901674160328
4474.411395335666 130898.08085536356 6319.5096732929505
4477.90201664094 133375.36137275613 6784.777174863832
4481.392637946214 137174.22872730534 6780.168372626098
4484.883259251487 136266.1619612654 6812.266079268112
4488.373880556761 138659.04910159006 7049.574697204756
4491.864501862035 140184.79761133294 6918.422356882614
4495.355123167308 139797.192700619 7021.327726771755
4498.845744472582 137067.94961198763 7278.985696166569
4502.3363657778555 138708.05519192189 7339.917580521267
4505.826987083129 139675.79178944355 7775.9749169965835
4509.317608388403 140815.2540051802 7720.562949011722
4512.808229693676 140568.76952375533 7650.901655937325
4516.29885099895 140284.94527748533 8014.874518092359
4519.789472304224 140411.4520818592 8114.4333346467965
4523.280093609497 141976.4554854982 8175.343251215962
4526.770714914771 139108.70731658203 8650.49074067562
4530.2613362200445 141461.2998257065 8814.258472689524
4533.751957525318 140708.09458688906 8599.074192902657
4537.242578830592 144456.104205872 9102.913930804421
4540.733200135865 141170.06120974608 9180.135400503754
4544.223821441139 141436.400079537 9543.298246265495
4547.714442746413 142654.79678346746 9599.050658787186
4551.205064051686 139967.12934945777 9926.325843328723
4554.69568535696 140270.01513603877 10076.14885536962
4558.186306662234 141696.81134273563 9959.080926475903
4561.676927967508 142884.85713075718 10306.930148668433
4565.167549272781 141954.06642287417 10524.128172537039
4568.658170578055 139917.90789788673 10748.644960267231
4572.148791883328 140508.2551031801 10884.586871424919
4575.639413188603 142916.7908489811 11478.550616798955
4579.130034493875 140790.37468366543 11616.4828553884
4582.62065579915 143824.24099499825 11663.292385794934
4586.111277104423 141917.78791273225 12047.131234257395
4589.601898409697 141214.6988998877 11977.123238462951
4593.092519714971 140437.92699766243 11945.264161762185
4596.5831410202445 140198.6412072059 12253.354563816994
4600.073762325518 142057.8417286757 12424.821114844493
4603.564383630792 141723.4947304716 12699.903573762382
4607.055004936065 142198.91459968654 12413.987591862528
4610.545626241339 142595.73290190386 13059.42600304088
4614.036247546613 143473.2251245551 13353.003318340916
4617.526868851886 141853.42275748565 13893.372478893558
4621.01749015716 142811.8013598562 14042.43641099203
4624.508111462434 143815.07387181593 14877.967907419257
4627.998732767707 144754.46347535276 14677.213681742072
4631.489354072981 142703.78038696828 14944.169054655538
4634.9799753782545 144341.4446951256 15321.651552639061
4638.470596683528 141991.13389655354 14919.351181877117
4641.961217988802 141512.92625871112 16390.802419957574
4645.451839294075 141429.31950626877 16629.491280710718
4648.942460599349 140975.3646013495 16849.719976798227
4652.433081904623 144445.35675773217 17263.012060179644
4655.923703209896 144344.71621498687 16890.928927275418
4659.41432451517 145095.86657476894 17703.319033367112
4662.904945820444 145845.7352559789 18098.49422190667
4666.395567125717 144147.0014975716 17854.13826739719
4669.886188430991 145674.23377186118 18360.278172841692
4673.3768097362645 144453.2472055066 19026.07526242321
4676.867431041538 143898.17132854296 19468.191559288436
4680.358052346812 144425.84987018997 19194.250907307167
4683.848673652085 145629.58402247456 20729.01404146134
4687.339294957359 145219.26515194724 20496.785588723855
4690.829916262633 145314.49615452587 20675.58475975995
4694.320537567906 142853.4813528628 21114.609667766512
4697.811158873181 143608.40100713645 21542.849863516858
4701.301780178454 144121.5898892696 21581.943704084846
4704.792401483728 144535.20654186007 23157.997834667265
4708.283022789001 142886.45994655092 23971.70816761743
4711.773644094275 143537.00689341954 23926.170175221905
4715.264265399548 140985.36098072046 24110.506423189858
4718.754886704823 142595.633104865 25121.35367334898
4722.245508010095 144281.18229473982 25665.097092338576
4725.73612931537 144875.90306324072 25572.408250746008
4729.226750620643 147331.28945746055 25127.30386475895
4732.717371925917 145526.1847280472 26179.49346098677
4736.207993231191 146169.02064739494 27294.411545444193
4739.698614536464 142546.75781491026 28545.313652445988
4743.189235841738 144180.5052921226 28524.382074823618
4746.679857147012 144701.4903954964 27549.99879533351
4750.170478452285 141447.20578194677 27654.34116870871
4753.661099757559 141062.39986212854 29819.046260085048
4757.151721062833 143772.06048225355 31484.197968651024
4760.642342368106 142967.79969638863 34491.22304203112
4764.13296367338 143026.58666877748 33266.50193281902
4767.6235849786535 142202.1141246739 32648.573336552952
4771.114206283927 144841.37308719972 30344.121395438535
4774.604827589201 142217.7811899668 31870.976207819338
4778.095448894474 140840.09070070984 35521.63222272127
4781.586070199748 142803.64946120867 37059.49386964333
4785.076691505022 141514.62917263422 37302.115926137834
4788.567312810295 142173.2136425987 39457.336575659414
4792.057934115569 142443.66501331332 39524.56749432927
4795.548555420843 141752.28769605618 38114.7683421548
4799.039176726116 143826.06905787968 35113.06835706615
4802.52979803139 143893.08474389737 33513.129611434364
4806.0204193366635 142800.71435623252 34987.51461079634
4809.511040641937 142509.53779816296 37562.46101365083
4813.001661947211 144493.65270970247 40052.49301140231
4816.492283252484 143102.6641081366 41710.7408089811
4819.982904557758 144702.49985181534 44535.07427831064
4823.473525863032 142781.77693155882 43098.75173148249
4826.964147168305 143068.2145682781 43987.564250026204
4830.454768473579 144143.15256142453 43367.75131641292
4833.945389778853 142331.33391172264 44534.982241916216
4837.436011084126 144163.5618814059 45082.68336217904
4840.926632389401 142707.42847033107 43177.53473879899
4844.4172536946735 144462.9274848378 39940.38671890986
4847.907874999948 140588.4521898661 40229.22638085324
4851.398496305221 137252.50463944828 43352.676109816195
4854.889117610495 131264.8452762048 47410.660586257945
4858.379738915768 120460.01584285339 50398.791798599865
4861.870360221043 116531.44773319342 50713.683559950325
4865.360981526315 124645.75691078618 51382.13774227183
4868.85160283159 135598.86587437606 52180.58215391784
4872.3422241368635 138155.56363542765 51955.16036089905
4875.832845442137 139978.8573115599 53090.47385922517
4879.323466747411 139956.65163908852 53690.31660871813
4882.814088052684 142924.7979254325 53735.010297103516
4886.304709357958 140643.2624789787 53161.19265399185
4889.795330663232 143026.88326507242 53347.210493994266
4893.285951968505 142730.6583677632 55404.447470442785
4896.776573273779 142140.3852053388 55926.33120344744
4900.267194579053 142740.5364728186 52224.602254123725
4903.757815884326 141813.0392540084 51703.04582244513
4907.2484371896 139886.65737394796 49649.34567414553
4910.7390584948735 139927.79730785245 51684.91286624393
4914.229679800147 139665.66690573964 54608.69924199788
4917.720301105421 138097.51850161378 57969.88865060116
4921.210922410694 134030.74072716787 61251.3079904053
4924.701543715968 133869.7662530181 61344.48923174329
4928.192165021242 137771.93607923432 63305.237622511464
4931.682786326515 140998.96828523112 62518.02868819668
4935.173407631789 141890.92561441788 62578.188276745546
4938.6640289370625 140226.78003580534 62112.98982452959
4942.154650242336 139885.67714488006 63320.0059226955
4945.64527154761 140158.26337420175 62298.70325330119
4949.135892852883 140103.36626100595 60874.89026400689
4952.626514158157 140777.67923568204 63224.25413037554
4956.117135463431 141048.6920668787 63608.41773315298
4959.607756768704 140480.52040659823 63867.27926562257
4963.098378073978 140084.83375479814 65347.60947524989
4966.588999379252 140282.02897214761 67009.99786679338
4970.079620684525 140273.737408225 68431.28420156236
4973.570241989799 138857.96889306125 67826.17962583533
4977.060863295073 138493.1506306044 68451.86861978323
4980.551484600346 140352.15164478912 69075.95959356926
4984.042105905621 139074.31549911585 69381.91387009382
4987.532727210893 139155.72295270336 68396.04384558882
4991.023348516168 138524.70487866589 65466.01493261549
4994.513969821441 138238.86557705075 59657.98417010037
4998.004591126715 135009.72279042852 58420.374582768956
5001.495212431988 137238.04309586016 61079.99339804289
5004.9858337372625 137275.4927270979 66633.06311486218
5008.476455042535 135843.6191506614 70892.30526705457
5011.96707634781 135059.6274874246 71747.25155316011
5015.457697653083 133511.35426797002 71981.12472029643
5018.948318958357 137183.68802426997 73369.02868881868
5022.438940263631 135690.67066359587 74709.15653159803
5025.929561568904 138520.6323709696 75468.4947433413
5029.420182874178 136391.72350559983 74781.36804043203
5032.910804179452 137047.30607909255 78256.87349561189
5036.401425484725 137628.6262886253 77079.2977204972
5039.892046789999 136506.58201879248 75141.00751226634
5043.3826680952725 134643.8201191902 74775.64714479036
5046.873289400546 133399.37942256924 76295.36963082782
5050.36391070582 135575.67073518535 78286.61939935084
5053.854532011093 137361.95377382604 77651.11522408164
5057.345153316367 135852.37709971052 75070.75001818566
5060.835774621641 135877.26908450617 74734.52723162941
5064.326395926914 134291.37521620461 77972.12396979622
5067.817017232188 134944.38879256032 79208.79074884478
5071.307638537462 134499.8163769099 80100.04718434298
5074.798259842735 136271.9523999789 81123.79083953855
5078.288881148009 135498.65923369175 81338.19632578733
5081.7795024532825 135605.09994901408 82366.32371700578
5085.270123758556 134739.37259582034 83849.59566314645
5088.76074506383 136036.1905031557 85441.14299350842
5092.251366369103 134909.29376377017 83946.4645841195
5095.741987674377 134427.30595589228 84941.2556897123
5099.232608979651 134398.9680568291 84428.00813395018
5102.723230284924 134691.63426319335 84184.19126565025
5106.213851590198 135261.16926157963 86276.78210858561
5109.704472895472 135956.9974083613 86049.73487381067
5113.195094200745 134216.51325569808 85144.43003971312
5116.685715506019 132340.50980787794 84987.23812846994
5120.176336811293 136388.04056050675 86704.3066697425
5123.666958116566 136224.21403843138 88519.59007509059
5127.157579421841 134729.78671891883 87712.20734196994
5130.648200727113 134057.20376894908 86952.35083112094
5134.138822032388 134626.97652264062 86965.81982622962
5137.629443337661 134001.79639191664 84221.82076817815
5141.120064642935 134539.19754389205 77500.43896753818
5144.610685948208 135627.64959706468 75721.41049002614
5148.101307253482 132942.9220726743 76937.68468144495
5151.591928558756 132548.67145043387 85091.92688565583
5155.08254986403 134365.65343659374 88282.32980377847
5158.573171169303 133508.2579429483 91256.42330757873
5162.063792474577 133601.89409939852 90924.35656301715
5165.554413779851 135740.24454049015 88866.21760760302
5169.045035085124 133606.94729330868 88276.22951588182
5172.535656390398 134119.97399923153 93103.50714063636
5176.0262776956715 132927.52964182012 93187.44509833174
5179.516899000945 133014.82910764488 92915.73995742651
5183.007520306219 133049.03643504909 92950.17052107386
5186.498141611492 134212.87841803647 92388.9278598827
5189.988762916766 133221.34167868682 92501.71434290928
5193.47938422204 132315.69477579932 93971.83742686089
5196.970005527313 130821.66194786598 95601.97998585532
5200.460626832587 133377.26326976225 96989.1610382626
5203.951248137861 132795.93001536652 98860.35553996917
5207.441869443134 132704.38332009251 99227.13771408923
5210.932490748408 133567.38155383122 99173.94265374607
5214.4231120536815 132079.33744471933 99679.79442946908
5217.913733358955 132222.30739606905 101903.25235338329
5221.404354664229 131824.99305020136 99804.71940715238
5224.894975969502 131033.71981380512 100002.7492800898
5228.385597274776 131839.78508822364 102203.46093327804
5231.87621858005 131220.92386346028 101114.94434035072
5235.366839885323 130223.54105502511 100438.1009307768
5238.857461190597 130163.52458215183 99894.35078077948
5242.348082495871 130487.0866052871 99295.18049579178
5245.838703801144 131870.92144464786 99849.68173421505
5249.329325106418 128200.25718542635 100093.6082760192
5252.8199464116915 130106.0030305616 100971.02287280877
5256.310567716965 131478.03814394027 100306.31226065832
5259.801189022239 129654.43825234775 99307.65216015653
5263.291810327513 129469.85489717378 101832.40920331201
5266.782431632786 130256.51289915365 102171.94514471144
5270.273052938061 128966.7238460679 102766.66891716326
5273.763674243333 130341.56727021943 102463.92425913403
5277.254295548608 129502.29361287218 102362.21215172854
5280.744916853881 129111.00736248273 103110.32952402814
5284.235538159155 128281.23843809044 103484.5056345776
5287.726159464428 128976.98494755881 105322.23228750886
5291.216780769702 129318.67050685681 105781.9661852546
5294.707402074976 128606.30330416113 104356.0008672806
5298.19802338025 129133.99971955082 107087.92911926632
5301.688644685523 128758.45967724767 106992.43594827043
5305.179265990797 128694.20777969946 107369.42488271956
5308.669887296071 128893.55647264986 109277.69040041353
5312.160508601344 129253.40030143925 107112.35030802332
5315.651129906618 127348.47119062018 109818.70889243844
5319.1417512118915 127854.04137650889 109147.07147744503
5322.632372517165 126640.29464897022 110009.20594355332
5326.122993822439 127385.20352687853 110786.32008703792
5329.613615127712 127807.0030893663 109455.9462176206
5333.104236432986 126750.63731848335 110136.59586448524
5336.59485773826 128079.67360191797 111102.1556493518
5340.085479043533 127398.12447218246 110934.24455707867
5343.576100348807 125650.7973494419 111438.84253681595
5347.0667216540805 126420.31832824755 111067.19723168426
5350.557342959354 126335.63132292137 110807.73705979677
5354.047964264628 126355.85891664696 109908.8164296687
5357.538585569901 127503.86479926536 112576.37352376
5361.029206875175 126617.52324349609 112545.63913985416
5364.519828180449 126633.21587748126 112557.34592644789
5368.010449485722 124550.92052995163 112200.81644419442
5371.501070790996 125905.06864544649 113510.21049889094
5374.99169209627 127507.73302210303 113771.39972248947
5378.482313401543 126005.72765526902 114242.90285224846
5381.972934706817 126086.12720434894 112694.9215379849
5385.4635560120905 126050.34769550836 113696.36121428374
5388.954177317364 124790.66865352473 114758.53363589707
5392.444798622638 124694.24064830001 113342.33167243967
5395.935419927911 125770.99683733947 110479.17809018597
5399.426041233186 125272.8854494927 105202.70779806968
5402.916662538459 124303.98035906955 98773.46838400942
5406.407283843733 123374.42657894928 94233.04393282441
5409.897905149006 122601.68386986687 97821.23778999761
5413.3885264542805 123392.40810068478 105934.90661056845
5416.879147759553 122817.60830464991 109704.63660206008
5420.369769064828 123392.2572784239 111304.91909045057
5423.8603903701005 124219.58007411758 113811.58722550896
5427.351011675375 124232.01316427167 115296.82790103946
5430.841632980648 123984.081004455 115384.00668504783
5434.332254285922 122753.7505436945 115190.06373093733
5437.822875591196 123964.87835252234 116526.24008044032
5441.31349689647 123054.48511775573 117330.70054968783
5444.804118201743 122803.23027070073 117233.76886390673
5448.294739507017 120462.35880572401 116222.06113110096
5451.7853608122905 122200.6210167503 114505.45660526199
5455.275982117564 121990.90753416235 112889.1290773339
5458.766603422838 121493.83816556257 114128.68870558686
5462.257224728111 122184.06972261242 114275.26681512654
5465.747846033385 121150.44482092377 115515.71998715911
5469.238467338659 119843.99144849637 119358.74237430967
5472.729088643932 120454.91910117581 118222.98882512227
5476.219709949206 123083.80435250633 118654.44728956098
5479.71033125448 123001.84226685685 119577.92013986556
5483.200952559753 121731.53808272905 118751.5051447598
5486.691573865027 120886.25557331294 120310.0433585664
5490.1821951703005 121378.71923743877 118738.00938000399
5493.672816475574 122085.28489828634 119780.85213418359
5497.163437780848 121319.66550438637 119992.71908001321
5500.654059086121 121393.99602011239 120132.92166608102
5504.144680391395 121132.55070968099 119748.21974477623
5507.635301696669 121091.9655375288 119169.26956951621
5511.125923001942 119339.11099885569 119207.77742299932
5514.616544307216 119135.06758544038 118260.89247361175
5518.10716561249 120833.10693293253 120555.87263950279
5521.597786917764 119926.93647815766 122061.28800317626
5525.088408223037 117923.18866269995 122491.6895413994
5528.579029528311 117785.11293376304 122114.20518269321
5532.069650833584 117994.74423668829 121918.72569299396
5535.560272138859 118463.6139531782 122281.12415866999
5539.050893444131 120484.85341364525 121359.6518624824
5542.541514749406 119352.57176134863 117991.37518624065
5546.032136054679 117637.076053623 114153.04640769766
5549.522757359953 117101.95228660849 115051.53820275985
5553.013378665226 118284.34983241897 116940.21320842787
5556.5039999705 118043.66906088112 119392.0247868151
5559.994621275773 118647.51219287298 122177.40281481853
5563.485242581048 117292.2695369093 121660.9749623627
5566.97586388632 117137.60046608877 124211.51104076408
5570.466485191595 117555.13646174771 125220.72056081914
5573.957106496868 117828.57113943223 123915.57259767907
5577.447727802142 118727.54068897567 122849.73531174549
5580.938349107415 118052.31620998845 124216.69602798636
5584.4289704126895 117213.30695557171 125135.69515176494
5587.919591717962 117905.94723494658 125544.4002707797
5591.410213023237 116009.95419798518 125459.0085707211
5594.90083432851 116052.88546368472 125275.10762052968
5598.391455633784 115998.2386582602 125711.95287293826
5601.882076939058 115167.80558519711 127035.96397536826
5605.372698244331 115497.45573082344 126025.42681509309
5608.863319549605 114939.83880615859 126419.71651473876
5612.353940854879 114086.16952041184 127204.8015840478
5615.844562160152 115136.49346775233 127934.52553303247
5619.335183465426 117584.31086256336 128839.12079723048
5622.8258047706995 116805.64410450814 126681.91421474729
5626.316426075973 115383.99474217107 127713.47671980556
5629.807047381247 115788.34690999631 127547.8710745128
5633.29766868652 114983.64720487273 126529.24489619586
5636.788289991794 113131.83166095558 126250.52518253197
5640.278911297068 113482.97634357272 126355.60165209678
5643.769532602341 113787.07813559003 128874.64712102477
5647.260153907615 112869.27866998692 128699.90515012827
5650.750775212889 113864.25234777622 127167.0395689882
5654.241396518162 114026.79880842475 126990.11049400471
5657.732017823436 112191.17626321786 128576.43481497928
5661.2226391287095 112605.06315723273 127687.3251821907
5664.713260433984 111979.816601072 128395.78205350187
5668.203881739257 110399.17565542037 130402.24699370185
5671.694503044531 112354.20161779405 128403.61545188383
5675.185124349804 112031.81193550609 127914.89873374398
5678.675745655079 109322.60544005499 127841.45407268107
5682.166366960351 110353.0646910059 127729.42393183781
5685.656988265626 110700.50774256488 128887.22173809106
5689.147609570899 109772.80045682189 128769.89246286321
5692.638230876173 111336.8149537071 129130.89037479894
5696.128852181446 110693.8767098503 128483.80053211293
5699.61947348672 110229.53466675627 128979.39433590285
5703.110094791993 110575.71301997793 129776.97344162906
5706.600716097268 108944.2486679948 129287.07422682639
5710.09133740254 109781.67517633543 130508.92112896759
5713.581958707815 110942.07562530531 131302.91583199406
5717.072580013088 110568.99584846363 131219.98536574465
5720.563201318362 108787.87988555382 130533.87587069567
5724.053822623635 109146.55783180571 131440.77769494234
5727.5444439289095 109707.04980015461 129836.00073612755
5731.035065234183 108345.0122562413 129567.48342502023
5734.525686539457 107362.97945697083 128924.86641966974
5738.01630784473 105765.20855059572 128739.05789617986
5741.506929150004 105495.4130799158 131457.7942194473
5744.997550455278 106981.85603900875 131280.75186772156
5748.488171760551 108712.51558770667 132402.3913793751
5751.978793065825 107894.31661431116 133582.75328105388
5755.4694143710985 107628.25435942497 132389.48335507227
5758.960035676372 107343.55051815337 131655.959366543
5762.450656981646 105555.40920341671 133194.27387566367
5765.941278286919 107595.5765779989 131404.19476179944
5769.431899592193 106698.52736171421 132011.10314570542
5772.922520897467 107386.60299976081 132325.1511979092
5776.41314220274 106432.36292518402 132686.44791699914
5779.903763508014 107270.05759331641 133270.41725001208
5783.394384813288 105962.39861549785 133006.34861562224
5786.885006118561 105662.49546030635 132526.252288334
5790.375627423835 106426.22240407299 132454.5589742872
5793.8662487291085 105870.588715968 133289.6186825668
5797.356870034382 106921.80658539153 133618.17374773917
5800.847491339657 106789.17312180717 131842.84350985804
5804.338112644929 105124.28596101936 132834.49176944923
5807.828733950204 105437.0780747925 130210.19552464773
5811.319355255477 105368.69225052807 131585.91509390995
5814.809976560751 105303.29934175941 132123.92880182635
5818.300597866024 107162.10678775472 134134.4623280906
5821.7912191712985 106504.87188873655 134330.83463025512
5825.281840476571 105706.44923663205 135786.31160499074
5828.772461781846 105038.38455485446 133894.1142198239
5832.2630830871185 104749.29455005529 135444.45583922032
5835.753704392393 106431.91676047388 131162.53215061457
5839.244325697666 105315.59011971323 134263.2061624139
5842.73494700294 104142.39877929576 133650.0900113994
5846.225568308213 104132.70011419471 131210.04223693945
5849.716189613488 103269.74313133523 130502.0235135408
5853.20681091876 104506.22349721739 133415.61623146926
5856.697432224035 102368.2538108756 132479.8973009479
5860.188053529308 102277.17402640762 133431.9537717244
5863.678674834582 104250.32392663878 131942.59546376273
5867.169296139855 102711.65163180082 133999.6941054338
5870.659917445129 102174.95893780494 133065.3286100043
5874.150538750403 97947.95212363634 131228.3526323319
5877.641160055677 96685.74057711504 132562.75161467385
5881.13178136095 98733.93433004382 131656.2372645198
5884.622402666224 100034.45555316108 133028.03977875828
5888.113023971498 99756.55037596895 132069.81966585832
5891.603645276771 97893.74732291212 133416.89153941668
5895.094266582045 99035.08126936608 131925.30269267174
5898.5848878873185 98539.10184775108 135323.23833834048
5902.075509192592 99574.77503966099 133511.7912560113
5905.566130497866 99171.31766328592 133173.69303184643
5909.056751803139 99919.00812743405 132893.28468209962
5912.547373108413 98865.50526060158 135066.62968927046
5916.037994413687 99908.05029328872 133770.8294299435
5919.52861571896 97794.17427580827 134534.1430930883
5923.019237024234 98987.8182577364 133754.19812694
5926.509858329508 99123.90222170239 133487.1529989635
5930.000479634781 98713.79433899453 135136.90157979738
5933.491100940055 98405.93473808432 132919.2131003507
5936.9817222453285 98018.29177305185 134346.35896507738
5940.472343550602 95468.53695280816 133990.0262745583
5943.962964855877 96557.08387268147 134711.18400129903
5947.453586161149 95882.53354116302 133920.09342407616
5950.944207466424 95653.01498795247 130141.96405730922
5954.434828771697 95728.1069063947 127984.30827845537
5957.925450076971 96007.26020492906 119823.8992542313
5961.416071382244 96769.0890422952 112051.4649165863
5964.906692687518 95837.4913003501 110461.66295110912
5968.397313992791 96776.20407386428 120247.56417095049
5971.887935298066 96587.34264554101 128921.66571287946
5975.378556603338 95941.5258770666 129874.69613522805
5978.869177908613 97683.29432727437 131343.33959023716
5982.359799213886 97233.48594465917 131360.25570840362
5985.85042051916 95277.00600887851 134267.54699480743
5989.341041824433 95052.40810612126 133862.35257283907
5992.8316631297075 94866.19408347063 134073.25080006046
5996.32228443498 95217.05161865956 135081.76157682177
5999.812905740255 95137.77314678929 133531.8824846948
6003.3035270455275 94769.74567982712 134235.1018434384
6006.794148350802 96287.39154422066 134465.63099807015
6010.284769656076 95532.78054039538 132790.2417014844
6013.775390961349 94908.80504210711 131605.95570627638
6017.266012266623 95115.84073087526 132381.9503645933
6020.756633571897 94385.61992517725 131897.66965115655
6024.24725487717 95344.66795639944 129392.33414473885
6027.737876182444 94863.70561201191 126783.10109748511
6031.2284974877175 93847.77009176294 127688.8042830618
6034.719118792991 93319.68176228683 131724.8260091184
6038.209740098265 93632.41162855398 134047.52158117303
6041.700361403538 94633.37143081088 134335.3453896241
6045.190982708812 95512.34174186557 133093.87209713474
6048.681604014086 95104.29838460375 132967.06012743295
6052.172225319359 94731.15450617475 133180.92102387352
6055.662846624633 95391.32647259564 133292.92378512362
6059.153467929907 94203.7161292452 133638.2136490098
6062.64408923518 94869.69145303383 133998.83189769415
6066.134710540454 94817.58026300286 133468.24577532057
6069.6253318457275 94013.08023278197 133931.47002013805
6073.115953151001 94374.64008976244 133657.7066787848
6076.606574456275 93848.56836184696 134000.08189065824
6080.097195761549 92825.86479917479 133282.66561562804
6083.587817066822 93463.33288062389 131552.5283769658
6087.078438372097 92481.31476698912 133022.7298521333
6090.569059677369 92802.25481342648 134060.53370760777
6094.059680982644 94224.24094311064 132614.89579000024
6097.550302287917 96174.17805895397 133100.5631709007
6101.040923593191 93919.31852885462 132333.95088293852
6104.531544898464 93167.31347450145 131603.97043429455
6108.022166203738 92132.58916828259 128878.67786068888
6111.512787509011 93516.93954767377 130997.00318987855
6115.003408814286 92818.90029223806 131415.36571320068
6118.494030119558 93015.43462829612 130217.9829626217
6121.984651424833 92262.75155642432 129525.84593221582
6125.475272730106 93687.77439021201 128049.37875193443
6128.96589403538 92766.76619856896 131050.96923606792
6132.456515340653 92829.14001382244 129960.54421685768
6135.9471366459275 93361.4219840235 132817.0664610767
6139.4377579512 91047.719775117 131218.28228297352
6142.928379256475 92407.38368334767 130934.63391321653
6146.419000561747 93710.12522122788 132329.1432584356
6149.909621867022 92606.4905659982 132263.76741079305
6153.400243172296 92615.3313381018 130321.79747718337
6156.890864477569 92319.14562416245 129098.84575430365
6160.381485782843 89785.46560431005 128351.69963553685
6163.8721070881165 90569.17255334763 132336.84173762304
6167.36272839339 91877.15224153922 131175.35598534517
6170.853349698664 91134.6632147481 131198.07701480575
6174.343971003937 91388.35134554643 129982.61951389327
6177.834592309211 90896.9484968701 129598.66884487747
6181.325213614485 91369.42327530967 129857.84894838376
6184.815834919758 91817.48490641646 129889.26685365086
6188.306456225032 90313.76865492563 131305.6445567501
6191.797077530306 90601.17788576103 130828.87165470068
6195.287698835579 90983.13044930866 130771.62878450073
6198.778320140853 90431.61302147251 130630.4107357518
6202.2689414461265 90821.38125295853 131128.4912527833
6205.7595627514 89375.6293919038 131005.65388769569
6209.250184056674 88297.2163556796 129174.64649097428
6212.740805361947 88418.64107647506 129539.15280279945
6216.231426667221 87387.2852558438 129916.24889323338
6219.722047972495 87873.64634258734 130586.66170406457
6223.212669277769 87603.44584013948 131371.28809705828
6226.703290583042 87203.33030396272 131413.92112472552
6230.1939118883165 86754.7956494792 128808.58490045308
6233.684533193589 86014.81332428382 129134.96429700375
6237.175154498864 87026.86252573374 132872.9870484935
6240.6657758041365 84769.87563249045 131624.09707215693
6244.156397109411 84839.11379646098 130382.19809621981
6247.647018414684 85351.79190740729 130348.8355328631
6251.137639719958 85151.17789299748 130692.31830881657
6254.628261025231 84417.42490714563 130336.75419600858
6258.118882330506 85627.50473728844 131032.23788912094
6261.609503635778 85602.11871585807 132110.7815614314
6265.100124941053 83865.35098291887 129721.97756193149
6268.590746246326 85191.82737451761 128704.0134279472
6272.0813675516 85458.16964017351 130691.35014857685
6275.571988856873 83063.58144329787 130130.18659557689
6279.062610162147 81593.6775619766 129228.58468581681
6282.55323146742 82030.87808769275 132276.7522317538
6286.043852772695 82763.74980769373 130450.91880479918
6289.534474077967 83833.39517611057 131032.61135360539
6293.025095383242 83239.10106638566 129587.59928032235
6296.515716688516 82348.81206724419 129705.885961578
6300.006337993789 82667.29634482489 128889.654120152
6303.496959299063 81799.8538713058 130874.70912447832
6306.9875806043365 81824.66418948601 130174.16339410507
6310.47820190961 82317.57603264402 130534.19572991267
6313.968823214884 82623.94521301563 127756.77578618369
6317.459444520157 82464.13694886139 128467.31689197151
6320.950065825431 81463.99754853209 130430.02790600303
6324.440687130705 81489.07860719657 129541.7264142439
6327.931308435978 82106.48670833257 129845.84042989484
6331.421929741252 80496.7855339541 130493.67203696087
6334.912551046526 81459.32735556518 129195.66857694485
6338.403172351799 81980.16551342943 129532.47610377596
6341.893793657073 81308.30914803919 128930.48950534091
6345.384414962346 81610.5651139689 128134.32716334666
6348.87503626762 81350.43259812436 129278.05564168289
6352.365657572894 80582.41530369422 128613.0660418913
6355.856278878167 79787.43270586834 127810.42689430671
6359.346900183441 80887.10319021043 127861.07075546724
6362.837521488715 80881.07155387176 127882.96276552371
6366.328142793989 78908.96888134707 129041.77512261173
6369.818764099262 78568.00918239978 127574.85399045266
6373.309385404536 79107.45061604017 126007.96498331454
6376.800006709809 78983.92680409888 129847.01727092791
6380.290628015084 78869.014065244 127770.80098964303
6383.781249320356 78320.18876533885 127193.2903434408
6387.271870625631 79832.78374873163 127587.0646906939
6390.762491930904 80369.80073220357 128124.31336965442
6394.253113236178 79689.11572380806 127078.87964609827
6397.743734541451 79277.51775442518 128635.915301534
6401.2343558467255 79714.87265165338 127384.3812150498
6404.724977151998 78875.94993001161 126942.65693630766
6408.215598457273 79706.6550368028 126446.09172894183
6411.7062197625455 79381.11311822102 127521.04308771287
6415.19684106782 79290.46893236836 127737.192395657
6418.687462373093 79054.47882890284 127089.80949727648
6422.178083678367 79236.16291035527 127287.94255827778
6425.66870498364 77503.5838936783 127057.68139031438
6429.159326288915 78165.35807161608 126858.03008292936
6432.649947594188 79096.69087752872 127291.90510185075
6436.140568899462 77877.22292010386 127901.77033695245
6439.6311902047355 79654.08882111002 126217.35245674552
6443.121811510009 79627.84408470496 126192.76145538835
6446.612432815283 78066.04422596058 125433.6315583747
6450.103054120556 78276.32409310296 125768.23353117338
6453.59367542583 77379.28298819673 126604.15801912382
6457.084296731104 78316.44200740627 125709.93082792948
6460.574918036377 78025.67954597826 126117.3449595144
6464.065539341651 77396.52786615778 126753.17655720255
6467.556160646925 76272.51811218142 125306.48024187738
6471.046781952198 75850.61251741035 124861.29490381604
6474.537403257472 76907.4093314057 125512.39996588735
6478.0280245627455 75325.64067971513 125272.60823316849
6481.518645868019 75034.05417241312 126088.659933528
6485.009267173293 74718.49923289062 126211.53185148962
6488.499888478566 74024.53523340165 125534.79959580336
6491.99050978384 76341.66533183811 125367.08368247906
6495.481131089114 76106.36710401648 123940.77216742914
6498.971752394387 75361.48260876657 125645.31419244128
6502.462373699662 75162.15419700585 126574.46495453845
6505.952995004935 76220.72488852862 125243.05537768436
6509.443616310209 74417.1366944785 125582.82889043135
6512.934237615482 75953.23920330121 125494.96810764485
6516.424858920756 75195.04889995561 124307.24328365648
6519.915480226029 75288.67655905266 124258.12021123755
6523.406101531304 75860.68700599774 125408.97755606883
6526.896722836576 74997.60186315219 125080.84364411616
6530.387344141851 76339.03381686175 123740.10872676806
6533.877965447124 74440.55605652116 123278.7626117645
6537.368586752398 75540.85563751211 121868.44806857978
6540.859208057671 75116.37913307469 123016.7949183409
6544.3498293629455 76177.19349717408 122863.69740678252
6547.840450668218 73631.8587878264 122927.53844463115
6551.331071973493 74218.15392121329 123963.30893850749
6554.821693278765 72006.99092911789 124058.13454144043
6558.31231458404 69466.5448457409 124650.33224411527
6561.802935889313 67056.60217518776 122742.50054178742
6565.293557194587 67503.63439241191 123670.24340294853
6568.78417849986 69505.08054962031 123293.74134046085
6572.2747998051345 70552.81304398885 123328.21819800421
6575.765421110408 71563.41744398103 121721.81412444302
6579.256042415682 72861.46817710454 121228.681978113
6582.746663720955 72451.7820853948 122689.8969169071
6586.237285026229 73525.8731907328 121989.40735953685
6589.727906331503 73954.37426389329 121984.15937788847
6593.218527636776 73539.67394312438 122552.00770960689
6596.70914894205 74132.57861747319 121427.44032484743
6600.199770247324 73727.56058885627 120051.46476535204
6603.690391552597 74120.60196260351 120951.53185820823
6607.181012857871 73695.05841300148 123575.68009223175
6610.6716341631445 72967.29061240946 123521.47745887336
6614.162255468418 73573.53489425282 122287.12147849481
6617.652876773692 74625.7914701146 121403.32669308383
6621.143498078965 74265.41064396089 121541.49372984418
6624.634119384239 73919.88638976894 122824.08313902323
6628.124740689513 73962.52080197723 121977.67581023613
6631.615361994786 73965.66240339004 122149.24746062206
6635.10598330006 73643.89398624691 121994.39905589006
6638.596604605334 72917.0785159335 121877.74345852961
6642.087225910607 74834.9481117417 121423.01260888175
6645.577847215882 73115.126824993 119285.76906855244
6649.0684685211545 73537.74093782825 121340.63551089133
6652.559089826429 72109.52285530351 121302.61840290428
6656.049711131702 73164.56889131582 120282.99583242754
6659.540332436976 72713.54211508545 117820.97041180904
6663.030953742249 72511.59558316297 119624.331101443
6666.521575047524 72903.03364186335 118397.46617070623
6670.012196352796 72063.36635567818 120805.54863940839
6673.502817658071 70457.49496482358 120914.03421366573
6676.993438963344 68386.08932824692 120484.89937833716
6680.484060268618 68705.8170748607 118037.93833452658
6683.974681573891 70312.47451744216 118874.36508976133
6687.465302879165 71785.48974224135 119115.19365576505
6690.955924184438 72394.4508267577 119142.91783688855
6694.446545489713 71820.1191574477 119685.23228431032
6697.937166794985 71738.79038133798 118563.9797175723
6701.42778810026 72200.22307333315 118584.1659305834
6704.918409405533 72077.64347616176 118850.61249344911
6708.409030710807 72090.59978521022 119114.33910058107
6711.899652016081 71399.75838001553 120011.22350101631
6715.3902733213545 71809.38409515968 119912.83263787496
6718.880894626628 73210.69129752243 118576.4263780578
6722.371515931902 71108.26502754167 119564.3549481076
6725.862137237175 72651.81750096279 118126.99944812193
6729.352758542449 71047.19792994641 117287.4581371828
6732.843379847723 72224.94272573589 118156.31314046543
6736.334001152996 71379.76782082867 116682.08380738576
6739.82462245827 71656.16275205114 117209.33825985108
6743.315243763544 70362.10876722816 116898.273704594
6746.805865068817 71460.37769833519 116273.27151774627
6750.296486374091 70339.57559918279 115683.93468013368
6753.787107679364 69990.12789396917 118042.75753661736
6757.277728984638 71221.92450322921 119439.09052669253
6760.768350289912 70154.18219302308 117804.11271339504
6764.258971595185 70784.03450151323 117205.79256158347
6767.749592900459 70135.53060116046 117703.61017581898
6771.240214205733 70269.81637764894 116114.20386775948
6774.730835511006 69930.99724782226 114861.77423170122
6778.22145681628 70665.76289018252 115726.69725444178
6781.712078121554 70637.18118745835 115488.8477988719
6785.202699426827 70459.587811685 114949.43274544476
6788.693320732102 70127.04587354067 116053.15787130604
6792.183942037374 71303.20904529358 115757.20157735451
6795.674563342649 70925.76945476973 114181.33700835808
6799.165184647922 70112.23388440229 114735.76121511437
6802.655805953196 70857.21726994704 114398.38726862421
6806.146427258469 69736.97911670865 112707.87127441437
6809.6370485637435 69276.55332691774 114295.41588438537
6813.127669869016 69589.94593276505 114658.715016095
6816.618291174291 70384.63527703549 111795.23711005904
6820.1089124795635 69989.68160376024 112339.2288067332
6823.599533784838 68920.87948796614 113260.22841930782
6827.090155090111 68282.85235437904 111813.2770736019
6830.580776395385 69888.19703773405 113426.46236992124
6834.071397700658 70465.99437795757 113754.93375869739
6837.562019005933 69789.81470921362 112302.6698570266
6841.052640311205 69683.51000733259 113522.16714456149
6844.54326161648 69256.1640054785 111744.10059001029
6848.033882921753 69219.32367144403 111812.32163314027
6851.524504227027 69216.13015804226 113003.4448992942
6855.015125532301 68446.66309140701 113557.75339090593
6858.505746837574 67793.91880596081 112372.47118027379
6861.996368142848 67278.07195002105 111113.46287053166
6865.486989448122 64699.7054262132 112213.93377254857
6868.977610753395 58688.405940579054 111757.32071698953
6872.468232058669 55725.54846349349 110817.70066989573
6875.958853363943 56588.50065872267 109608.88110717956
6879.449474669216 59371.95262363283 108365.92010427506
6882.94009597449 62389.39526718882 108301.60719843327
6886.4307172797635 62850.65060181466 110132.88589324855
6889.921338585037 62472.48170864512 111586.11369082372
6893.411959890311 62013.74185563955 110371.94735610753
6896.902581195584 61209.93699593814 110399.13751014092
6900.393202500858 61819.77381660765 109765.57684722854
6903.883823806132 62415.70609185001 108539.24366407882
6907.374445111405 63466.95130076525 110372.02959823789
6910.865066416679 64671.57478006099 109436.72714088573
6914.355687721953 64128.75198995954 110340.71974775434
6917.846309027226 65917.82750314398 109340.1895286052
6921.3369303325 65503.27007708836 110229.87736326267
6924.827551637774 64651.234105989555 109007.59822991227
6928.318172943047 65301.225115702975 108518.42478791026
6931.808794248322 64924.88179314962 109478.15085959944
6935.299415553594 65087.695287189345 109018.05756860934
6938.790036858869 65556.14906195016 109636.8297615632
6942.280658164142 63879.965659304464 110209.99260661076
6945.771279469416 65043.28288389398 108508.96329106817
6949.261900774689 64723.05005690103 108257.31801973317
6952.7525220799635 65075.72596837552 108694.34853034971
6956.243143385236 64840.00095312282 108158.87894868695
6959.733764690511 65302.96568710151 109606.8667390053
6963.224385995783 65210.02163398114 110012.89519619568
6966.715007301058 66049.08896330406 109238.84964004213
6970.205628606331 66287.4646765991 108587.67642922128
6973.696249911605 67315.28078344134 107752.03416288781
6977.186871216878 68653.6706733264 108752.40539698605
6980.6774925221525 66639.6947220274 109417.0979807144
6984.168113827425 66113.50100284454 107988.37765167057
6987.6587351327 66564.44363447982 107487.85273896645
6991.149356437973 64253.939952590335 106947.8245088544
6994.639977743247 64601.931575624636 106797.99739686605
6998.130599048521 66166.53136891087 107473.16347545933
7001.621220353794 65817.71361438763 105449.10031593296
7005.111841659068 64871.716798435 106049.55820232698
7008.602462964342 64310.94067753548 107576.37320045858
7012.093084269615 64931.55767223073 106034.82078822162
7015.583705574889 64922.748120715245 105467.26711212678
7019.0743268801625 67043.23121493756 101290.59585548591
7022.564948185436 65338.27461736055 100142.44871416158
7026.05556949071 65343.020552944494 102121.67962519385
7029.546190795983 65045.13588207083 103468.89522851976
7033.036812101257 66062.12438520924 103446.43047869825
7036.527433406531 64142.91447286957 101715.36717259733
7040.018054711804 65213.65139400854 102449.48061493985
7043.508676017078 66747.01024538995 102291.3242715532
7046.999297322352 67913.08377391807 103033.00774585952
7050.489918627625 68138.28687514676 102875.5729641961
7053.980539932899 68061.82058508409 103362.18415996003
7057.4711612381725 67544.36919621174 102902.12824813741
7060.961782543446 66926.91578045534 103196.14436443699
7064.45240384872 65308.458763013674 102447.08336731633
7067.943025153994 63645.43800801951 101774.8393247388
7071.433646459267 64201.702914999376 103075.35245931837
7074.924267764542 65160.604070811234 102453.39028965012
7078.414889069814 65971.17840450029 102352.9832694169
7081.905510375089 66264.68660096196 102157.84300729162
7085.396131680362 66094.77774470435 100848.04643508872
7088.886752985636 67741.70275143045 99235.35088741338
7092.377374290909 68338.3791919763 100781.72950279312
7095.867995596183 68058.27743073115 99393.37274325159
7099.358616901456 68480.20146753345 99701.18254872724
7102.849238206731 66629.49882695307 99490.29529625543
7106.339859512003 66966.53561319821 100278.90763556794
7109.830480817278 65798.13868162349 100642.01614418658
7113.321102122551 64536.1261747109 99510.16223775034
7116.811723427825 63792.593416658434 100931.81414109522
7120.302344733098 63179.660461309795 100205.17045513974
7123.7929660383725 65586.89533603082 99864.36659573186
7127.283587343645 65744.74111095617 101538.00604133376
7130.77420864892 66720.07427709237 100875.77408229248
7134.264829954193 66997.73392977925 99267.17476721543
7137.755451259467 67910.37031078161 99002.8997076477
7141.246072564741 68208.13462917572 98850.70880357371
7144.736693870014 66256.77686781087 99156.34416236391
7148.227315175288 66724.9523294085 99123.78936635335
7151.717936480562 67903.78394603812 98607.46388473039
7155.208557785835 66416.1441082001 99902.0843310843
7158.699179091109 65481.54297336824 99978.22640995866
7162.189800396382 65462.32655294687 98805.73917625232
7165.680421701656 64495.502005110735 99494.39794702579
7169.17104300693 61925.9654136598 98218.22508909443
7172.661664312203 58335.91070575089 99312.76634034392
7176.152285617477 57590.474601945825 99108.8816781069
7179.642906922751 56245.62605612668 98309.72715410068
7183.133528228024 57015.16297571852 97664.76394785962
7186.624149533298 55900.6744280279 97427.15044010771
7190.1147708385715 57565.62640318736 98280.55184349096
7193.605392143845 57922.48876459396 99309.09913164577
7197.096013449119 59105.28319022918 99714.6637178658
7200.586634754392 59812.674189075406 98758.94317194368
7204.077256059667 57916.80514160395 99577.68403918795
7207.56787736494 60015.8183455947 98828.32584261736
7211.058498670214 61883.567115995655 98586.74109078551
7214.549119975487 63276.144840668494 99208.69206626838
7218.0397412807615 63756.968041511805 98643.16335991549
7221.530362586034 63346.794272394414 98360.72268876509
7225.020983891309 62975.03526604489 98574.53039863432
7228.5116051965815 61842.414748191586 97629.9853275174
7232.002226501856 59917.00536004962 97287.40825652954
7235.492847807129 59119.782794410174 97419.62342806059
7238.983469112403 59331.79941210468 96581.37053765598
7242.474090417676 58444.82711709538 97118.72748432613
7245.964711722951 59356.04284425522 98855.39214505555
7249.455333028223 59598.38541633265 100279.8890972114
7252.945954333498 58305.44232534922 98060.72279386489
7256.436575638771 57702.510516330396 97316.75711723899
7259.927196944045 55694.776076775306 96497.38497131178
7263.417818249318 56002.875355584656 97773.81778000548
7266.908439554592 57202.056405285504 97013.45676023721
7270.399060859865 59519.83379137946 97425.97560823204
7273.88968216514 60455.20609480281 96580.03704495705
7277.380303470413 57877.27442630852 97835.18813397587
7280.870924775687 58316.504676050776 97216.24017473312
7284.361546080961 60350.245113955796 96759.4085970276
7287.852167386234 60547.78260585957 97685.3781264983
7291.342788691508 59662.358568925214 95936.8233640791
7294.8334099967815 59322.05595868877 96232.63260648081
7298.324031302055 59253.908794282856 97971.86394366318
7301.814652607329 59574.67774695841 97293.11351290034
7305.305273912602 60243.57875572769 96892.51615383312
7308.795895217876 60171.06098840001 97186.86434752679
7312.28651652315 59645.75732156471 95307.35465536105
7315.777137828423 59339.68277849679 94053.47364645658
7319.267759133697 59951.39311224506 96013.33750439355
7322.758380438971 61481.2300225072 95781.44214896233
7326.249001744244 61603.83337172444 95384.37511113506
7329.739623049518 61371.04341451109 95845.29886475875
7333.2302443547915 60971.23506984189 95050.14809936481
7336.720865660065 61198.33126927383 96287.72879614867
7340.211486965339 61586.26766270664 95718.9163504676
7343.702108270612 61779.5453092227 94429.64755456247
7347.192729575887 62192.12684616191 95504.63840114929
7350.68335088116 61670.36206556374 95023.29127851383
7354.173972186434 62299.62658622222 95133.20815100783
7357.664593491707 61730.91145570667 95299.94937771035
7361.155214796981 61302.32843180597 93317.49650979761
7364.645836102254 61350.67660934906 93110.10902633054
7368.136457407529 60196.64565822602 92721.66280296165
7371.627078712801 59093.310821492174 92129.30966773207
7375.117700018076 58231.219687627396 92525.79274631459
7378.608321323349 57292.808941182695 91978.61178836557
7382.098942628623 57431.55576852513 91728.87542533215
7385.589563933896 59474.539844367784 91110.0010988464
7389.0801852391705 60744.1685937961 90613.69246507883
7392.570806544443 59797.61660557188 91537.45447943229
7396.061427849718 60688.23466386143 89421.41764647115
7399.5520491549905 61462.53309914323 89285.59118495737
7403.042670460265 61712.258629431555 89969.81673174849
7406.533291765538 60631.545159892914 89725.58875222671
7410.023913070812 62052.07632059938 89010.9110481724
7413.514534376086 61632.919802866556 90148.19480441237
7417.00515568136 61614.957527915474 90492.80959493824
7420.495776986633 60248.05995875853 88631.45575003081
7423.986398291907 61305.815335711886 89550.96488245581
7427.4770195971805 61071.87659430818 90383.26679391431
7430.967640902454 61514.48612597391 88531.68062121734
7434.458262207728 62260.81441380428 86430.77191142525
7437.948883513001 61213.46162941835 86518.88045783053
7441.439504818275 61550.06145854303 87197.20020766665
7444.930126123549 61398.56528088078 88188.92491394082
7448.420747428822 59972.1762101504 88474.45754240078
7451.911368734096 59968.90241454961 87411.8539971034
7455.40199003937 59947.58595707023 87262.61753631021
7458.892611344643 59009.24756371443 87120.65278645078
7462.383232649917 58827.70602517393 86284.74419054693
7465.8738539551905 59510.5640813787 86870.75827888353
7469.364475260464 60147.98536028136 87272.1382279657
7472.855096565738 60129.947759480216 87294.23429659352
7476.345717871011 58506.67898595083 86996.07091209963
7479.836339176285 59077.67169182203 86056.28862272551
7483.32696048156 58286.306617982045 86519.13705126705
7486.817581786832 59810.364244291886 86574.3091251612
7490.308203092107 59144.90201118982 85057.07886743681
7493.79882439738 59518.02526387462 86968.34106978109
7497.289445702654 58180.15651967986 86277.56871796711
7500.780067007927 59277.24049806538 86244.1205279705
7504.270688313201 58325.81251401546 86301.24219879106
7507.761309618474 58709.18973256088 86032.83879120603
7511.251930923749 59236.01498983106 85188.66657448636
7514.742552229021 58239.806610939646 84870.19990409072
7518.233173534296 57668.54300825055 85875.77452821647
7521.723794839569 57813.351468596156 85486.80194131707
7525.214416144843 57322.991714683376 83774.30100812734
7528.705037450116 57313.55984736656 83512.69584789786
7532.1956587553905 58270.6815690039 83932.34589423134
7535.686280060663 57401.03343329606 83965.78114889946
7539.176901365938 57698.62670327079 83710.47242167477
7542.6675226712105 57197.40830610582 82944.78416975639
7546.158143976485 56141.6934990157 84491.1586937066
7549.648765281758 53972.19995482475 85116.28033545412
7553.139386587032 53802.77752027934 84609.40407926052
7556.630007892305 52777.58668215256 84164.18192211875
7560.12062919758 52380.25560766874 84592.24437879884
7563.611250502852 54344.23349753537 83941.00519512878
7567.101871808127 55642.486637482274 84338.86327715391
7570.5924931133995 56116.098407176054 84305.25679688505
7574.083114418674 55965.49601513937 84225.09509637536
7577.573735723947 57112.43646488347 83912.05133160616
7581.064357029221 56042.14357483702 84271.29821945819
7584.554978334494 54618.64578119611 83243.09028924398
7588.045599639769 55739.53028634564 82390.88157168475
7591.536220945043 53418.35468581491 83669.73641854763
7595.026842250316 45844.81782897182 83285.92450084852
7598.51746355559 37686.06244156692 83250.98207620856
7602.008084860863 30690.077044392245 84977.99343815463
7605.498706166138 26620.05287768421 83565.25343267663
7608.98932747141 27542.020290567776 82762.08720555082
7612.479948776685 31446.614471113397 83076.50034363817
7615.970570081958 36068.96020062813 82137.52240053336
7619.461191387232 42210.23994317515 83484.8036718264
7622.951812692505 43626.74355251088 82404.66872169898
7626.4424339977795 39484.358191374 82293.89334181191
7629.933055303052 36988.34497272234 80558.70544093112
7633.423676608327 36411.759023199666 81154.84088444742
7636.9142979135995 36791.32867353134 81507.92424405845
7640.404919218874 37379.30806041188 79826.60695567616
7643.895540524147 39929.71522015701 80335.72276797592
7647.386161829421 41080.176772457 79177.72327363549
7650.876783134694 42283.55210497604 79488.53358878252
7654.367404439969 45101.40249336694 81208.07620864178
7657.858025745241 46421.00841046184 80858.98144814147
7661.348647050516 47680.97182096043 79987.71609150144
7664.839268355789 48987.51785829522 80381.5130111253
7668.329889661063 49127.65426880932 81089.25569024454
7671.820510966336 49743.810542918334 79403.29352270985
7675.31113227161 48704.71907376367 80817.49702816912
7678.801753576883 49829.501162243345 80085.69999270562
7682.292374882158 50304.0686031388 80179.95834168894
7685.78299618743 51716.43953540705 81033.7541669471
7689.273617492705 52169.5178466683 79888.24151770516
7692.764238797978 52554.96857239236 81384.90020946813
7696.254860103252 52528.85340525497 79660.34439130274
7699.745481408525 52712.28860468813 80366.22910613955
7703.2361027137995 51963.10552877315 80397.12997405788
7706.726724019072 52371.05386295277 81063.0305799596
7710.217345324347 52592.024885815605 79318.81131449112
7713.7079666296195 53003.594076775305 78869.28948015462
7717.198587934894 52106.05420385445 77955.53919656256
7720.689209240167 51121.3503123843 75057.57090179872
7724.179830545441 51742.88206099931 72660.28232652876
7727.670451850716 51905.285649851925 71771.5055276154
7731.161073155989 52185.51694722184 73786.39802826593
7734.651694461263 51748.2637429739 75373.1426376901
7738.142315766536 50383.34563113606 76203.51794648603
7741.63293707181 51487.97140236186 77311.3518444741
7745.123558377083 51975.47724200763 77765.87351493018
7748.614179682358 51602.17422309255 77340.43366052705
7752.10480098763 51537.95714558917 79442.04192366023
7755.595422292905 50936.585319544305 78458.75141012172
7759.086043598178 51381.55388874823 78977.16184674641
7762.576664903452 50368.29278526998 78835.77965472796
7766.067286208725 50196.176671639696 79005.2339022399
7769.557907513999 49194.32768444411 79069.53363868907
7773.048528819272 48120.27184529324 78349.06305003224
7776.539150124547 47271.156687880466 78193.06073787161
7780.029771429819 48439.85033543242 79228.38311499126
7783.520392735094 50045.91892043137 79694.92353584882
7787.011014040367 49399.09908101684 79214.05352839464
7790.501635345641 48962.78192462443 79028.36983997983
7793.992256650914 49928.59350216872 79120.57801443504
7797.4828779561885 49993.60259576988 79160.63318591868
7800.973499261461 49370.263756090826 78493.22999093185
7804.464120566736 49602.19941485042 78251.44332963448
7807.9547418720085 48575.85387323007 79900.53009800856
7811.445363177283 47994.98705526606 78088.96553282357
7814.935984482556 48246.12858717539 78827.09987953448
7818.42660578783 48959.99213928341 77307.97998937522
7821.917227093103 48579.578685197805 78358.69221191286
7825.407848398378 48126.51248492792 77960.45580041624
7828.89846970365 46811.219620636504 77790.21322275251
7832.389091008925 47209.16739776266 78187.71423363514
7835.879712314198 45258.74606362976 77488.26999704514
7839.370333619472 43401.36743585177 75921.90675025813
7842.860954924745 43938.27355765973 73877.23003851066
7846.351576230019 44992.336937601875 73535.80903535025
7849.842197535292 45984.259672953965 75064.28411335385
7853.332818840567 46992.387165639455 76683.02767369506
7856.823440145839 47261.01804237812 77599.80466575455
7860.314061451114 47674.66005927687 77090.55503710224
7863.804682756387 48019.877173449895 76803.74942239322
7867.295304061661 45753.47844686558 77348.98338510137
7870.785925366936 46944.72099264571 77447.59994647668
7874.2765466722085 46736.37835211704 77078.52247982007
7877.767167977483 46955.88847365021 77194.53983104392
7881.257789282756 46350.039407702156 75988.14444144128
7884.74841058803 45117.77575678046 78715.65437365264
7888.239031893303 45783.006066582806 76611.77534851311
7891.729653198578 46542.02224203444 77541.31247591307
7895.22027450385 45407.267333289245 76821.87919978147
7898.710895809125 45103.59197037005 76957.62301121348
7902.201517114398 45365.274517689344 77003.52390291827
7905.692138419672 45212.814764508774 77004.32081955575
7909.182759724945 45779.08007541703 76379.13581356169
7912.673381030219 45724.605309839964 75839.71215161963
7916.164002335492 45139.691956684415 76367.89365707751
7919.654623640767 45943.860788184735 75240.00159854934
7923.145244946039 45533.033399616055 75693.0571029279
7926.635866251314 43953.69029242887 76275.97241862305
7930.126487556587 44366.93531890256 75339.31107613642
7933.617108861861 44286.20531565645 76096.18678382364
7937.107730167134 45017.444651401 75241.14944851266
7940.5983514724085 46014.08881766491 75694.88478672216
7944.088972777681 45629.01997928176 75135.44441025605
7947.579594082956 44422.51861929282 76097.33012950655
7951.0702153882285 43462.3452230884 75799.53545771012
7954.560836693503 45040.52901025423 75777.35159398608
7958.051457998776 44860.40988173683 75313.2266974579
7961.54207930405 43728.63865287026 76689.78839950239
7965.032700609323 43460.78072743469 76031.23232075149
7968.523321914598 43007.19574945568 75425.06541059636
7972.01394321987 43020.9030848698 75993.24562317399
7975.504564525145 43749.13555293383 74975.69265621142
7978.9951858304175 43603.1942550936 74634.00796884754
7982.485807135692 43318.24727078025 74788.66550917689
7985.976428440965 44227.24946472758 75701.1160795171
7989.467049746239 44049.77934925856 75280.93315395487
7992.957671051512 43124.98803791681 74257.39778614258
7996.448292356787 43260.40569738269 73487.77432002808
7999.938913662059 43483.11867483585 74857.45021209387
8003.429534967334 43171.05033625911 75776.01326363262
8006.920156272607 42600.42473461052 75145.27243378235
8010.410777577881 42255.15799727471 75113.930519736
8013.901398883156 41853.639954182334 74655.27628628674
8017.392020188428 42146.53190887871 74490.75362081766
8020.882641493703 42850.32682067408 74536.6629259722
8024.373262798976 42279.14685359398 74077.63465105547
8027.86388410425 41788.14363979743 73252.14709900384
8031.354505409523 41727.06862994228 72779.50991911483
8034.8451267147975 41455.36059339298 71489.13446865037
8038.33574802007 42206.20452392217 66631.9224818764
8041.826369325345 42368.28947380392 61372.419905077
8045.3169906306175 41276.863780185915 61055.19090762333
8048.807611935892 41855.93361940814 63060.282476322594
8052.298233241165 42045.22440989428 66263.9759301193
8055.788854546439 41030.80322971043 68413.32092122159
8059.279475851712 41525.30832679985 67768.08810447024
8062.770097156987 42150.871806747185 67775.65802214325
8066.260718462259 41607.85133731369 66745.83246068782
8069.751339767534 41368.99980249574 66583.60185183398
8073.241961072807 41297.78154635038 67393.88442912379
8076.732582378081 41011.21612427108 67650.15678650976
8080.223203683354 40933.354095926 69444.5094503035
8083.713824988628 40376.37172599183 69688.52137330876
8087.204446293901 40083.22354704462 69910.30925491134
8090.695067599176 40565.03303319754 71347.59823004776
8094.185688904448 40763.46456900972 70496.07959695597
8097.676310209723 40327.64541622047 69983.667976385
8101.166931514996 39821.95589029669 70661.40683897662
8104.65755282027 40091.42450363826 70174.03178308273
8108.148174125543 39750.817882413605 70467.88206485164
8111.6387954308175 39051.45320258358 70768.54271892039
8115.12941673609 38759.94644799078 68924.97726158236
8118.620038041365 39022.92673234393 70321.83986353525
8122.1106593466375 38996.400120723265 70066.18845546205
8125.601280651912 38276.316559070925 70351.97052621744
8129.091901957185 37891.337324490596 70055.69648523178
8132.582523262459 37159.65537970334 70597.77229395552
8136.073144567732 36599.97657765891 70570.94940688403
8139.563765873007 36948.51317538983 71186.53369724315
8143.054387178279 36650.685870388006 71648.03500222345
8146.545008483554 36185.306336071255 72500.61436324542
8150.035629788828 35217.32197801828 73959.03680088329
8153.526251094101 34619.19644276314 72317.05283368593
8157.016872399376 35465.47456370764 71075.55562224943
8160.507493704648 33819.36340317569 72135.89299443581
8163.998115009923 33380.01706408374 69836.20799610083
8167.488736315196 33971.91910323558 69482.41587142703
8170.97935762047 34473.20548792143 71066.62865085002
8174.469978925743 34616.931515432814 71326.04083581764
8177.960600231017 34782.87586614626 70521.89364111416
8181.45122153629 34546.87470181704 69592.73076320869
8184.941842841565 34639.995882120464 70116.2254985306
8188.432464146837 34486.606818480825 69863.36004647396
8191.923085452112 34531.43570962157 71709.34383988842
8195.413706757385 34773.92696835186 71370.20816098001
8198.90432806266 34559.8475225692 70169.34302015182
8202.394949367932 34886.72658799702 70225.66400928164
8205.885570673207 35919.25453866421 70795.67037067798
8209.37619197848 36058.54945944591 70625.96631088083
8212.866813283754 35698.527404639884 69314.29797471077
8216.357434589027 35521.2306754513 71488.64561325684
8219.848055894301 34613.94964568238 72434.11396471715
8223.338677199574 33810.03854360979 73528.24774062319
8226.829298504848 31558.510415086566 73419.25398790618
8230.319919810121 29654.32902434027 73105.24098079048
8233.810541115396 30450.59427211768 72442.19239301866
8237.301162420668 32822.37459971711 71785.96533988294
8240.791783725943 33766.35134292235 69765.22808736762
8244.282405031216 33595.15074412635 68855.78500034126
8247.77302633649 35081.075759579486 69698.38147341316
8251.263647641763 35288.3994249461 70602.10242912966
8254.754268947037 34379.45806611469 71363.7117716725
8258.24489025231 34117.3946646237 71287.76643781153
8261.735511557585 33619.89468327317 71528.37531809913
8265.226132862857 33570.28896309994 73082.66096992497
8268.716754168132 34004.2170663205 73349.06000327956
8272.207375473405 33463.70748961236 73210.48961448635
8275.69799677868 32648.04506999153 73341.39787543652
8279.188618083952 32964.979699096155 71562.78663072192
8282.679239389226 32727.531464356398 72143.77422075978
8286.1698606945 32671.45900357225 71123.23534890759
8289.660481999774 32711.090585228787 69915.5874544905
8293.151103305048 32354.182108967292 69129.1042060234
8296.641724610321 32263.946937604567 68461.4023597127
8300.132345915596 32754.875092536975 70655.21300066132
8303.622967220868 32609.514625841304 71029.31219696949
8307.113588526143 31897.487432532755 71526.76384489035
8310.604209831416 32422.500750163174 72210.0305230922
8314.09483113669 33024.98852586212 72680.36104543388
8317.585452441963 32324.7377109798 73512.22119689138
8321.076073747237 32188.00741516253 71815.87037576761
8324.56669505251 32338.079460974674 71239.58116941556
8328.057316357785 31961.81502886961 73000.34134408826
8331.547937663057 32543.447552105958 71863.27061633456
8335.038558968332 31419.564155058633 70495.86631821038
8338.529180273605 31308.413756484573 70751.70647031374
8342.01980157888 30943.97875263873 69872.05190764832
8345.510422884152 31490.549852583506 68287.76025576997
8349.001044189426 30170.25128292925 64499.65973967944
8352.4916654947 30249.28186421637 63190.88246213027
8355.982286799974 30448.93624758711 61863.72700747054
8359.472908105246 30137.161170073465 61891.79632926521
8362.963529410521 30849.85399884099 61484.76883355565
8366.454150715794 32140.131827666217 61460.54189591926
8369.944772021068 32076.80775156663 62676.835537483086
8373.435393326341 31976.020123020724 63024.61342736332
8376.926014631616 32063.88437255214 64370.4456738267
8380.416635936888 30928.428555018185 63925.437388809296
8383.907257242163 32701.405383933365 62876.48136613268
8387.397878547436 32234.010814064433 65994.20750334275
8390.88849985271 32034.00016966212 66845.50814527794
8394.379121157983 32251.467634296932 68780.83682035859
8397.869742463257 32150.823924378758 68351.32323908072
8401.36036376853 31917.03241290155 68477.74428324956
8404.850985073805 31054.2913628667 67890.161411876
8408.341606379077 30810.13550568742 66242.5925820674
8411.832227684352 30719.64200237696 64233.80891328085
8415.322848989625 31040.1061790534 64107.507359357725
8418.8134702949 31067.493655253085 63971.57582674587
8422.304091600172 31022.663534199826 63317.995581905285
8425.794712905446 31509.846536852445 64389.17687216824
8429.285334210721 31232.383436458425 64490.06181955915
8432.775955515994 30863.80298893863 63261.53791579165
8436.266576821268 30551.538452024997 62800.32098688728
8439.757198126541 30121.558386820856 60822.33163363696
8443.247819431816 30105.19364440853 61054.51193168392
8446.738440737088 29793.494586117966 62220.00703772931
8450.229062042363 29831.15139887934 64349.43188267935
8453.719683347636 30058.674095612096 65264.13168328193
8457.21030465291 30056.95020216786 62442.61070398294
8460.700925958183 29937.24991707253 62597.740081978794
8464.191547263457 29334.375543741015 64952.248142759774
8467.68216856873 28713.0442984899 65421.012707879025
8471.172789874005 29416.857712659064 64583.595963773354
8474.663411179277 30206.084873149906 64126.37604473676
8478.154032484552 30208.354733026772 64002.587774335865
8481.644653789825 30154.8010558656 64170.287282371086
8485.1352750951 29840.269096993423 64984.22210075479
8488.625896400372 30144.11673181614 65059.526656211514
8492.116517705646 29562.89296589959 64618.022811168485
8495.60713901092 29508.60795711995 64221.61865651887
8499.097760316194 28407.401804539633 64386.22464744105
8502.588381621466 27751.558805764234 65949.54794890157
8506.079002926741 27923.747815871888 66442.47965366101
8509.569624232014 28567.529077644496 66348.99561226887
8513.060245537288 29503.708271890635 66095.66800723872
8516.550866842561 30026.415955257286 65990.67003041718
8520.041488147835 30236.80772921554 66309.93352007032
8523.532109453108 29871.906739573602 66740.89185740321
8527.022730758383 29594.09048587333 66941.44248113468
8530.513352063655 29734.20450495578 66655.57436257626
8534.00397336893 29010.713724438723 66723.09601187534
8537.494594674203 28110.326504694192 67190.03113700954
8540.985215979477 27439.216534356492 66260.53290617355
8544.47583728475 26607.793918382533 66425.52735246893
8547.966458590025 26183.643464302506 65994.57548533188
8551.457079895297 27924.105602105225 64700.297279559156
8554.947701200572 28435.719948638667 64003.858608105744
8558.438322505845 28532.416365016477 63174.07682232345
8561.92894381112 28909.16359606074 62468.85314410867
8565.419565116392 27974.573574876307 62955.639015702676
8568.910186421666 28930.142711262688 65210.99052504704
8572.400807726941 29392.188325743587 65452.03772199871
8575.891429032214 28418.354685359856 64825.365669907194
8579.382050337488 28362.34959533402 65720.13201426432
8582.87267164276 27794.251458371196 66410.33481043711
8586.363292948035 27066.225159075704 66320.07851523808
8589.853914253308 26453.011034247906 65420.8850637608
8593.344535558583 25435.275623738526 67013.0199756528
8596.835156863855 24706.475373938512 66399.4633111965
8600.32577816913 25224.221208547104 66416.16299363016
8603.816399474403 26701.406188062047 65196.25097114813
8607.307020779677 27153.66245566428 66076.61010777458
8610.79764208495 28005.93812858904 65814.03849187354
8614.288263390225 27829.17629281716 66454.7800325783
8617.778884695497 27462.57917108129 67248.98462259311
8621.269506000772 27630.494071279012 66178.34375167321
8624.760127306045 27276.264151498974 66355.40514875144
8628.250748611319 26569.942102633435 66566.5574705313
8631.741369916592 27406.034862360342 64945.4105058471
8635.231991221866 28346.4880758908 64841.974252339016
8638.722612527139 27257.775568318193 65018.03485026221
8642.213233832414 27604.59554363249 64241.64330690078
8645.703855137686 26945.694233837326 63846.857425388946
8649.19447644296 26659.215933766885 64353.01098305295
8652.685097748234 25614.20065893021 64787.05603838498
8656.175719053508 25834.63049741692 65336.00689272741
8659.66634035878 24406.65694971662 63672.399370067236
8663.156961664055 23601.35325625213 63797.7197609053
8666.647582969328 23415.564960578078 63284.090628440725
8670.138204274603 24282.43715881693 63964.27799650727
8673.628825579875 25491.874088805682 64544.074778126254
8677.11944688515 25886.249867126156 64140.322445341975
8680.610068190423 26503.168267997877 63536.76493890859
8684.100689495697 26617.23533426315 63041.54191589418
8687.59131080097 26104.003085626562 64244.74497311169
8691.081932106244 26694.51541975248 62709.67101260212
8694.572553411517 25957.20244022719 64167.72424645801
8698.063174716792 26327.58212108452 63445.92913223058
8701.553796022064 25979.848753269423 62782.023783486446
8705.044417327339 26403.427014530105 62500.77377428953
8708.535038632614 25837.7758297026 62718.77204400326
8712.025659937886 26417.053543323167 61799.224876475055
8715.51628124316 26202.428429906828 62715.51612301712
8719.006902548434 25125.040022439138 62796.05632266917
8722.497523853708 25593.206546193538 62353.85897840658
8725.98814515898 25691.100580030983 62586.33874656137
8729.478766464255 24683.867460080623 62092.83651897869
8732.969387769528 24676.525948903836 60813.37394673048
8736.460009074803 24649.53429499788 58997.18734485876
8739.950630380075 23988.281104255395 58853.60372557103
8743.44125168535 22996.01539353435 57754.24701883354
8746.931872990623 22327.026440683072 57569.975055518444
8750.422494295897 20368.9662338701 59629.96558463872
8753.91311560117 21765.96634633107 60724.61667319837
8757.403736906444 23045.052720992295 60990.54917972156
8760.894358211717 23984.168645620186 61020.395129419376
8764.384979516992 23821.530690380445 62163.02555220656
8767.875600822264 23793.27982341142 61035.37710747343
8771.366222127539 23803.936302963695 59404.66646020201
8774.856843432812 23674.3680036803 60434.05836341144
8778.347464738086 23948.226819896143 58626.30066160111
8781.838086043359 23931.32025579735 51108.325954692235
8785.328707348634 24038.09349245572 42647.566914236275
8788.819328653906 24037.40036049259 35008.846204793495
8792.30994995918 24237.22126032823 30050.09794044499
8795.800571264454 24200.02489225571 30151.45646091598
8799.291192569728 23985.99685285288 33741.946615018176
8802.781813875 23279.416042938858 38631.10093458283
8806.272435180275 23561.905281661067 45168.87162678994
8809.763056485548 23417.54334669079 48292.42463438687
8813.253677790823 23832.54936904955 44991.024166983145
8816.744299096095 23354.053701948593 41515.80143094735
8820.23492040137 22686.818180087437 40639.66248684512
8823.725541706643 23003.551923013703 40664.90465773578
8827.216163011917 22710.362803712967 41265.77849498619
8830.70678431719 22572.729862272714 43008.743309183745
8834.197405622464 23143.022957047033 45424.174045397725
8837.688026927737 23158.397243491698 45684.01696855916
8841.178648233012 23061.292270185957 48172.81031543885
8844.669269538284 22275.296586422286 50595.34821723
8848.159890843559 21474.52794951302 51474.73813244872
8851.650512148834 21572.12514710799 53360.91747976806
8855.141133454106 20754.02671444457 53551.835982644356
8858.63175475938 18837.71769078772 54462.900112683674
8862.122376064654 18207.493715040026 54096.50373716107
8865.612997369928 19339.651523330253 54089.08929315209
8869.1036186752 20378.14092793984 54937.77031079299
8872.594239980475 21049.777872813447 55631.6492931362
8876.084861285748 21700.09146219913 56907.73384315154
8879.575482591023 21721.4141408792 57140.620840465854
8883.066103896295 21761.158281934913 57450.11107748156
8886.55672520157 22007.911923373533 57288.54364886222
8890.047346506843 22579.50979921029 57492.903192639904
8893.537967812117 22351.873221778456 56741.1860632083
8897.02858911739 21564.953666219677 57249.41704919846
8900.519210422664 21184.5489148107 57330.02885709201
8904.009831727937 21068.313256775786 57856.17508434595
8907.500453033212 20869.199401560545 56693.80835224604
8910.991074338484 20952.493769858876 56006.69401582283
8914.481695643759 21415.017729950836 56783.80593984306
8917.972316949032 21144.267112789206 57046.65163155865
8921.462938254306 20964.34047549401 57223.75971847711
8924.953559559579 21454.87613953377 56652.69899920695
8928.444180864853 20690.43237977133 55312.78069997584
8931.934802170126 20454.067088304644 56417.639240554716
8935.4254234754 20554.93941445455 57012.307258974186
8938.916044780673 20607.16308021548 56684.74186444872
8942.406666085948 19794.920056310868 56297.38426317236
8945.89728739122 20154.106768270503 55968.39064838914
8949.387908696495 19432.329725952004 56286.6611868874
8952.878530001768 18696.333427562688 55537.3125717092
8956.369151307043 18299.406988579165 55206.69033457786
8959.859772612315 18500.99187273052 54463.39893580521
8963.35039391759 18183.287071832863 53115.91699336517
8966.841015222863 17169.7786092351 52276.146811626575
8970.331636528137 17443.8656009107 52580.155899558486
8973.82225783341 17721.642637511603 54713.581860824685
8977.312879138684 17294.06467422184 54673.627353437936
8980.803500443957 17392.370359244567 53724.75784267073
8984.294121749232 17003.08971629549 54560.9460892865
8987.784743054504 16337.882156968184 55111.59580177874
8991.275364359779 14762.234649154601 54364.71508052832
8994.765985665053 15725.035998756757 54461.84831407507
8998.256606970326 16116.314613761382 53913.57114041457
9001.7472282756 16160.675820471637 53058.00385154833
9005.237849580873 15106.401851346394 52850.5906860777
9008.728470886148 14142.042461244073 53531.683014866605
9012.21909219142 14184.225987838081 53965.88202191393
9015.709713496695 13887.496631324222 53394.9612751849
9019.200334801968 14637.881078340133 52570.9023199848
9022.690956107243 15124.69824078796 51625.14949302377
9026.181577412515 15843.089586978382 52025.74369695904
9029.67219871779 16034.214082907636 49245.77187289212
9033.162820023063 16917.429079305577 48528.592624820885
9036.653441328337 16899.368225053557 49355.18167142277
9040.14406263361 17522.772036385002 50255.09513904914
9043.634683938884 17455.198053840122 51218.325573803115
9047.125305244157 17599.226508660035 52077.019842232745
9050.615926549432 17515.118907975324 52067.19212063731
9054.106547854704 17118.258472483423 52968.01603658995
9057.597169159979 16567.569859364674 52515.06406095193
9061.087790465252 15391.869306502927 50686.34015612771
9064.578411770526 15097.30126889451 51949.41959452566
9068.069033075799 15455.279697497572 51588.56034474623
9071.559654381073 15783.681618711822 51862.729349238856
9075.050275686346 15333.212682544612 51280.58450206278
9078.54089699162 14769.708468994286 50024.18728777003
9082.031518296893 15275.206109343597 50726.25845423299
9085.522139602168 14369.677330358443 51442.77382150882
9089.01276090744 14860.192453271166 50352.97431755616
9092.503382212715 14943.995693425857 50035.61789165731
9095.994003517988 15206.224015179252 50275.861615031725
9099.484624823262 15334.215764468008 50008.1615352177
9102.975246128535 14492.04583850887 50560.27917183465
9106.46586743381 14695.863103552847 50803.77070267544
9109.956488739082 14963.683817640604 49925.51322961419
9113.447110044357 15164.19291516774 50699.97089994607
9116.93773134963 14769.987036847288 50628.64112096503
9120.428352654904 14662.238190256996 49046.01772866174
9123.918973960177 14952.965351591685 49203.65160903822
9127.409595265452 15422.593084238726 49281.560596569114
9130.900216570726 14238.368846132385 49661.16683529992
9134.390837875999 13111.65109216293 50641.14456331588
9137.881459181273 12992.71841568273 50840.75660426238
9141.372080486546 13721.448188340548 49835.53112540855
9144.86270179182 14175.846810966688 48461.778424716955
9148.353323097093 13892.884304497544 48979.834009190905
9151.843944402368 13808.727464681577 50303.92571582838
9155.33456570764 13385.683944535844 48961.278904707244
9158.825187012915 12889.56491139919 48400.94608883007
9162.315808318188 13639.161120368668 48211.13990399256
9165.806429623462 14513.417963313084 47677.024737246975
9169.297050928735 14233.47200873077 48201.038403181985
9172.78767223401 13874.11468561333 48676.21355340448
9176.278293539282 13381.303949881558 48131.2713651414
9179.768914844557 13228.535755422605 48610.5162396959
9183.25953614983 14114.824961494058 49276.55505387402
9186.750157455104 14248.358173039198 48582.84002137089
9190.240778760377 13613.741571921131 47903.65971139659
9193.731400065652 13895.279493131637 48140.352162619805
9197.222021370924 14051.650074290772 48250.02181344028
9200.712642676199 13882.444577018401 47851.357077565386
9204.203263981472 14234.958684799849 47361.90699012674
9207.693885286746 13461.897167919087 47005.51162505716
9211.184506592019 12857.145172052322 46722.09984973103
9214.675127897293 13224.194155524203 47147.649692774445
9218.165749202566 12626.060809307592 47764.69975269191
9221.65637050784 12253.528580432676 46926.914134799095
9225.146991813113 11811.739889221193 46605.53723992154
9228.637613118388 11330.3648123222 46508.87247818946
9232.12823442366 11493.652030835521 46257.46650035353
9235.618855728935 11956.146232638723 47082.64858877121
9239.109477034208 12449.027733531122 47244.07090138146
9242.600098339482 12815.689460432875 46174.90728770014
9246.090719644755 13007.660508826912 46664.172983433215
9249.58134095003 12964.826331016342 46867.934581326765
9253.071962255302 12080.924301586227 45989.223723329254
9256.562583560577 12794.643704454596 46137.68507935931
9260.05320486585 12906.181307599361 46908.18220669461
9263.543826171124 12472.618384776331 46586.1607332165
9267.034447476397 12434.60097013067 46127.26548220026
9270.525068781672 12454.917461885081 46079.05176766592
9274.015690086946 12366.906091994262 45823.259710117716
9277.506311392219 12159.542440013382 45700.78710297868
9280.996932697493 11490.222178034777 45482.317327177596
9284.487554002766 11069.500414071774 44847.469789015486
9287.97817530804 11467.7099074033 45160.211025575925
9291.468796613313 11100.548792044134 45504.75680862906
9294.959417918588 10688.001448862187 45361.542582221446
9298.45003922386 10269.691430672543 44493.684709416346
9301.940660529135 9898.274403244586 44714.81656623624
9305.431281834408 9326.39166944435 44719.601221560704
9308.921903139682 9228.122385783367 44060.071834563714
9312.412524444955 8898.234432285444 43632.44217981303
9315.90314575023 8557.20016802983 43716.473851206836
9319.393767055502 8192.38954424957 43818.62064867473
9322.884388360777 7563.262991413591 43367.3387725601
9326.37500966605 7578.02843853721 42776.70190998867
9329.865630971324 7886.928110813556 42490.05624863799
9333.356252276597 7830.341647410988 41570.39194092342
9336.846873581871 6869.611637877102 41322.87810984142
9340.337494887144 6403.438449539766 41782.77602749345
9343.828116192419 6265.526406504214 41154.01378341414
9347.318737497691 6271.243653113278 40781.417920497915
9350.809358802966 7367.460002788977 39324.03852854963
9354.299980108239 7740.766266949014 39738.54855311118
9357.790601413513 7061.176295429899 39766.22673947347
9361.281222718786 6677.111682188327 38210.63569014368
9364.77184402406 7400.971762133857 38213.09324868321
9368.262465329333 7911.0067840328065 38867.82215074158
9371.753086634608 6680.673967217017 39117.231244373026
9375.24370793988 6690.909485171621 39318.89674322808
9378.734329245155 6982.682898748392 39385.22598606163
9382.224950550428 6900.724255585533 39074.765400483404
9385.715571855702 7279.305097529733 39351.81602227992
9389.206193160975 7532.898024663643 39132.344602719124
9392.69681446625 8682.410648635121 39173.32291326804
9396.187435771522 8776.417644761264 39472.06129714897
9399.678057076797 8604.117213993535 39234.62123327504
9403.16867838207 8663.437672795579 39525.54306678656
9406.659299687344 8139.84498047702 40660.59511121824
9410.149920992619 8259.701208713657 40922.10704920084
9413.640542297891 8331.834325469603 40446.68967210904
9417.131163603166 7748.439897803033 40256.20094907315
9420.621784908439 8278.53480285681 39433.171771836634
9424.112406213713 7591.497616982677 38760.59928138587
9427.603027518986 7357.338130644582 36622.416081460935
9431.09364882426 6645.067865761357 34300.07183037049
9434.584270129533 6900.216772552666 34574.12911742431
9438.074891434808 6854.882711129872 36920.62358501209
9441.56551274008 5915.726955492927 38498.77845916544
9445.056134045355 5397.824738195652 38334.2644004127
9448.546755350628 6054.4232148779065 39006.6277852511
9452.037376655902 7010.508693408583 40322.162364458985
9455.527997961175 6711.796783545167 39348.81013616049
9459.01861926645 6244.238538895285 38875.76592564496
9462.509240571722 6272.918328241234 38325.64384197083
9465.999861876997 6758.882985863951 38015.33909931447
9469.49048318227 6873.2812832045 38520.31645725504
9472.981104487544 7022.7230392821375 38580.03975878863
9476.471725792817 6880.805426407152 37538.40978584254
9479.962347098091 6503.117802614165 37391.51679329548
9483.452968403364 6402.372179435626 37638.995399970205
9486.943589708639 6822.282484132171 37322.28834826736
9490.434211013911 7190.174937302273 37286.48023867249
9493.924832319186 6770.844095730145 37265.710701478194
9497.415453624459 6053.389778514232 36887.75536887895
9500.906074929733 5639.880349882119 37005.22118225088
9504.396696235006 5553.534261872018 37447.50787823672
9507.88731754028 6791.222697625148 37152.58535269658
9511.377938845553 7025.695989186611 36382.0329940253
9514.868560150828 7011.235088424395 37349.155595438104
9518.3591814561 6204.475081045778 37638.811095917
9521.849802761375 5487.446367487807 36904.69426107874
9525.340424066648 5540.8491754181005 36859.82859804385
9528.831045371922 5815.810865872855 36742.39876881251
9532.321666677195 6259.828411596425 36734.80920123516
9535.81228798247 6507.052601094244 37115.03569048714
9539.302909287742 6060.0348811944405 35982.98484634761
9542.793530593017 5568.697351474348 35851.45785556225
9546.28415189829 5277.174134525559 35456.46833049174
9549.774773203564 5653.849236595563 36147.96776896287
9553.265394508839 5991.272804404608 34901.723608744294
9556.756015814111 5680.291975462507 34892.38257673077
9560.246637119386 5823.609402115331 35103.654368111675
9563.737258424659 5939.2741392329035 34732.70015708735
9567.227879729933 5395.7083948146865 35335.66947759403
9570.718501035206 5646.6445218031395 36702.77800477069
9574.20912234048 6475.852274282529 36880.72212090948
9577.699743645753 6472.390977582891 36433.8633220868
9581.190364951028 6604.229313079911 36951.8502879517
9584.6809862563 5804.195255885466 35415.82333849675
9588.171607561575 6040.995805963846 37056.411419504104
9591.662228866848 5839.01058835319 36963.23688477097
9595.152850172122 5181.453103182243 36661.91282994402
9598.643471477395 5594.596623755421 36830.455017955464
9602.13409278267 5807.396074677424 36795.16424378489
9605.624714087942 5841.733733385713 36580.59050092461
9609.115335393217 6152.79346903606 35950.071567862586
9612.60595669849 6185.51267526353 35397.10240981604
9616.096578003764 6188.903450100307 35371.65017624478
9619.587199309037 6161.673973297588 35300.72817647259
9623.077820614311 5888.785038303951 35722.14651185502
9626.568441919584 5582.9709975992155 35312.00395297531
9630.059063224859 5876.034252648719 35912.52280253694
9633.549684530131 6235.9996893896805 35973.00296961001
9637.040305835406 6047.386044405724 35567.44126390172
9640.530927140679 5943.399233163247 35261.817658799744
9644.021548445953 6078.087067302936 34723.663199104376
9647.512169751226 5600.834895876633 34519.964142766665
9651.0027910565 5513.4499952635215 34570.226117483784
9654.493412361773 6107.532657942445 34333.65454877585
9657.984033667048 5879.506568164058 34469.377544044284
9661.47465497232 5995.085031191144 34645.33206013212
9664.965276277595 5507.283522620068 34514.24799409084
