# Extracted 1D spectrum from 1d_std_ALHh050098.dat
# Wavelength Flux Variance
3454.1088125075835 644.5489155951395 5456.83463880534
3457.6004145179654 878.3851983490197 5485.214150320271
3461.0920165283474 812.3209745674999 5487.859441838253
3464.5836185387293 874.9384371762874 5444.940629449848
3468.0752205491117 893.6752833543271 5466.11997112
3471.5668225594936 1135.5261229858593 5459.335196981755
3475.0584245698756 1070.11687922626 5447.593025963797
3478.5500265802575 1390.0085490686863 5420.656179531843
3482.0416285906394 1328.963726636499 5424.251203329528
3485.5332306010214 1600.247962497338 5428.048925816096
3489.0248326114033 1646.4888717122976 5408.484556266522
3492.5164346217853 1743.9142425388632 5399.133296532934
3496.0080366321677 2030.1170701089827 5400.129164314174
3499.4996386425496 2210.2981893882206 5368.644535735293
3502.9912406529315 2186.6564918229783 5618.72114158067
3506.4828426633135 2288.1088366597214 5378.090986199831
3509.9744446736954 2555.444892293695 5434.110464963547
3513.4660466840774 2769.356904262607 5392.92356600762
3516.9576486944593 2946.5047243195454 5362.121276163109
3520.4492507048417 3055.9334249293165 5380.699759945444
3523.9408527152236 3271.68837716311 5379.509366021527
3527.4324547256056 3457.6095978603043 5412.72878126685
3530.9240567359875 3548.3587512556314 5362.777224090851
3534.4156587463694 3967.728037367508 5328.679974229488
3537.9072607567514 3937.7564573391537 5577.407330908023
3541.3988627671333 4506.589886436643 5412.2901915066805
3544.8904647775153 4615.625279344307 5352.305451674951
3548.3820667878977 4430.826234441968 5646.2005733328215
3551.8736687982796 4865.750904926729 5248.913208457018
3555.3652708086615 4964.806977091133 5574.6590497252055
3558.8568728190435 5353.104310312625 5642.406831712477
3562.3484748294254 5401.84878218361 5600.0204818930015
3565.8400768398074 5849.701607725393 5463.3016131891445
3569.3316788501893 6453.230395848412 5377.935823629916
3572.8232808605712 7116.743669667952 5493.355624047098
3576.3148828709536 6961.453718024579 5502.267098095366
3579.8064848813356 7302.890706079231 5424.048378809297
3583.2980868917175 7235.032575808742 5446.64187563016
3586.7896889020994 7649.069608555569 5397.132394320661
3590.2812909124814 8418.313995547258 5524.7799357014965
3593.7728929228633 8252.051362687473 5442.943324267955
3597.2644949332453 8521.57620929454 5426.621823469356
3600.7560969436277 8729.295909752225 5469.930250160271
3604.2476989540096 9315.335633903156 5326.946828462376
3607.7393009643915 9924.738677238578 5408.415495001506
3611.2309029747735 9902.652571740939 5378.844547083278
3614.7225049851554 10614.850342720269 5288.005523601768
3618.2141069955373 11136.168996502194 5401.105864370257
3621.7057090059193 11610.665390862165 5424.94951041418
3625.1973110163012 11792.924266047521 5379.625554079383
3628.6889130266836 11733.60366695243 5329.042023926189
3632.1805150370656 12293.941526494871 5280.442787173079
3635.6721170474475 12875.508963752003 5481.257087236799
3639.1637190578294 13463.897465750359 5296.419463201581
3642.6553210682114 13802.527967089094 5499.286300703873
3646.1469230785933 14002.797787794767 5320.206092949401
3649.6385250889753 14620.477690157297 5371.215846862317
3653.130127099357 14628.315040139723 5371.974767368734
3656.6217291097396 15257.544176262069 5349.136300433288
3660.1133311201215 15515.224341676174 5476.4402861176395
3663.6049331305035 16233.21214159989 5367.709986050014
3667.0965351408854 16464.81288821626 5297.726792760097
3670.5881371512673 16830.10429074615 5333.065631860307
3674.0797391616493 17192.82486709181 5396.471228289918
3677.571341172031 16686.017835790924 5300.6540954568245
3681.0629431824136 18081.525282809762 5351.625595829035
3684.5545451927956 18952.19547348838 5277.699377879499
3688.0461472031775 19269.99969715103 5369.161670327172
3691.5377492135594 19735.21261854661 5286.078612001703
3695.0293512239414 20671.699811129503 5296.290504638437
3698.5209532343233 21059.342856245745 5361.640761191451
3702.0125552447053 22040.08198236403 5352.270326980895
3705.504157255087 22695.15898563358 5271.407782562082
3708.9957592654696 22293.808446010793 5266.171998574125
3712.4873612758515 23847.045680086158 5267.065944998994
3715.9789632862335 24608.328928823244 5213.759037741784
3719.4705652966154 25244.837038856684 5292.872019200359
3722.9621673069973 26443.469466249677 5276.835522064275
3726.4537693173793 27635.50901137849 5334.635788367494
3729.945371327761 27906.320840113243 5215.702151595045
3733.4369733381436 28083.473937688857 5252.957914858585
3736.9285753485256 30680.969182149234 5186.426893358235
3740.4201773589075 33030.82651743386 5125.02498658552
3743.9117793692894 33104.431469530486 5184.747572708251
3747.4033813796714 30476.336825080583 5246.000577177857
3750.8949833900533 31441.21016115596 5345.556104689471
3754.3865854004353 34150.611484078276 5159.226839838137
3757.878187410817 38779.98700112951 5220.386486734876
3761.3697894211996 39678.16907609928 5179.116760892204
3764.8613914315815 37393.572950937356 5103.102584814601
3768.3529934419635 34495.5509960398 5119.204540074325
3771.8445954523454 35522.65491666291 5159.030644915579
3775.3361974627273 39058.16021662036 5177.125911600758
3778.8277994731093 42897.96216261771 5245.528151400602
3782.319401483491 45424.874225760184 5238.70224440118
3785.8110034938736 45033.412706178235 5228.679538797209
3789.3026055042556 44022.74072199977 5231.266111143032
3792.7942075146375 41380.64722585938 5169.637766418484
3796.2858095250194 38688.65226488012 5110.511310924801
3799.7774115354014 40081.55476736366 5201.785422901286
3803.2690135457833 43772.6279809518 5181.554600748375
3806.7606155561652 47924.372161889085 5183.857042247207
3810.252217566547 51848.812966198944 5116.37950360047
3813.7438195769296 51982.94767480065 5239.358744613285
3817.2354215873115 50219.036196487425 5149.888697553387
3820.7270235976935 51005.23222264975 5088.256626519003
3824.2186256080754 52271.46171307095 5063.862846115987
3827.7102276184573 51606.774454625294 5116.318984306335
3831.2018296288393 48307.97060273167 5070.89134811884
3834.693431639221 45271.46813508793 5103.062594042477
3838.1850336496036 48322.886314871204 5124.857519151061
3841.6766356599855 52806.21239230345 5099.772274353494
3845.1682376703675 58656.76100064394 5055.827186680837
3848.6598396807494 60365.66339288707 5184.280026472204
3852.1514416911314 62083.85746030487 5156.311839922276
3855.6430437015133 63147.354691469685 5034.2009327450305
3859.1346457118952 63337.43370454709 5161.804855487591
3862.626247722277 64022.19607948283 5176.306487395767
3866.117849732659 63781.548309317805 5104.327379948489
3869.6094517430415 64153.18318637309 5080.785147342529
3873.1010537534235 65002.72991107427 5032.850777999371
3876.5926557638054 65458.34674768987 5004.750800030449
3880.0842577741873 63698.172238238214 5029.666584218892
3883.5758597845693 62306.344485457426 5043.1127248539515
3887.067461794951 57654.27809616229 5034.573051358096
3890.5590638053336 57439.19369165522 5045.456111946835
3894.0506658157155 61755.707291249106 5087.3872206429805
3897.5422678260975 68757.22004869697 5060.788455394144
3901.0338698364794 72300.75533157449 5036.763747016818
3904.5254718468614 72859.05890167548 5125.866744587978
3908.0170738572433 74960.45309972801 5029.852921571216
3911.5086758676252 75547.4879877039 5000.001177827606
3915.000277878007 75751.72625982741 5029.451811753882
3918.491879888389 75686.08362787915 4982.329779404512
3921.9834818987715 75097.67324063997 5015.153965801651
3925.4750839091535 75850.95877634357 4974.028903549987
3928.9666859195354 77635.94657798766 5034.612004398446
3932.4582879299173 76810.9171172517 5001.475498246508
3935.9498899402993 77482.83719063996 5012.257429786647
3939.441491950681 79694.38480892754 5041.745803159542
3942.9330939610636 81365.12378933444 4972.893497788156
3946.4246959714455 82618.27136019268 5152.171849334222
3949.9162979818275 83449.78866838473 5037.194889750219
3953.4078999922094 84148.11226261468 5011.198866014979
3956.8995020025914 84598.34952320045 4932.348854782499
3960.3911040129733 82558.78572830667 4983.7522256392585
3963.8827060233552 78102.54006020282 5047.050185318428
3967.374308033737 71930.02759893257 4854.225384063824
3970.865910044119 69413.2161043272 4968.134296845422
3974.3575120545015 74995.02453500756 4984.166447666395
3977.8491140648835 83315.20441235151 4893.589399252452
3981.3407160752654 87647.86535467648 4968.336027409135
3984.8323180856473 89968.43818943435 4934.965620975193
3988.3239200960293 90097.3874340683 5019.958778806782
3991.815522106411 91691.63642114981 4937.646744915938
3995.3071241167936 92566.4057668294 4957.088086974173
3998.7987261271755 91271.1465360563 4914.127475596644
4002.2903281375575 91353.0824288323 4866.3304761211175
4005.7819301479394 91231.60479321715 5003.514400471936
4009.2735321583214 91311.02318525927 4853.66378911871
4012.7651341687033 90406.49956572274 4967.308458832147
4016.2567361790852 93093.88941974581 4986.836159324818
4019.748338189467 95006.81213115895 4943.536262570371
4023.239940199849 89803.81921774523 4917.732842521127
4026.731542210231 89463.10254925683 4904.284004111451
4030.2231442206134 94347.1097053568 4949.92649277121
4033.7147462309954 96785.33586967672 4945.7550150428015
4037.2063482413773 97657.12844781394 4892.072013688906
4040.6979502517593 99817.46591444095 4820.239487774948
4044.189552262141 99559.61267957115 4848.2017896047755
4047.6811542725236 101192.54111046948 4931.48061578596
4051.1727562829055 99428.64115533885 4897.968327552399
4054.6643582932875 105434.63565133834 4854.419113538142
4058.1559603036694 103576.2420093443 4884.613989113175
4061.6475623140514 104186.12784501901 4947.117153370355
4065.1391643244333 103272.70698788927 4836.279765617694
4068.6307663348152 103675.32579491624 4875.1139137664695
4072.122368345197 103838.89269927896 4905.764641410284
4075.613970355579 104677.44164216353 4849.014310000694
4079.105572365961 105124.02204958901 4886.0941989891535
4082.5971743763434 105808.08543112631 5006.380146615979
4086.0887763867254 107155.45512488764 4966.925451246262
4089.5803783971073 107303.5315571149 4866.223019856835
4093.0719804074893 105786.51169798087 4847.003811131315
4096.563582417872 98720.6536212049 4825.636996278911
4100.055184428254 90781.57546769967 4852.468949170978
4103.5467864386355 88177.73968956026 4772.975094356491
4107.0383884490175 92535.69716631781 4938.684872314445
4110.529990459399 103531.58497140773 4839.819789277079
4114.021592469781 108053.81788504912 4799.174602714061
4117.513194480163 107357.97201822742 4829.571703040594
4121.004796490545 105913.81130412318 4767.713309392063
4124.496398500927 106763.1425624262 4789.1562722365625
4127.988000511309 109916.47286463753 4773.198285287239
4131.479602521691 112726.6308913893 4736.07729680266
4134.971204532073 111224.32162066436 4829.777907346405
4138.462806542455 114008.67823416143 4737.079339592624
4141.954408552838 110870.08042122345 4724.916121900518
4145.446010563219 111521.85980524166 4790.096115796615
4148.937612573602 113697.62498820518 4800.175096475557
4152.429214583984 115013.77687289851 4820.704060415446
4155.9208165943655 118103.76654311192 4799.22106113299
4159.4124186047475 118049.14999047366 4793.904952667704
4162.904020615129 118602.47537610187 4824.998798835056
4166.395622625511 120418.98553402365 4772.163053934049
4169.887224635893 117387.08219969853 4760.869710175477
4173.378826646275 117865.98349565892 4791.300173025425
4176.870428656657 120154.6558769952 4767.106934181938
4180.362030667039 118658.31742580456 4688.543432197783
4183.853632677421 118552.63540557575 4773.030005363331
4187.345234687803 119346.92093952418 4799.5759864111105
4190.836836698185 117769.66460647236 4734.947814142688
4194.328438708568 117930.00234194323 4685.166900515416
4197.820040718949 119011.78113883607 4870.992090327324
4201.311642729332 120454.99150788001 4708.794125192237
4204.803244739714 118567.50760228933 4783.133751001071
4208.2948467500955 120817.18135263001 4754.938382566387
4211.7864487604775 120177.79886925964 4758.168420598935
4215.278050770859 121296.0506625929 4726.7094825314625
4218.769652781241 121379.87897708469 4772.236915546696
4222.261254791623 121567.85695584204 4744.902944335923
4225.752856802005 125057.76936145408 4728.998130504692
4229.244458812387 124353.92416519186 4709.360172510945
4232.736060822769 125739.98978727112 4743.203798159043
4236.227662833151 125596.43495483347 4811.970790214258
4239.719264843533 125637.8592334822 4726.356659791666
4243.210866853915 125774.3983402676 4663.844977613132
4246.702468864298 125785.85402575742 4764.980091258438
4250.194070874679 127885.8605769102 4763.576866893176
4253.685672885062 129740.7299612646 4674.840183860332
4257.177274895444 129058.94185103285 4641.455084017062
4260.6688769058255 128047.50850765669 4677.0599890089925
4264.1604789162075 127531.2176926323 4706.210409086074
4267.652080926589 127921.21386889822 4699.968971229775
4271.143682936971 129190.70661523461 4731.08306935285
4274.635284947353 128153.85069184742 4703.096332413739
4278.126886957735 127610.6387762335 4631.655610678157
4281.618488968117 125537.1389581601 4724.446565462419
4285.110090978499 131284.27396463978 4707.104684268102
4288.601692988881 129686.71520967214 4724.519069598011
4292.093294999263 128680.29732220586 4653.406980143466
4295.584897009645 130249.02320638497 4670.541353574851
4299.076499020028 131019.42227712215 4694.932446975909
4302.568101030409 132055.64432864438 4689.101293374647
4306.059703040792 130285.94452041217 4646.7494813340145
4309.551305051174 132531.49373072697 4713.430031860543
4313.0429070615555 131553.39476277895 4639.276779360162
4316.5345090719375 131726.46103177464 4674.125261461822
4320.026111082319 131318.86469650103 4702.506539471
4323.517713092701 130073.1159160344 4690.7945210115995
4327.009315103083 132723.71327954216 4687.707116628327
4330.500917113465 131389.59985200193 4688.1043212987115
4333.992519123847 125718.4515735335 4614.38377356171
4337.484121134229 114229.48065418308 4714.638678713653
4340.975723144611 109649.00785863219 4622.85786530735
4344.467325154993 111089.87166948545 4665.882859610825
4347.958927165375 119072.4433024578 4727.779724049248
4351.450529175758 126389.57056207968 4659.943269979579
4354.942131186139 132471.271630416 4725.270684412791
4358.433733196522 134316.39647990698 4694.767813462362
4361.925335206904 136029.60389609454 4705.168439024078
4365.4169372172855 134980.13260857284 4586.493100741362
4368.9085392276675 134844.54424740034 4751.491873740505
4372.400141238049 136700.02948535717 4598.750574819913
4375.891743248431 136379.2639777135 4833.343763006086
4379.383345258813 135044.762016867 4803.755306570544
4382.874947269195 132793.5349924801 4801.634084415685
4386.366549279577 129594.88130528718 4694.631205402147
4389.858151289959 129333.70920300552 4901.199102669887
4393.349753300341 131840.01648375145 4815.644665334885
4396.841355310723 134117.8244737606 4736.435896713978
4400.332957321105 136464.29170871835 4868.986981033005
4403.824559331487 134607.72392796102 5028.00320821629
4407.316161341869 136968.66115556614 4879.726964274856
4410.807763352252 131672.5876661428 5019.391370522599
4414.299365362634 133760.96639810712 5190.4436381298065
4417.7909673730155 134108.90522912442 5190.735639264318
4421.2825693833975 134467.37431579264 5265.745115821564
4424.774171393779 137836.29537596513 5193.553849862303
4428.265773404161 136698.7368177804 5226.967179877141
4431.757375414543 135873.13637634623 5392.29601035236
4435.248977424925 136738.85458929985 5429.072087074766
4438.740579435307 140873.45546457887 5516.758921222132
4442.232181445689 136858.78850859826 5430.955450760973
4445.723783456071 139017.00874102846 5749.901485278415
4449.215385466453 138179.88692414208 5520.671106687322
4452.706987476835 138762.49216247647 5749.6698139202745
4456.198589487217 137468.31438448792 5843.904852117173
4459.690191497599 140018.0909728181 6104.361077112577
4463.181793507982 137906.05980461254 6294.932237164301
4466.673395518364 136103.28189259116 6201.798355270658
4470.1649975287455 131538.69843069717 6191.795438618112
4473.6565995391275 128449.61155234237 6279.415095635992
4477.148201549509 133661.589494943 6634.428809052553
4480.639803559891 137810.67014040358 6684.53586477508
4484.131405570273 138247.4106640297 6813.3008283913105
4487.623007580655 139706.0233704853 6959.169732501753
4491.114609591037 140532.39840290006 7243.646830334317
4494.606211601419 137974.9093763755 7160.9297964536145
4498.097813611801 142223.94562959982 7435.12944161795
4501.589415622183 138962.07009314216 7325.53887186313
4505.081017632565 143724.25590694777 7587.9959178565
4508.572619642948 142305.86335724383 7741.600005950395
4512.064221653329 141801.9427717243 7812.788485083173
4515.555823663712 142395.40512267762 8400.906735796423
4519.047425674093 140352.49650004826 7938.213195763322
4522.5390276844755 142371.51352781712 7991.234569467599
4526.030629694857 143605.356427927 8521.996200654676
4529.522231705239 142890.96358270483 8832.248367967568
4533.013833715621 144636.37159864273 8509.925338065146
4536.505435726003 144714.12287715398 8511.055814111916
4539.997037736385 143785.0714823525 9103.917841091992
4543.488639746767 144816.98605759966 9287.981548943346
4546.980241757149 144508.53221227668 9929.940273362057
4550.471843767531 142668.8685768065 10040.152092658147
4553.963445777913 142994.51457211882 10014.607124133634
4557.455047788295 143038.276878703 10152.70399046532
4560.946649798678 144587.6011441064 10434.632492066468
4564.438251809059 144564.52588087253 10292.654259924377
4567.929853819442 141445.6282067228 10920.45744470118
4571.421455829823 141080.6806982416 10868.99215317486
4574.9130578402055 140910.80865148868 11026.834401379398
4578.404659850587 142386.3832106124 11286.729645542198
4581.896261860969 143543.76657954004 11293.155770472633
4585.387863871351 145207.5919004545 11882.152023069793
4588.879465881733 142452.43721191512 11832.93029751513
4592.371067892115 142070.24818442 12704.725837589567
4595.862669902497 142929.74208831522 12046.780069964962
4599.354271912879 144301.49352199302 12688.797799146172
4602.845873923261 142941.70792560637 13383.89372378643
4606.337475933643 143560.4873816238 13622.283636029813
4609.829077944025 143655.7026754326 13215.270752013528
4613.320679954408 144256.85039617354 13918.613591265554
4616.812281964789 143899.9308579039 13855.58388192218
4620.303883975172 145739.2168001285 14156.298430169962
4623.795485985553 143606.23063403755 14558.761490778017
4627.2870879959355 145486.82775632828 14947.43000536872
4630.778690006317 144374.52162535864 15206.687782017658
4634.270292016699 144175.9632910135 15412.028148277806
4637.761894027081 144940.6312563052 15793.863866190939
4641.253496037463 142501.01851519186 15939.826766781698
4644.745098047845 140411.82571368635 15938.713474679156
4648.236700058227 142257.4380523919 16902.18425128174
4651.728302068609 142814.02330674283 16215.86280468102
4655.219904078991 143314.14062408984 16718.838197647732
4658.711506089373 145713.59286332963 17078.752779176917
4662.203108099755 146663.76451760158 17148.694515426578
4665.694710110137 147846.83619944906 17659.07498540282
4669.186312120519 145083.10020225187 17640.77594768196
4672.677914130902 145551.4193388383 17687.59296546487
4676.169516141283 144769.23711239692 18359.783983693844
4679.6611181516655 146330.4884220732 18713.24714103518
4683.152720162047 146834.1876210395 19358.338359150697
4686.644322172429 145197.52384030801 19865.50310100621
4690.135924182811 147787.11826350886 20294.617543499935
4693.627526193193 148398.67805510858 20457.79751559966
4697.119128203575 145633.16741157818 20699.149607590738
4700.610730213957 146318.28476209522 21931.278257414648
4704.102332224339 144732.73673865438 22035.1616617329
4707.593934234721 146399.31698764508 22064.50417078946
4711.085536245103 144512.88585707863 22928.802079619254
4714.577138255485 142557.8606727564 22910.295299802456
4718.068740265867 143719.34529575778 23708.218988588997
4721.560342276249 144975.87631186267 24009.76213187019
4725.051944286632 147473.83601845513 25034.78044994003
4728.543546297013 146091.65490869925 25844.36593480561
4732.0351483073955 144898.9977215839 25652.682948412297
4735.526750317777 147000.1539895492 26208.85538339165
4739.018352328159 145333.2945201397 27880.13589237322
4742.509954338541 144459.81347054112 29408.225636468254
4746.001556348923 143739.62431597157 30312.956406293404
4749.493158359305 144872.322065731 28716.924284042943
4752.984760369687 145203.27547749004 28095.970495191574
4756.476362380069 145458.80693482293 29014.35323108509
4759.967964390451 145815.4350827366 30871.294141052418
4763.459566400833 144917.89602589956 34418.53480175729
4766.951168411215 145892.3959975532 34173.48713174924
4770.442770421597 143075.5277984605 32501.799449961905
4773.934372431979 144594.68593697762 31061.697868602114
4777.425974442362 144137.2222472889 31555.24832245673
4780.917576452743 143034.39698741722 32230.073495817476
4784.4091784631255 142803.77079744678 35448.524958468144
4787.900780473507 144030.31838729995 37213.25560200543
4791.392382483889 143323.39656600988 39043.381514046305
4794.883984494271 141767.40628942256 38890.24515458785
4798.375586504653 143705.4444143289 37928.65896617595
4801.867188515035 143144.22345799784 36509.27240774168
4805.358790525417 142837.8627360512 34720.9554368894
4808.850392535799 143975.51864661818 34374.42513018372
4812.341994546181 143871.99491602267 36778.856578250714
4815.833596556563 143884.36766460692 38518.24952239368
4819.325198566945 142746.05819091067 42804.35168983449
4822.816800577327 142391.33725852353 43357.48700075323
4826.308402587709 143103.36323160247 42907.55998229931
4829.800004598092 142302.3779207224 42878.6519874323
4833.291606608473 146127.32435221618 43698.75564071018
4836.7832086188555 141943.72736604014 43663.08184028387
4840.274810629237 140998.60802197168 43545.94963222668
4843.766412639619 144704.87187158686 43850.02293416478
4847.258014650001 142817.50707045457 40412.03825337553
4850.749616660383 140943.53421920113 40121.30268906532
4854.241218670765 133029.22071733294 41338.50561252352
4857.732820681147 125668.40342755616 44837.11864870538
4861.224422691529 117483.92370141325 48280.02525956994
4864.716024701911 120105.30578601772 51160.20112118509
4868.207626712293 131877.47058320913 51374.76448486882
4871.699228722675 138733.70891656572 52762.235251202794
4875.190830733057 139041.3200130581 52159.43213662272
4878.682432743439 143197.24030141195 53145.458183370334
4882.174034753822 142209.20450308165 53532.10756553274
4885.665636764203 141683.38639683038 52481.647255446005
4889.1572387745855 142074.91520965454 53313.47561310933
4892.648840784967 141674.4517626695 54791.8153086414
4896.140442795349 142456.47241123556 54254.46193849934
4899.632044805731 142839.99240482273 53219.183451814955
4903.123646816113 141559.95517886497 52197.23666469573
4906.615248826495 140282.57347556402 51958.33748235649
4910.106850836877 141519.77610639881 48406.33000670892
4913.598452847259 139830.56177732084 49271.57989046363
4917.090054857641 137893.03744271075 51687.97627046217
4920.581656868023 137125.54152284237 56144.415701050515
4924.073258878405 134381.17536630615 60490.56483099195
4927.564860888787 138244.64057696462 57631.764484319676
4931.056462899169 143704.797115729 61842.0545637688
4934.548064909552 140239.80593925985 62082.180467111735
4938.039666919933 142270.25251897413 62635.426564925336
4941.5312689303155 140772.69713718796 62253.501783712076
4945.022870940697 140871.8617364567 62526.07459356461
4948.514472951079 141181.5922941075 62642.13239790824
4952.006074961461 139988.68803513976 63552.96330641582
4955.497676971843 139912.09157251136 64318.81981510027
4958.989278982225 140734.17636316543 64341.22242720416
4962.480880992607 140850.3051384765 64668.39103083693
4965.972483002989 137118.78990821118 65798.02294464239
4969.464085013371 139829.6710322317 65780.73024148353
4972.955687023753 140171.50114769023 67448.47561145078
4976.447289034135 138939.38414302826 67411.74006030512
4979.938891044517 140961.81702331302 69341.92600802021
4983.430493054899 138354.3385700547 69904.91591521073
4986.922095065282 138008.5449867165 68308.68510504255
4990.413697075663 139411.5490654013 68488.56297559448
4993.9052990860455 137184.52816496626 66230.38652299011
4997.396901096427 135915.29385024065 63843.231385207146
5000.888503106809 136933.41365286647 59146.446898440896
5004.380105117191 138470.0907243094 60253.00931256627
5007.871707127573 135439.1000789736 65674.1010797949
5011.363309137955 135235.06048597005 69204.90780417778
5014.854911148337 135045.44160939136 72867.50811220171
5018.346513158719 133998.67235675894 73952.56590217256
5021.838115169101 135810.27466882305 74986.00027721947
5025.329717179483 138487.50206935935 75592.91464802808
5028.821319189865 137469.09373354804 75959.23331107212
5032.312921200247 137461.40529438644 77241.75892712885
5035.804523210629 136748.32777324162 74368.58520754313
5039.296125221012 137466.13643850462 76432.08346413617
5042.787727231393 136846.3804767463 75430.16451733303
5046.2793292417755 133242.98822974903 76299.8506884545
5049.7709312521565 135329.65316869982 76220.96787163071
5053.262533262539 134499.86647437938 76642.63171862588
5056.754135272921 135381.22838568332 78503.42726299952
5060.245737283303 134402.04738058074 75784.07639151913
5063.737339293685 136763.5538862161 76091.4427715105
5067.228941304067 135874.39511608548 77502.99468426296
5070.720543314449 135010.78184005892 79182.89920718253
5074.212145324831 136986.6024691531 80575.12699437124
5077.703747335213 136261.18458814267 81399.2259810588
5081.195349345595 135746.11387921678 82388.74340722487
5084.686951355977 136020.32429926647 84161.58832437244
5088.178553366359 135942.10822801205 84943.48150059243
5091.670155376742 136907.24577003228 83683.40823230374
5095.161757387123 135634.71028928654 86920.66182925054
5098.6533593975055 136153.01601997053 87580.1208730431
5102.1449614078865 136404.00851418305 85334.12109680654
5105.636563418269 135724.61120437586 85437.59048286828
5109.128165428651 134446.20458737024 86265.45074589153
5112.619767439033 133725.46376560687 84402.65120300226
5116.111369449415 134989.62669806296 86570.09886615787
5119.602971459797 135417.6759708248 86661.82704433752
5123.094573470179 132959.76970477353 87635.2174707992
5126.586175480561 132362.1544693054 87218.40629203136
5130.077777490943 133209.7337761356 90047.96834636244
5133.569379501325 133073.29973569605 88330.37741963514
5137.060981511707 134239.2697155802 88667.68832589789
5140.552583522089 135183.97428848819 85972.76718492803
5144.044185532472 132608.04332237097 81063.81747942699
5147.535787542853 132735.0243803388 76485.13259514964
5151.0273895532355 136165.58016107077 76420.99113830486
5154.5189915636165 132872.09859953588 79708.72017716961
5158.010593573999 134066.14687334196 86203.05929432134
5161.502195584381 133221.27624440298 90426.83586631822
5164.993797594763 132486.5190800378 89914.08976392928
5168.485399605145 133420.03275191959 90059.97660747395
5171.977001615527 131179.80047345374 89789.60102758004
5175.468603625909 135468.92540103596 90331.64631649434
5178.960205636291 132757.5094449496 93287.59015828079
5182.451807646673 132352.67213741265 93870.05074894856
5185.943409657055 131815.17527564455 93095.14555298991
5189.435011667437 133882.54826695062 94347.44632631193
5192.926613677819 132494.65505247324 92024.66318507963
5196.418215688202 131504.64122789926 93995.61579995109
5199.909817698583 132550.3256179373 95550.84191246823
5203.4014197089655 132436.20417815176 96541.99555203241
5206.8930217193465 132868.96305536525 97395.10313115195
5210.384623729729 133016.04628738842 99183.61679325213
5213.876225740111 133042.77753093047 98905.76931723334
5217.367827750493 131214.06067681874 100158.9434689037
5220.859429760875 132545.6546517008 101949.77694220867
5224.351031771257 132532.1875558399 99017.31897213635
5227.842633781639 133416.99892159135 99902.88562785792
5231.334235792021 130924.80457502343 101135.72633108942
5234.825837802403 131114.72650888152 99546.06513535784
5238.317439812785 130138.07068239443 99663.5037090898
5241.809041823167 129756.27420878898 100486.10104082158
5245.300643833549 131834.8559515426 98689.68924880952
5248.792245843932 131085.95194459596 98891.07060885376
5252.283847854313 129736.65025604199 101106.14309640315
5255.7754498646955 130356.43179917845 101620.99736612361
5259.2670518750765 128636.4264032456 101456.60597938101
5262.758653885459 129645.41459390528 101620.6849776663
5266.250255895841 129037.74297390194 102552.73730860568
5269.741857906223 129680.58953239639 102576.37120822273
5273.233459916605 130279.44273145667 103090.76409824565
5276.725061926987 130344.18334994938 104300.56015192549
5280.216663937369 130103.81850800726 104764.6029185514
5283.708265947751 128755.75654222278 105243.14131963957
5287.199867958133 130659.4630643956 105733.10407994229
5290.691469968515 130274.51718609083 107344.99867948536
5294.183071978897 128052.28318012787 104907.92880766539
5297.674673989279 127263.37906853014 105508.173877827
5301.166275999661 128163.1230263536 106199.81218385199
5304.657878010043 127767.14669902353 108477.1418964938
5308.1494800204255 128243.44895273237 107430.80137337689
5311.6410820308065 128833.06721891953 110553.86175522771
5315.132684041189 129353.29477313584 110311.91057945414
5318.624286051571 127642.67040224961 108911.51785368077
5322.115888061953 127928.10776927583 109344.30096720156
5325.607490072335 128067.30588431987 108674.52274661709
5329.099092082717 129313.30594369616 107223.47742588517
5332.590694093099 128434.1429278388 111103.73841568489
5336.082296103481 126086.04071519188 109179.2462734996
5339.573898113863 126013.28639161048 109520.5609403083
5343.065500124245 128636.77966575878 107183.4106809559
5346.557102134627 126019.56985774753 107585.45248435534
5350.048704145009 126343.19520516385 111806.76286464122
5353.540306155391 127336.68701291339 110532.0830574674
5357.031908165773 126059.40674217737 109368.22732814157
5360.5235101761555 125917.1038265066 111273.49874117006
5364.0151121865365 126281.94110878817 112637.73893605551
5367.506714196919 124596.75204307528 113662.53938547947
5370.998316207301 126963.75425242928 111889.4839650491
5374.489918217683 124967.73332070386 112880.04566293067
5377.981520228065 124665.88634702281 112941.91716312562
5381.473122238447 126197.42784959119 114051.29963578949
5384.964724248829 126614.69896543745 111570.86924814367
5388.456326259211 127095.82130917702 111928.78292745126
5391.947928269593 125238.67532110012 112165.13198332691
5395.439530279975 125228.84164019425 115093.65590564617
5398.931132290357 124112.15936537148 114050.06059152681
5402.422734300739 125061.27274880228 108794.26553311436
5405.914336311121 123897.12896370403 100554.54854928801
5409.405938321503 126178.87514791782 96637.58963551732
5412.8975403318855 124026.18263043986 94652.53877581404
5416.3891423422665 121995.66662569487 101046.575691585
5419.880744352649 123625.05474253684 106092.88207223825
5423.372346363031 124503.38076037049 113996.6755714291
5426.863948373413 124571.69948245745 114488.07280011814
5430.355550383795 123960.21737564873 116641.14116821415
5433.847152394177 123238.02391484319 118281.65716458423
5437.338754404559 122089.94184086131 116955.00847362698
5440.830356414941 123363.29456910913 115757.03133591276
5444.321958425323 122337.04317532749 118369.97733695015
5447.813560435705 119141.91774025196 117956.32980224345
5451.305162446087 121651.21798380282 115813.65761778476
5454.796764456469 120769.77298842698 114151.17720098536
5458.288366466851 122059.54084835584 114334.478859924
5461.779968477233 122354.29709271649 112710.82999703406
5465.2715704876155 121014.25801984232 112762.45538836066
5468.7631724979965 121936.1698599249 116260.56111087577
5472.254774508379 122724.16047869316 118244.1498382505
5475.746376518761 121745.33337808985 118571.45058487699
5479.237978529143 121111.06590247231 118165.01955048757
5482.729580539525 121717.37305235275 117882.44403506217
5486.221182549907 120670.49850783923 115733.36186906743
5489.712784560289 119593.1936724073 116235.5093356112
5493.204386570671 119558.65318718198 116431.47640659817
5496.695988581053 120126.46778834863 117857.42479096852
5500.187590591435 120777.15718817378 119199.15481641502
5503.679192601817 120578.65726661695 119815.87102122714
5507.170794612199 121379.52411332827 119183.06173452335
5510.662396622582 120491.53554446546 118461.35564382523
5514.153998632963 119374.34394644688 121918.82077115623
5517.6456006433455 119348.77175553472 121971.0257108172
5521.1372026537265 119897.54719341484 119157.35133488828
5524.628804664109 119937.10296367448 121302.76936341794
5528.12040667449 119597.64595260042 123477.03838709796
5531.612008684873 119568.83082819129 121682.88900400454
5535.103610695255 119005.31776176133 121964.41613689598
5538.595212705637 119309.23039664715 123843.56713653657
5542.086814716019 117918.95096140097 120956.42517882839
5545.578416726401 118047.17187017936 120101.28037275319
5549.070018736783 119010.07747655026 116336.94166089535
5552.561620747165 117168.38159885157 115466.50221669895
5556.053222757547 117125.24514980016 115890.60806662758
5559.544824767929 117296.9210738703 120303.4070478492
5563.036426778312 118304.9922834166 121987.45705394539
5566.528028788693 118012.7507255424 122934.29594799453
5570.0196307990755 116630.46520711902 123539.82332258324
5573.5112328094565 116852.75125185908 123384.78720354439
5577.002834819839 116851.30932249191 123901.15114689074
5580.49443683022 116269.38205996226 125351.13704461411
5583.986038840603 115451.1479054854 124329.75169159507
5587.477640850985 115543.26309244226 126831.85964580525
5590.969242861367 114902.51779531484 125666.85911350264
5594.460844871749 114501.18600249062 125624.19586784314
5597.952446882131 115766.52458251645 126032.22013447099
5601.444048892513 115154.85063278826 125345.61013256822
5604.935650902895 114687.62546566235 125272.23569302473
5608.427252913277 114011.43942367454 127992.09792941633
5611.918854923659 113853.47224883383 127288.0626453489
5615.410456934042 114829.72788001271 126436.14552110592
5618.902058944423 114435.48812014147 128550.21002035038
5622.3936609548055 116279.13897129065 127767.16857787412
5625.8852629651865 114970.47377871077 128576.10316449501
5629.376864975569 114474.16008000997 130652.52145406722
5632.86846698595 114312.92470722468 128830.1823030578
5636.360068996333 113000.8088600871 127188.56522471234
5639.851671006715 111999.57179643324 127774.09161309582
5643.343273017097 114095.95148608681 127616.05429155342
5646.834875027479 113615.68688309836 129405.36666746164
5650.326477037861 113278.18060819583 130388.51061670059
5653.818079048243 112607.45876926022 127566.22294807842
5657.309681058625 111887.26904248689 127339.28135528651
5660.801283069007 112589.270853066 125856.37195541992
5664.292885079389 111374.29650841345 126775.8413521798
5667.784487089772 113612.85840979521 127884.69876456971
5671.276089100153 111592.23906044225 129326.57201372729
5674.767691110535 110276.85004084403 130339.59875739695
5678.2592931209165 111299.18091022166 127309.12276193438
5681.750895131299 110873.81771963135 126899.31882865896
5685.24249714168 111079.22659062347 129766.25246373356
5688.734099152063 110205.54116628176 128978.60264536603
5692.225701162445 111465.79807341425 129029.08259255762
5695.717303172827 109942.21283481728 129237.09207947897
5699.208905183209 110803.95097178638 130036.34020589724
5702.700507193591 110636.74832250002 130950.9666693929
5706.192109203973 108853.81689114284 129773.84187096088
5709.683711214355 108910.03175383992 132257.65122924576
5713.175313224737 109381.10979936138 129977.23920568552
5716.666915235119 110556.24992513278 130506.47038532195
5720.158517245502 107490.42089196238 131638.26896365933
5723.650119255883 106727.83963884844 130735.23583770853
5727.141721266265 107477.87739533932 131489.0912721741
5730.6333232766465 107033.7018181932 131769.50051354247
5734.124925287029 106461.89369121133 129191.47912871602
5737.61652729741 106763.20750267559 127535.9420754649
5741.108129307793 106297.41202754933 129104.14565291913
5744.599731318174 107414.20023303671 129403.01370974426
5748.091333328557 108388.63535677419 129859.03223829855
5751.582935338939 107725.91440565148 132920.46330083706
5755.074537349321 106888.17355074496 133603.00951131375
5758.566139359703 105703.2851769665 134332.9478782506
5762.057741370085 107801.92410567698 132190.60788007543
5765.549343380467 106902.58285257473 132035.93336352496
5769.040945390849 105777.78735332284 132544.5252281805
5772.532547401232 105570.83271370408 131765.95774797315
5776.024149411613 106092.00680556663 135471.03796588982
5779.515751421995 106595.17690585398 132633.47330389605
5783.0073534323765 104980.05582764136 133030.99891742613
5786.498955442759 106539.15472850477 135621.41998720675
5789.99055745314 106512.46821796193 134882.425858134
5793.482159463523 106423.91519488077 132329.56672121325
5796.973761473904 105357.78385504187 134078.69099675096
5800.465363484287 105310.47732128687 132568.96789530522
5803.956965494669 105185.02905423759 135123.33670679326
5807.448567505051 106729.50526388081 131918.36077873534
5810.940169515433 106400.9377459419 130868.03748353591
5814.431771525815 106157.04684787894 131662.33952976047
5817.923373536197 104543.0248919604 132176.40780708112
5821.414975546579 105644.88197843177 133781.8408046641
5824.906577556962 105434.82590833293 135057.4599529195
5828.398179567343 105671.91507662478 132662.3118633296
5831.889781577725 105750.4107437477 133971.07536386652
5835.3813835881065 105651.3790589183 135973.55368311369
5838.872985598489 103141.36729139216 132721.77555229992
5842.36458760887 104308.44635682138 133016.97421946342
5845.856189619253 104116.0539541219 132004.1842155009
5849.347791629634 104765.72794574905 133230.10894311874
5852.839393640017 102775.39768398339 133764.75971352268
5856.330995650399 101371.33645502743 133749.9139464135
5859.822597660781 104057.96802194341 134624.5897149552
5863.314199671163 102848.52702508982 133574.8388631645
5866.805801681545 101873.19596872148 135501.3488619113
5870.297403691927 101043.86321135268 132788.51491018233
5873.789005702309 98898.55987893029 132943.56879173248
5877.280607712691 96696.8937194211 133715.32827768917
5880.772209723073 98998.99853651022 132866.50461483296
5884.263811733455 100567.37164678657 132091.13556423993
5887.7554137438365 99851.72607672664 133069.74082505092
5891.247015754219 97817.36665706316 133151.49260496345
5894.7386177646 99365.87891001167 131478.18069575116
5898.230219774983 98208.08853734902 132251.1486142259
5901.721821785364 97460.85656904896 134481.7909837322
5905.213423795747 98325.3662787641 132121.83323958382
5908.705025806129 100476.84580956487 133663.3366283561
5912.196627816511 100061.80990849408 133991.96318089563
5915.688229826893 98620.07292371048 133648.9258760621
5919.179831837275 97344.47309594066 133680.20188479248
5922.671433847657 97196.291239143 132649.5207780586
5926.163035858039 96144.5278570782 132171.03297642185
5929.654637868421 97591.3149254144 133522.77920457255
5933.146239878803 98326.10294523048 132773.3927045103
5936.637841889185 98288.05151459243 135785.10381722474
5940.1294438995665 98190.77768951404 134063.42811421462
5943.621045909949 96974.36638323101 131661.7859895528
5947.11264792033 96955.2588696478 134890.3087669083
5950.604249930713 96197.74026956761 134485.88105713695
5954.095851941094 95391.57122934652 132435.1860071577
5957.587453951477 97240.41458274626 128161.23921423628
5961.079055961859 95980.50498723568 122361.0457781782
5964.570657972241 95064.84580749035 114522.48716778545
5968.062259982623 95117.4935031179 111108.94260487525
5971.553861993005 95286.21040199322 116246.53231769193
5975.045464003387 96992.7505853286 126015.14085308636
5978.537066013769 96173.50910876469 129785.03691684356
5982.028668024151 95736.04720843225 131314.0775262945
5985.520270034533 96016.47036476155 134048.84696540795
5989.011872044915 95398.69783908359 133336.13133044724
5992.5034740552965 95113.65777089051 133290.20161546743
5995.995076065679 94882.55582854291 133587.87872880715
5999.48667807606 94904.7885231388 133392.6098536394
6002.978280086443 94179.02272112062 133914.60349083797
6006.469882096824 94152.461282764 134034.3396319728
6009.961484107207 94919.80025517635 133440.31884207344
6013.453086117589 94918.67690410477 132513.7047225893
6016.944688127971 94577.71057820693 133014.50644878362
6020.436290138353 94938.83604006475 133187.51062452135
6023.927892148735 95313.66479066752 130930.74359436806
6027.419494159117 93695.8522453853 130284.74764262744
6030.911096169499 93083.83522900166 128882.75755313196
6034.402698179881 94312.81856213779 128084.58620461714
6037.894300190263 94721.15125754171 132455.88024353888
6041.385902200645 94851.02582445239 135206.7556304883
6044.8775042110265 95155.92273161544 132583.49121251857
6048.369106221409 93788.7306487947 134941.45933095904
6051.86070823179 94418.99892485289 133090.2405754459
6055.352310242173 93870.93964254853 133037.44633253556
6058.843912252554 94741.1858542685 133917.41589198643
6062.335514262937 95692.03166654863 133094.66415094363
6065.827116273319 95252.17426427506 132836.28396725553
6069.318718283701 92725.23444850995 133252.43922642973
6072.810320294083 93752.36863912412 134987.44353604157
6076.301922304465 93151.25075153551 130520.78488436286
6079.793524314847 92317.96689186558 131768.6748455707
6083.285126325229 91394.60288920646 133911.72685712823
6086.776728335611 93413.21190986682 132185.7691987294
6090.268330345993 92918.3871231489 133215.6772116922
6093.759932356375 92887.76270234483 134077.38016089966
6097.2515343667565 91644.35227133069 130924.50308140487
6100.743136377139 92683.83446151717 132599.30640243276
6104.23473838752 92866.39980688482 132427.02092787798
6107.726340397903 92624.15225657335 129985.88854437968
6111.217942408284 92094.51306174845 130232.10244846022
6114.709544418667 90549.79813443928 131303.18492276268
6118.201146429049 92730.3963215657 132109.0573847457
6121.692748439431 94046.35669487694 128653.85359293295
6125.184350449813 92717.68314365105 129316.13417064327
6128.675952460195 92376.95028389945 129381.7536273966
6132.167554470577 91862.50691871191 128422.49545744735
6135.659156480959 92581.81356677263 129908.47733473787
6139.150758491341 92064.51594085834 132635.38763448858
6142.642360501723 92873.68072398914 132267.56361887575
6146.133962512105 91505.63552385505 131878.43383225778
6149.6255645224865 91523.19174833398 131170.48623676415
6153.117166532869 92184.62296936463 131185.234010419
6156.60876854325 92736.82693451039 132091.81530047854
6160.100370553633 90463.39496959231 128597.02862187137
6163.591972564014 90073.4073327448 128875.11719032806
6167.083574574397 90306.76632019425 129276.87846769544
6170.575176584779 90598.56597867885 130033.92018571483
6174.066778595161 91713.95415974702 129616.03020622775
6177.558380605543 90707.23419718204 130301.43108337893
6181.049982615925 90298.52109581156 132002.7481404107
6184.541584626307 91347.24237287865 130082.13350359212
6188.033186636689 90870.72527873606 130142.54843583379
6191.524788647071 89112.32940561364 132042.08090913287
6195.016390657453 88897.86646116979 131082.2656903489
6198.507992667835 89212.00798844974 131017.91649184449
6201.999594678216 88328.43795144843 131387.50320506317
6205.491196688599 87629.17235899782 130906.67601512256
6208.98279869898 87569.76988582392 132423.50583214962
6212.474400709363 87075.01446279004 131189.77049974375
6215.966002719744 86542.78379752362 130632.39477265753
6219.457604730127 87689.45402887107 132232.63301574675
6222.949206740509 87009.73636143692 131342.36968607467
6226.440808750891 87992.76893456715 130462.32802286308
6229.932410761273 86702.00306435977 129578.87240644748
6233.424012771655 84331.77443022397 129556.19851851348
6236.915614782037 85940.38339497552 131118.6807991926
6240.407216792419 85196.66216685585 129987.50079822895
6243.898818802801 84915.41159365095 127997.86394987
6247.390420813183 85858.95713149598 128756.81705396132
6250.882022823565 84998.49583130088 129327.6648098723
6254.373624833946 84692.650051671 129381.02403998384
6257.865226844329 84332.9265716184 130846.29622676315
6261.35682885471 85429.77537005965 131079.69647284978
6264.848430865093 84654.41240739152 128713.19232736295
6268.340032875474 84649.38717629526 129063.2757852496
6271.831634885857 85540.22610122547 132254.25272096082
6275.323236896239 82733.90763658809 129287.56344513038
6278.814838906621 82557.45695099885 130502.05939056411
6282.306440917003 82594.44336129977 129908.59446304434
6285.798042927385 81970.3973100929 128838.86143217472
6289.289644937767 82077.58424814572 130516.52147970487
6292.781246948149 82491.97324391133 127860.3345965214
6296.272848958531 83237.83499773142 131060.89378361456
6299.764450968913 82653.19310990308 129927.83539559208
6303.256052979295 81546.21715658094 129593.53910005098
6306.747654989676 81165.14989817172 128507.37011636651
6310.239257000059 82860.13829064881 129983.89759126813
6313.73085901044 82010.05212513961 130359.1070054367
6317.222461020823 81668.55338756915 128729.52867913569
6320.714063031204 81250.54445136814 129341.65267319788
6324.205665041587 80736.94412543428 129451.44053096659
6327.697267051969 80869.65280167278 130068.21160012184
6331.188869062351 81072.55677085613 129558.77849080414
6334.680471072733 80349.38254067424 130282.82576400458
6338.172073083115 79286.42180197268 129499.24635610454
6341.663675093497 79442.87543303521 128973.35958870742
6345.155277103879 81188.94643562089 129871.52423468046
6348.646879114261 79807.96903396552 130228.78004451055
6352.138481124643 78337.2382969903 130751.58496999313
6355.630083135025 80434.6290356799 128601.39718209484
6359.121685145406 79699.99710888747 128654.04220847844
6362.613287155789 79918.96221854944 127832.25533453189
6366.10488916617 80534.32089105577 126956.2265089237
6369.596491176553 80361.6044467109 129375.60555973055
6373.088093186934 79966.87874185322 129273.5883441846
6376.579695197317 78569.1638515169 127705.6854727488
6380.071297207698 79675.21640772659 127591.09753080602
6383.562899218081 77721.2860248513 127633.62376208986
6387.054501228463 80067.53226021669 126097.50948325175
6390.546103238845 79778.10272337003 128420.14241032969
6394.037705249227 79489.98009888972 126629.18502338968
6397.529307259609 81027.13249418278 128841.16933722518
6401.020909269991 78178.50280335578 127766.89007246733
6404.512511280373 78334.0127465939 129171.82100777295
6408.004113290755 79114.92410253636 127474.90543299972
6411.495715301136 79146.57574617377 127341.42280608522
6414.987317311519 79289.74934907726 129080.0792090144
6418.4789193219 77966.11609405885 128147.51664471059
6421.970521332283 79180.36822727551 126314.0582016626
6425.462123342664 78674.91165088875 125972.13678837454
6428.953725353047 78720.67660110649 126539.41137862497
6432.445327363428 78154.12296296388 126064.13986564071
6435.936929373811 78213.899426579 126765.90835306972
6439.428531384193 78527.87565674019 127376.3574531511
6442.920133394575 78072.59655168837 128158.46343409616
6446.411735404957 78634.33360889449 126825.64610717073
6449.903337415339 78495.1229337217 126481.09108195704
6453.394939425721 77410.11868778599 126760.8274761397
6456.886541436103 76419.17107349548 127792.97639671284
6460.378143446485 77259.92702112312 127870.26995472606
6463.869745456866 77032.03006110397 125475.44693917721
6467.361347467249 76737.14184803833 124565.67808582427
6470.85294947763 76780.95128160484 126926.26501099659
6474.344551488013 76307.49583314997 126464.21698897715
6477.836153498394 76104.75722960263 124779.1657713225
6481.327755508777 75826.39484567825 126079.05132884272
6484.819357519158 75873.2190214315 126065.5351429694
6488.310959529541 75354.59564937127 125152.55180238884
6491.802561539923 75230.78380278674 125546.3174390466
6495.294163550305 76001.20324628122 125181.91693703014
6498.785765560687 76109.25448575622 124404.4963307694
6502.277367571069 75376.94132488355 126150.34672599944
6505.768969581451 76330.0387884144 124273.1368083967
6509.260571591833 75083.20934189385 124451.95594129548
6512.7521736022145 74960.56677718852 125803.21668750363
6516.243775612596 75084.97245586634 126359.17070241527
6519.735377622979 75027.02456583105 126492.93326163737
6523.22697963336 73805.84716782668 124952.5951061677
6526.718581643743 74469.9812154334 124937.43641493793
6530.210183654124 75254.55977888503 123880.94599636934
6533.701785664507 76268.52484379982 124831.18289091323
6537.193387674888 74381.66325908445 124055.86002073743
6540.684989685271 74902.5117703937 125730.32297016124
6544.176591695653 74247.52545195183 124811.40873286559
6547.668193706035 73926.09799401437 122201.16933980881
6551.159795716417 73140.04859820375 122819.19596778616
6554.651397726799 71774.45894956477 124526.57387884412
6558.142999737181 70307.49018451781 124539.2967460652
6561.634601747563 68613.23649098554 124007.8315203964
6565.1262037579445 66876.86803100577 123943.8850834932
6568.617805768326 70027.35042092342 122561.22066671905
6572.109407778709 71944.87560661936 122759.51411420752
6575.60100978909 72333.56211203244 124000.48180647529
6579.092611799473 71509.22522849443 120849.41324000638
6582.584213809854 71894.87127523332 120786.98222657944
6586.075815820237 73807.63046739486 122086.98170294602
6589.567417830618 73950.18192020072 121461.36428384595
6593.059019841001 74400.23324251198 122480.60993730165
6596.550621851383 74488.72914424089 122339.02442182947
6600.042223861765 74215.97879327941 121809.96209513473
6603.533825872147 74667.53924741404 122749.86288645783
6607.025427882529 73286.27330759351 123209.86481571023
6610.517029892911 73602.64768933332 122257.65364641983
6614.008631903293 75363.78084372764 121932.870192921
6617.5002339136745 74068.93799549839 122332.21170759217
6620.991835924056 73911.15925421558 121567.03583304034
6624.483437934439 73849.87584363337 120396.86444106397
6627.97503994482 73525.3871561118 120553.48478862675
6631.466641955203 71951.05180358278 120918.58581835001
6634.958243965584 72034.83827314299 121742.61032446042
6638.449845975967 73673.92806783482 121229.66265275235
6641.941447986348 73261.05419564637 122352.55537807214
6645.433049996731 72315.74954279515 121798.04361950996
6648.924652007113 72639.24960585918 120585.7549679612
6652.416254017495 72533.12246360705 120224.43695180523
6655.907856027877 73152.80219112901 120701.19696924511
6659.399458038259 71982.48794228613 121240.4542178783
6662.891060048641 72336.34468463364 120657.20486781119
6666.382662059023 72764.29189030734 121102.02975612234
6669.8742640694045 72209.94776261646 120382.86463387337
6673.365866079786 70682.47060851891 120432.62162028305
6676.857468090169 69025.41039358753 120376.27068269515
6680.34907010055 68752.53804772391 118882.13576343928
6683.840672110933 70496.21398395147 120021.34211501425
6687.332274121314 71133.35199657024 119778.59463808709
6690.823876131697 70734.2389896127 118335.3902476732
6694.315478142078 71093.96315602007 118465.49626648122
6697.807080152461 71604.93463687565 118934.38368095932
6701.298682162843 71578.05179880762 119851.09750486322
6704.790284173225 70945.68687237016 119369.90173674261
6708.281886183607 71202.8337779042 118230.92324627824
6711.773488193989 71536.30764749146 118479.52055873496
6715.265090204371 70959.21682852603 118477.18942088631
6718.756692214753 71311.12016749253 118104.40763803205
6722.2482942251345 71106.86474546992 117227.83366484093
6725.739896235516 71670.45752968044 117228.90020763264
6729.231498245899 72270.7738521023 116958.27757823012
6732.72310025628 71760.3386135583 116196.08125259732
6736.214702266663 71432.93113219572 117452.39604974857
6739.706304277044 70700.61564514706 117338.12293107623
6743.197906287427 70707.60102805574 116581.8596658808
6746.689508297808 70482.99720470281 116814.57902925523
6750.181110308191 70465.94218462851 115279.87709707872
6753.672712318573 69606.70906718781 117096.71586103088
6757.164314328955 70527.32222933428 115800.13845694391
6760.655916339337 70024.71961947711 118001.74899851864
6764.147518349719 70065.80298336718 117580.69421176362
6767.639120360101 69811.12205330764 116755.7501580024
6771.1307223704825 69984.3398880424 116481.05285074472
6774.6223243808645 69739.47900278187 116493.2531643474
6778.113926391246 69977.92997366982 114421.10980080502
6781.605528401629 69574.55189987658 115151.90804656807
6785.09713041201 69203.27339905413 116416.62341703866
6788.588732422393 69981.38432477938 115520.694383221
6792.080334432774 70105.91101779381 115560.4753376821
6795.571936443157 69317.74061625927 114460.36552135614
6799.063538453538 69623.27273221107 114662.29919289025
6802.555140463921 69795.71346867442 114621.84450075377
6806.046742474303 69178.08996555161 114138.58013541825
6809.538344484685 69525.47189459261 116073.97653000796
6813.029946495067 69522.34531655197 113971.93702705279
6816.521548505449 68926.21931878157 112771.23470476366
6820.013150515831 68905.37547098655 113730.3421164675
6823.5047525262125 69370.0574498668 113348.06715251988
6826.9963545365945 69422.60631746796 114026.48858981337
6830.487956546976 67666.32277670116 112510.16449601139
6833.979558557359 68893.57981711398 114215.63792084176
6837.47116056774 69898.99263761967 112874.3187002229
6840.962762578123 68678.43709990117 113068.43298633814
6844.454364588504 68361.57425712922 113940.29212255048
6847.945966598887 70192.02568465355 111951.4758073671
6851.437568609268 68010.92999124371 111793.21263296371
6854.929170619651 67658.56432780785 111423.32915428875
6858.420772630033 68534.01995401777 113425.69692981278
6861.912374640415 67975.92172739889 111668.43909460772
6865.403976650797 66748.68841182302 109592.3192373094
6868.895578661179 61686.80718512258 109925.591440881
6872.387180671561 56082.13670634678 110286.62409187002
6875.8787826819425 54866.59740970047 109489.2276896046
6879.3703846923245 56696.920816148566 109766.88659613457
6882.861986702706 61803.55141445345 109651.60146087449
6886.353588713089 63077.38568601598 109435.61702404858
6889.84519072347 61119.74210404593 110965.15297644335
6893.336792733853 60799.27462003364 111374.40438056155
6896.828394744234 60072.13948415317 110740.78255691448
6900.319996754617 61242.27213178307 109459.9909045943
6903.811598764998 62959.86266030731 109166.16855189524
6907.303200775381 62961.9139293561 110981.70568568724
6910.794802785763 64264.1947516042 109950.14746118813
6914.286404796145 64934.37135571965 109140.62965816616
6917.778006806527 64980.574034884965 108851.38496281231
6921.269608816909 63615.5604352301 109419.43325814053
6924.761210827291 64730.859185533445 109816.28447890213
6928.2528128376725 65267.41324935744 108305.84868889977
6931.7444148480545 65352.97160944741 109805.09744286822
6935.236016858436 64403.118117643324 109799.46668141808
6938.727618868819 65733.48851904053 109927.73324461908
6942.2192208792 65166.92470881726 108769.62881326233
6945.710822889583 62998.30901613498 108777.43745218871
6949.202424899964 63671.18568745725 108349.25101135056
6952.694026910347 64936.53523851035 109874.83132467912
6956.185628920728 63894.615550800896 109919.92239208365
6959.677230931111 63854.754884498005 109763.97297510726
6963.168832941492 64706.830576450244 108212.77644980291
6966.660434951875 64633.18414270965 108530.02942732033
6970.152036962257 64525.00089061048 108977.40987276196
6973.643638972639 65986.24652532922 109148.02488415029
6977.135240983021 66569.76749028388 109287.52260773214
6980.6268429934025 66639.79421396682 109536.06795023722
6984.1184450037845 66720.34152690065 107967.56360408715
6987.610047014166 65365.636458864465 107023.65816702954
6991.101649024549 64637.54495492955 107943.56014107903
6994.59325103493 65682.73900822419 107855.67204539118
6998.084853045313 66439.90118683864 108101.65150430312
7001.576455055694 66022.9150743928 105699.92727731948
7005.068057066077 65654.26113645108 105528.102104961
7008.559659076458 64941.360204018965 107895.7355627199
7012.051261086841 64550.32098380648 106184.53389488495
7015.542863097222 65093.19883474729 105535.40101296818
7019.034465107605 65206.22031627158 104517.56253147978
7022.526067117987 66883.69514048245 102510.66321448973
7026.017669128369 67818.69967730826 100502.46010053644
7029.509271138751 64862.84880072391 103060.14466831234
7033.0008731491325 65431.245442238185 104293.43283847833
7036.4924751595145 65139.35332825035 103868.441764308
7039.984077169896 65041.90406211062 101738.24246021414
7043.475679180279 65306.751209255504 103024.80744966233
7046.96728119066 66934.93009221251 102313.0530112382
7050.458883201043 66597.60830368422 101370.9246423065
7053.950485211424 66696.88988534921 102178.63766920038
7057.442087221807 67121.62101300503 103975.5676900671
7060.933689232188 65383.13664395101 104134.06509438176
7064.425291242571 63543.504695943724 103024.20149357572
7067.916893252952 62638.0750835182 101749.96814935688
7071.408495263335 63238.06077049307 101198.5197220896
7074.900097273717 64209.568220813286 100592.24028668331
7078.391699284099 64899.49453597875 100778.68610693129
7081.883301294481 66193.34721746636 102527.96982966927
7085.3749033048625 66996.56085103922 102308.02094373795
7088.8665053152445 67944.38017816746 102555.76952898847
7092.358107325626 67079.81117520192 101815.69711231072
7095.849709336009 67531.3353016761 100695.08428483976
7099.34131134639 67375.66838876554 101080.59311621964
7102.832913356773 66906.57855788578 99768.14368078427
7106.324515367154 67664.56560455656 100073.75484886214
7109.816117377537 66475.42593265456 101648.07987490675
7113.307719387918 65205.50923328106 99288.27512553464
7116.799321398301 64791.27855666347 99835.4167868991
7120.290923408682 63792.732086772165 99093.96155311335
7123.782525419065 64704.94227321769 99738.67517189143
7127.274127429447 66525.78260217934 101449.1443334415
7130.765729439829 66887.38413484937 99881.71627251021
7134.257331450211 67563.658924759 100096.70917278448
7137.7489334605925 67228.03807293932 100201.88312140986
7141.2405354709745 66718.02527963612 99736.46819489945
7144.732137481356 66877.7142691935 99449.08463171028
7148.223739491738 65985.69159323159 99162.47250035303
7151.71534150212 65604.52861824262 99201.97177109552
7155.206943512503 66139.13360200453 98572.4151069397
7158.698545522884 66301.36491218205 98427.02015772177
7162.190147533267 65568.1681512855 99247.40551115223
7165.681749543648 64209.177457705744 99349.24972212943
7169.173351554031 62365.07433359188 98964.716454246
7172.664953564412 57994.768223814135 98902.8234363093
7176.156555574795 56353.00527948452 99818.34650484496
7179.648157585177 56141.04695947981 98378.1809493232
7183.139759595559 55938.75295009622 97495.7246123809
7186.631361605941 56278.69058150812 98300.27874276038
7190.1229636163225 56087.779823921344 99310.32567305549
7193.6145656267045 57598.43431968891 98957.19131873979
7197.106167637086 58514.796454333846 99918.2603993616
7200.597769647468 58826.242991773455 98396.51483487285
7204.08937165785 59070.6488832271 98644.66015251823
7207.580973668233 59076.36920536575 98452.30124755029
7211.072575678614 61162.504196895105 98890.47198324234
7214.564177688997 62705.72711698007 99722.32423108577
7218.055779699378 63973.138931647954 100270.86368056822
7221.547381709761 63281.94394678268 98156.04233270779
7225.038983720142 62181.833821671775 97677.79760566859
7228.530585730525 61775.77659575783 98182.86477074472
7232.022187740907 60865.0069219382 97406.52367463871
7235.513789751289 60228.14972660772 96343.61379003245
7239.005391761671 59684.85280832428 96697.72247810938
7242.4969937720525 59180.71587932791 98046.40379349077
7245.9885957824345 58802.913868135445 97453.87885785446
7249.480197792816 58261.5195859525 97294.32375538006
7252.971799803198 58235.171970084826 96258.54512005774
7256.46340181358 57020.36532800372 97486.20628282371
7259.955003823963 55691.14356879163 97450.98237154286
7263.446605834344 55994.45351721666 97194.44257611099
7266.938207844727 56758.76146410602 96454.08193743402
7270.429809855108 59238.165293308935 95127.59527405206
7273.921411865491 59815.14964173017 97464.40499334046
7277.413013875872 58696.456788949145 98763.86755873164
7280.904615886255 57476.54305425925 97555.23277149202
7284.396217896637 57130.41135619009 97053.80556430056
7287.887819907019 60405.821322897755 96629.4019604405
7291.379421917401 60270.170354003436 97243.5707518508
7294.8710239277825 58978.440659534695 96789.51953757885
7298.3626259381645 58596.37903255596 97456.30399899743
7301.854227948546 59525.85640121863 96430.76259138118
7305.345829958928 60007.46501577769 95838.19702314632
7308.83743196931 60576.80831399632 96979.83314503545
7312.329033979693 60919.9122600105 97453.01048486459
7315.820635990074 60080.51941721907 96110.20746862989
7319.312238000457 60429.935435069914 94463.88961846713
7322.803840010838 60875.35586373384 95401.75805840369
7326.295442021221 61418.64945970314 94871.74238847313
7329.787044031602 61274.326352628435 96122.0945373474
7333.278646041985 60590.39480134257 96314.0412057951
7336.770248052367 59979.66954317696 94887.56435793918
7340.261850062749 60488.25670919837 95624.93887327738
7343.753452073131 61472.334570451174 95956.44095645468
7347.2450540835125 61915.32827891888 94744.27915754763
7350.736656093894 63066.88753085603 93509.00485933977
7354.228258104276 61985.6264941829 94261.70025179547
7357.719860114658 61102.98911378011 93730.17666398794
7361.21146212504 61397.29476730059 92877.62841413953
7364.703064135423 61013.60129819169 92300.29424346305
7368.194666145804 60048.78802295515 92635.05090723162
7371.686268156187 59259.48363242065 91575.91824991033
7375.177870166568 58322.82799608445 91844.01464271854
7378.669472176951 57819.42001699076 92291.58153290999
7382.161074187332 57484.196653840205 92133.04867309841
7385.652676197715 58459.00679428609 92960.86186851915
7389.144278208097 59797.41161963361 91221.35934977331
7392.635880218479 59881.929947582896 89489.30174643712
7396.127482228861 60735.392139496784 90893.96626130189
7399.6190842392425 61142.08897697123 90044.86413889567
7403.110686249624 61156.81312573272 89683.66397861938
7406.602288260006 61671.26984219639 90854.8917112465
7410.093890270388 61720.70699528903 89884.3091296785
7413.58549228077 60999.40633296738 89580.04979946076
7417.077094291153 61868.17147799363 89122.9649241811
7420.568696301534 61356.069868391896 90010.04747629569
7424.060298311917 60945.490195715785 89718.87953991104
7427.551900322298 61331.850622529535 89423.9509229058
7431.043502332681 59623.81762617512 90413.17728864429
7434.535104343062 60646.185560524646 88290.91749005768
7438.026706353445 60814.913263285634 87484.67616748773
7441.518308363827 60998.27264205754 87615.78078377047
7445.009910374209 60445.5328422039 87077.99365941394
7448.501512384591 59385.17472988488 86944.12006072028
7451.9931143949725 59017.17608787492 87310.19499127417
7455.484716405354 58909.76243933969 87938.19755616695
7458.976318415736 58809.8655088403 87891.12275916008
7462.467920426118 58810.619635199735 86925.6054187934
7465.9595224365 58490.39483513907 86184.73332763497
7469.451124446883 58454.595505306315 86896.47082405913
7472.942726457264 59222.16770505805 87770.40028465912
7476.434328467647 58849.60817964618 86466.29365661184
7479.925930478028 59662.290010250836 86911.73617408678
7483.417532488411 58915.01537817286 85749.0546043505
7486.909134498792 57396.023955624674 85792.16988181992
7490.400736509175 58341.02983509246 86043.9738834985
7493.892338519557 58523.406348956014 85905.91335981034
7497.383940529939 58587.181866569925 84764.19913720163
7500.875542540321 57923.329637668314 84222.5779548148
7504.3671445507025 58151.38631469673 84869.7088652678
7507.858746561084 58124.13386063827 86684.95290913098
7511.350348571466 58047.13041192272 83717.41408803758
7514.841950581848 57769.95938972756 83885.1390103064
7518.33355259223 57839.00841248397 85420.79216076102
7521.825154602613 58117.21201926795 84710.53798846628
7525.316756612994 58120.485301156674 85221.93269950847
7528.808358623377 57504.35360865322 85407.95433149257
7532.299960633758 57715.29690745686 85541.97884151837
7535.791562644141 58316.859284741266 84951.06025102438
7539.283164654522 57156.365509838426 83730.06694409104
7542.774766664905 56295.55148506893 84752.67775486138
7546.266368675287 55112.6466333494 82807.19253761538
7549.757970685669 54180.30776954601 84990.94347472588
7553.24957269605 53840.61640178511 84873.67062822104
7556.7411747064325 52081.60411389073 84570.24823439514
7560.232776716815 52499.68142547152 86224.74326215222
7563.724378727196 54571.971316653624 83724.29519056968
7567.215980737579 55595.59024039607 83516.65460734117
7570.70758274796 54563.225379554104 83961.1845583247
7574.199184758343 55633.32977547325 84175.27939165953
7577.690786768724 55198.448784059496 84750.60317585187
7581.182388779107 55496.08337044787 83499.6911797404
7584.673990789488 55890.88723054043 83958.08747355842
7588.165592799871 55188.23317977726 83973.64125299874
7591.657194810252 52294.673682527005 83618.03006413703
7595.148796820635 47129.98395124727 83592.4277585778
7598.640398831016 39111.98127503859 83237.62615110188
7602.132000841399 31588.001407592496 83514.09210097925
7605.62360285178 28535.847965803758 83371.60427518311
7609.1152048621625 27386.09601422211 83506.02468628605
7612.606806872545 30139.828982648876 83920.20571120894
7616.098408882926 35574.74627447036 83127.0265998093
7619.590010893309 40128.51691658207 81898.20245048586
7623.08161290369 42703.24982967071 81728.27781894647
7626.573214914073 40156.40907503565 82910.89382679648
7630.064816924454 36811.29347835252 81945.00262783538
7633.556418934837 36520.05251916524 82429.32243377522
7637.048020945218 36931.333941079334 81822.48140781684
7640.539622955601 37344.20971429318 81458.6123084242
7644.031224965982 38807.25650745936 81222.66971871837
7647.522826976365 40853.01257850079 81121.97939683856
7651.014428986746 42368.396232891166 80916.38857133334
7654.506030997129 43644.8184975819 80572.74186708148
7657.99763300751 45145.2594187091 80565.91818807076
7661.4892350178925 47163.54101556783 81349.98981370254
7664.9808370282735 48101.26869232896 81049.75918725548
7668.472439038656 48053.051142694014 80943.49972866922
7671.964041049039 48288.73317493271 81604.17656728909
7675.45564305942 48765.96032180741 80395.02905235608
7678.947245069803 49536.76167489103 80136.32045494833
7682.438847080184 49118.405977763134 80263.33409903369
7685.930449090567 51229.85681210226 80271.60832777683
7689.422051100948 51545.187607343876 79236.37088413684
7692.913653111331 49911.85363059157 79616.41383800005
7696.405255121712 52185.142088253386 80296.45721904143
7699.896857132095 52149.16190767517 81603.31376827144
7703.388459142476 51876.53359890042 79986.51242806506
7706.880061152859 51867.36729877706 80294.4193126035
7710.37166316324 52268.79759577738 79728.32837480112
7713.8632651736225 50521.62346520421 79346.810637982
7717.3548671840035 51217.72040547586 78736.00653099109
7720.846469194386 51907.61630322251 77478.34756626867
7724.338071204769 51565.27027238055 76082.15371283071
7727.82967321515 51745.68430795918 74302.77350423738
7731.321275225533 51215.53553557542 72196.81866134811
7734.812877235914 51177.308387781835 73729.37490369623
7738.304479246297 51241.55697683702 77166.2888336455
7741.796081256678 49653.81109938532 77276.30399242339
7745.287683267061 49798.26962649387 77592.3266455356
7748.779285277442 51119.352650799265 76550.35245819493
7752.270887287825 48981.071221231985 78378.61919987884
7755.762489298206 50301.44030558399 79427.71703847148
7759.254091308589 50534.596517216196 79380.02432941504
7762.74569331897 50114.50688437351 80225.72105810797
7766.2372953293525 50088.099706134075 79411.09549064614
7769.7288973397335 50377.07261066536 79894.08579627046
7773.220499350116 48247.718536461034 79495.75201451151
7776.712101360499 48389.99809081283 78324.84102744107
7780.20370337088 48681.328221174714 80012.97114172213
7783.695305381263 48864.483043236265 80197.2443894077
7787.186907391644 49537.669521392774 79303.65931744344
7790.678509402027 49569.23896219503 79113.86359457298
7794.170111412408 49321.9011553597 79129.10595007539
7797.661713422791 48829.52780689671 78614.9068049232
7801.153315433172 48435.76411392387 77173.43215484738
7804.644917443555 48694.8731913753 77704.60932164581
7808.136519453936 48844.98607312627 79263.75870043351
7811.628121464319 49208.74721737667 78445.5768333474
7815.1197234747 48962.33589068635 77726.91636605666
7818.6113254850825 48451.51561450644 78098.37965911072
7822.1029274954635 49066.84874571186 78079.01850477578
7825.594529505846 48230.254752128814 78469.71702384242
7829.086131516229 47824.778087840365 77356.3320210925
7832.57773352661 46328.01898317358 77919.38030526263
7836.069335536993 45649.790359569895 78316.17388505107
7839.560937547374 44423.50332672308 77757.867492994
7843.052539557757 43690.00520302307 76218.00880474008
7846.544141568138 44410.03544223806 74450.79289536837
7850.035743578521 45172.17814643032 73969.96333386043
7853.527345588902 46881.720347020004 75709.32623849963
7857.018947599285 47462.01104418589 76769.41791572585
7860.510549609666 47331.04781693087 76294.7625243855
7864.002151620049 47671.149705081945 76445.37950037517
7867.49375363043 46291.568325046785 76875.77019592997
7870.9853556408125 46163.07676938295 77207.98142971324
7874.4769576511935 45997.61033296549 76603.85402557492
7877.968559661576 45773.998668143584 76389.36003269453
7881.460161671959 46368.03773778141 77157.47319326445
7884.95176368234 46282.7578305467 76659.5134832873
7888.443365692723 45292.80358438779 76930.15310856378
7891.934967703104 45878.61081118417 76609.04989039259
7895.426569713487 45519.175203571256 76774.01824467264
7898.918171723868 45779.81202256516 77646.29516479647
7902.409773734251 45659.72273774585 77506.18078497538
7905.901375744632 45360.90268681739 77170.02396812782
7909.392977755015 45141.570067136796 76537.86332570962
7912.884579765396 45290.80346964199 76188.51107709967
7916.376181775779 45481.27939162051 75962.05337824918
7919.86778378616 44976.986434747334 75883.67876688567
7923.3593857965425 44838.51512534974 75530.41545581433
7926.8509878069235 44866.0124355987 75336.1882327233
7930.342589817306 43807.300501174046 76132.48064683126
7933.834191827689 43695.13559095567 75638.0534415162
7937.32579383807 44745.778195075334 75721.30465552268
7940.817395848453 44654.768403286515 75372.1316850809
7944.308997858834 44458.12678275843 75504.02790128856
7947.800599869217 44254.4956634668 75156.65353837644
7951.292201879598 44081.70280531977 75512.75981651571
7954.783803889981 44139.634668986684 75031.30793635963
7958.275405900362 44342.22203592063 74837.21550382141
7961.767007910745 43305.127875352606 75659.92572339626
7965.258609921126 43255.9205925488 75656.09187196802
7968.750211931509 44235.08237883672 74903.35641314181
7972.24181394189 43503.70354635147 75330.11971230632
7975.7334159522725 43204.53783866839 75374.0420160005
7979.2250179626535 43399.07718912365 74678.16126436756
7982.716619973036 42751.67157497867 74865.85169274827
7986.208221983419 43206.71666419774 74945.93348004944
7989.6998239938 43595.781437017875 74549.9484497837
7993.191426004183 42694.87877722219 74583.38360470578
7996.683028014564 42652.439314973846 74952.90369601213
8000.174630024947 43333.1382047357 75133.47139298017
8003.666232035328 43212.36351790172 73325.56204799282
8007.157834045711 42749.28193725317 74136.74901356133
8010.649436056092 41253.96702587127 75385.71051133261
8014.141038066475 42392.3528769759 74557.7110598351
8017.632640076856 42949.43737695844 73723.60647009194
8021.124242087239 41003.57505675763 75581.60226529308
8024.61584409762 41318.99284053738 74222.74991823667
8028.1074461080025 42368.145917675254 73012.26733054165
8031.5990481183835 41867.506644136665 73812.05812403408
8035.090650128766 41629.80744438095 73742.32916417881
8038.582252139149 41809.06376303124 72926.27140178368
8042.07385414953 41331.85102813192 69495.92909577969
8045.565456159913 40705.130522602245 63289.853068179465
8049.057058170294 40990.923532514054 60168.36003315191
8052.548660180677 41352.29422472066 61234.30208659424
8056.040262191058 40964.94427275756 64764.05086726338
8059.531864201441 42321.84425803699 69215.88502686992
8063.023466211822 41428.64362285045 67257.86343614731
8066.515068222205 41107.20311280416 66360.36814521957
8070.006670232586 41264.5015165629 66093.98874956704
8073.498272242969 41013.81868966659 65725.36389269673
8076.98987425335 41331.8718572018 68067.56658245699
8080.4814762637325 41475.48103709573 68385.47738331632
8083.9730782741135 40438.24027791013 69077.30021152888
8087.464680284496 39617.94514393817 70077.72649567299
8090.956282294879 40270.88936335829 70874.26006072409
8094.44788430526 39673.15637840696 69997.1413927564
8097.939486315643 39089.07008066314 69381.02254394862
8101.431088326024 39931.98778122402 70486.23823559488
8104.922690336407 39589.31623600723 70967.6461092284
8108.414292346788 39232.41624939415 70738.40906867452
8111.905894357171 39257.541480265885 70143.35775131857
8115.397496367552 38635.490238032144 71485.39020254339
8118.889098377935 38871.97654995986 70410.60557279935
8122.380700388316 38831.65743044919 68410.90917872495
8125.872302398699 38315.88101210807 69453.4229035381
8129.36390440908 38763.51426254183 70649.95890912056
8132.8555064194625 37288.48038791491 69417.33540654164
8136.3471084298435 37054.8117396555 69455.32300824301
8139.838710440226 36543.34986276973 70088.7747352943
8143.330312450609 35921.21107954177 70058.58998838194
8146.82191446099 35293.29789950677 70113.26629115138
8150.313516471373 35015.779740138285 71406.14222086326
8153.805118481754 34450.80883012194 72180.30439394608
8157.296720492137 34262.8273531516 72265.61396941994
8160.788322502518 34888.92157177452 72417.20087051978
8164.279924512901 34419.38135189915 71145.8944056212
8167.771526523282 33939.520992434205 70157.24330812968
8171.263128533665 34294.22707492786 71094.6725746953
8174.754730544046 34759.1908813669 72086.10006678621
8178.246332554429 33880.132606200794 71683.59699368669
8181.73793456481 33871.9571239231 71233.93431794157
8185.2295365751925 34401.45175951718 70824.57720572455
8188.7211385855735 35484.870415231155 70210.17764219086
8192.212740595956 34768.30739366545 70550.66122807199
8195.70434260634 33708.680291586046 70703.91634050019
8199.19594461672 33999.02539738795 71658.37239820237
8202.687546627103 34692.68030585875 73551.62112095566
8206.179148637484 35511.4637757829 71640.77712471128
8209.670750647867 35875.43059295166 70261.09676485423
8213.162352658248 36081.14799535335 71047.93874755525
8216.65395466863 36078.30156451508 70545.18546458642
8220.145556679012 35345.31363914301 70671.34147217344
8223.637158689395 33985.528966232036 71489.35716793507
8227.128760699776 31300.657289931394 72825.53910302161
8230.620362710159 30556.45632468465 71863.94268955717
8234.11196472054 30206.131330521413 72538.02243400311
8237.603566730922 31868.98109380214 72128.38850868064
8241.095168741303 34157.928709520726 70025.93215789039
8244.586770751686 34846.151998896465 68561.20852995302
8248.07837276207 34528.472074181744 68147.11064417793
8251.56997477245 34949.782675546216 69347.4826439731
8255.061576782833 34562.258714714204 69771.46425985024
8258.553178793214 33291.00783558291 70941.39679849066
8262.044780803597 33608.18727325922 71820.96386128014
8265.536382813978 34129.08533750825 72860.22632684227
8269.02798482436 33671.772482197506 73342.6399418602
8272.519586834742 33275.299185884156 72598.93443693692
8276.011188845125 32706.07996409229 73099.8653636376
8279.502790855506 32353.204374264573 72795.46070378591
8282.994392865889 32267.836590352563 72492.20469032253
8286.48599487627 32481.49980211175 73065.70526456869
8289.977596886652 32637.182342586813 71783.57677621755
8293.469198897033 32289.239589181907 70887.85873288715
8296.960800907416 32181.44611568529 70288.7037126231
8300.452402917797 32195.558364631477 69489.08913236308
8303.94400492818 32205.59427607691 70298.26846502516
8307.435606938563 32193.898104782613 72033.96686012486
8310.927208948944 32493.605721679385 72317.23372537651
8314.418810959327 32099.920711888943 72875.0227259374
8317.910412969708 31580.557021352444 72815.819412019
8321.40201498009 31762.57731168326 72144.40676911855
8324.893616990472 31681.62763959117 72302.98626454553
8328.385219000855 31978.58967443438 71744.54246083337
8331.876821011236 32775.43043131432 71015.44650139502
8335.368423021619 32081.096853403236 71503.37635341895
8338.860025032 31701.511557878333 71715.21116269863
8342.351627042382 31864.12069358259 71451.87786307964
8345.843229052763 30932.698246751766 69927.53150245719
8349.334831063146 30688.026708174057 68670.46211624707
8352.826433073527 28557.559045751474 64718.64483589636
8356.31803508391 30205.48346389041 62042.211562917866
8359.809637094293 30844.869268160088 61543.828214541594
8363.301239104674 30741.706549507082 61299.19534593824
8366.792841115057 31127.50935579805 61374.09513520802
8370.284443125438 31323.885717291374 61218.73152438382
8373.77604513582 31850.979306807985 62017.449521699644
8377.267647146202 32161.377317439084 63423.684275317566
8380.759249156585 31579.490368968494 63870.46446877257
8384.250851166966 30973.184796302805 64068.17879410369
8387.742453177349 30949.608004566126 64073.958216392835
8391.23405518773 31483.635818094463 65072.24291236885
8394.725657198112 31563.00909752129 67224.64946992781
8398.217259208493 31799.78265879946 68237.2597294337
8401.708861218876 31753.491838867463 69328.53169188017
8405.200463229257 30838.994335305935 68069.29834508513
8408.69206523964 30804.144067255213 67504.24469012111
8412.183667250023 30475.22336204117 66845.13258792338
8415.675269260404 30698.602184316456 66046.31061708526
8419.166871270787 31314.052154276782 65481.60574911411
8422.658473281168 31541.771918632294 64805.45951854256
8426.15007529155 31596.739143195922 64371.44286166295
8429.641677301932 31644.82776752958 63775.25688144332
8433.133279312315 31197.776645520156 63453.59545407018
8436.624881322696 29911.591614863286 63505.252163087505
8440.116483333079 29441.08539882606 62174.37080741847
8443.60808534346 30365.45895741069 61076.53027580493
8447.099687353842 30131.39980595595 61433.09146577227
8450.591289364223 30955.521965773838 62230.00536882414
8454.082891374606 30080.696374454303 64643.958206730764
8457.574493384987 30437.106030343617 65116.57962612351
8461.06609539537 29975.59889979212 64080.75318984322
8464.557697405753 29119.320016381043 62675.60383685109
8468.049299416134 28948.67075950664 62122.625729062536
8471.540901426517 29046.880842689232 65318.33617027957
8475.032503436898 30059.374111426918 65652.89091143462
8478.52410544728 30932.646008955882 63882.51762901249
8482.015707457662 30891.30515760132 63729.116390963005
8485.507309468045 30075.684256571192 64475.36000412377
8488.998911478426 29709.661911908526 65323.38602191006
8492.490513488809 30423.274696576424 65337.67001581306
8495.98211549919 29140.454960308012 66300.44130153306
8499.473717509572 28044.53761039481 65397.02037709495
8502.965319519953 28490.4976936483 65576.78544194456
8506.456921530336 28194.664913790308 65951.68269165649
8509.948523540717 28442.499269537577 66559.75370032543
8513.4401255511 28894.600428143105 66656.65662157025
8516.931727561483 29395.589605777634 66121.40386972904
8520.423329571864 29596.5245123919 65493.81959282131
8523.914931582247 29584.465608568724 65438.96805794863
8527.406533592628 29816.886049197048 66337.50265962252
8530.89813560301 29509.251221329374 67127.04891048708
8534.389737613392 28924.48014035171 67867.94317108543
8537.881339623775 28127.51051876868 67983.92476469983
8541.372941634156 26916.317777212655 66722.24160535778
8544.864543644539 26390.326832063227 66345.77512319932
8548.35614565492 26266.175699768246 66659.29894436532
8551.847747665302 27597.83216879673 66116.46738127302
8555.339349675683 28389.699730866825 64898.56213544061
8558.830951686066 28501.311213271707 64380.39480273726
8562.322553696447 27974.403116649304 63394.2214182207
8565.81415570683 29118.937513500525 63135.51420946293
8569.305757717213 29499.99018231228 62966.93928074408
8572.797359727594 28910.484960414164 64356.353194064206
8576.288961737977 28576.2899315811 65190.41024782737
8579.780563748358 27550.19287021891 65422.923431566014
8583.27216575874 27542.394838035325 66186.69958935151
8586.763767769122 27573.992632941747 66325.70205891831
8590.255369779505 26176.75100063938 66264.11621500185
8593.746971789886 25821.759076838367 66893.85902118999
8597.238573800269 25285.0563048479 66732.28966189658
8600.73017581065 25208.87402120028 66134.08085431712
8604.221777821032 26234.392495479682 66910.3570478767
8607.713379831413 27318.94872310021 66420.31892624675
8611.204981841796 27198.857387267537 66234.58173464292
8614.696583852177 27430.752865434795 66675.62219724784
8618.18818586256 28137.595961367846 64941.51892789645
8621.679787872943 27192.244477250326 65751.38486183411
8625.171389883324 26858.507995556007 66269.06189270409
8628.662991893707 27119.790850892732 66091.31471129006
8632.154593904088 26640.442006626945 65764.89608860137
8635.64619591447 27029.464765937784 64822.69260216858
8639.137797924852 27807.129702734648 64431.87482923481
8642.629399935235 27176.807317292194 64363.66050762725
8646.121001945616 26792.759616354815 64155.72420837054
8649.612603955999 26763.144840601664 64036.19083643454
8653.10420596638 25998.944950808724 64009.774182785295
8656.595807976762 25863.416911823715 63334.043468093296
8660.087409987143 24213.707419465707 64438.78228962
8663.579011997526 23407.21934514203 64150.648189124135
8667.070614007907 23202.06946537474 64612.11639079975
8670.56221601829 23880.036995319668 64762.064756291824
8674.053818028673 24834.46812530479 62912.80072210307
8677.545420039054 25590.896444870436 62927.37631505426
8681.037022049437 25772.81280161805 63726.79650064405
8684.528624059818 25991.603537909814 63816.31266065169
8688.0202260702 26000.483983049464 63516.60879939367
8691.511828080582 25279.79595755381 62843.069323222604
8695.003430090965 25511.598036163334 63298.69769883869
8698.495032101346 26339.526444796775 63209.206514290476
8701.986634111729 26243.3526397129 63116.74759831166
8705.47823612211 26167.10399870903 62906.31398126684
8708.969838132492 26149.82089345545 63304.56206536366
8712.461440142873 26257.281493748127 63288.79995547586
8715.953042153256 25849.58128127065 63038.76853742104
8719.444644163637 25704.603651336805 62357.53414885758
8722.93624617402 25823.90596337912 63241.30377893151
8726.427848184403 25409.508297925055 63206.67283993418
8729.919450194784 24789.47511643258 62140.77553691475
8733.411052205167 24400.943217038825 61348.712886283254
8736.902654215548 24148.05250151379 60191.29376418679
8740.39425622593 23613.812328126824 59600.302587747814
8743.885858236312 22714.709152387364 59010.804127583084
8747.377460246695 22162.921506020866 57228.78545210044
8750.869062257076 21431.66174139723 57901.70366347724
8754.360664267459 21024.378702056245 60059.04405117135
8757.85226627784 22039.039165855076 60851.219729621516
8761.343868288222 23507.987061010812 59843.64653566829
8764.835470298603 24619.03205506403 60919.77250179083
8768.327072308986 24291.94437299965 60428.104864150606
8771.818674319367 24151.03605689276 60676.71220560859
8775.31027632975 23600.683229493217 61113.90274601649
8778.801878340133 23238.41998267581 60431.549918000965
8782.293480350514 23918.970932193275 57869.15867521864
8785.785082360897 24135.618469421177 52860.61423844065
8789.276684371278 24110.829386552017 45238.273319527485
8792.76828638166 24487.29627752604 36459.62328375279
8796.259888392042 24149.165236664245 32278.50919588345
8799.751490402425 24199.051146817634 30992.79815397517
8803.243092412806 23436.60067624376 32806.92668094353
8806.734694423189 23212.7333431006 38294.817106526796
8810.22629643357 23518.02384791542 43531.03974687327
8813.717898443952 23173.06396101439 47193.24605064369
8817.209500454333 22769.96980211918 45739.173584396296
8820.701102464716 23168.846501633252 41982.3595722501
8824.192704475097 23915.136104040266 40653.81863995775
8827.68430648548 23477.51001869479 41379.10706989531
8831.175908495863 22638.393984729726 41845.60876350738
8834.667510506244 22470.00522058663 42603.51123660296
8838.159112516627 22157.71494200196 44604.00122061598
8841.650714527008 22181.653861630803 46436.57613801781
8845.14231653739 22454.008191934365 47835.464810506266
8848.633918547772 22106.635622733447 49242.57975300855
8852.125520558155 21841.162387049742 50811.73569637729
8855.617122568536 20721.489842227045 52788.83069536502
8859.108724578919 19737.430716505416 52943.743960404194
8862.6003265893 19020.07840295847 53308.09832543021
8866.091928599682 19037.555267401633 53383.751437039944
8869.583530610063 19685.64008458908 54369.709326696044
8873.075132620446 20869.347327892607 54347.74626542488
8876.566734630827 21579.199362176896 54847.76046682959
8880.05833664121 21603.822742127413 56829.66577641609
8883.549938651593 21800.9973721949 56080.81329556926
8887.041540661974 21706.05261937505 55386.061640829976
8890.533142672357 21379.825601117966 57601.40364382642
8894.024744682738 21220.28723532185 57111.406001868294
8897.51634669312 20877.866924139846 56994.84216185009
8901.007948703502 21196.161623125834 57044.64213710178
8904.499550713885 20417.86789309491 57423.972974157405
8907.991152724266 21052.290288034255 55482.2612436371
8911.482754734649 20922.218523785952 56486.648359288694
8914.97435674503 20443.681377943536 56940.24077905076
8918.465958755412 20893.432457443425 56693.093829896796
8921.957560765793 20786.242365621354 56898.92312756783
8925.449162776176 20125.241580154034 56412.92933065008
8928.940764786557 20600.77868257499 56533.72609442771
8932.43236679694 20869.420986377325 56650.52857610334
8935.923968807321 20007.94562453752 55018.74574427404
8939.415570817704 20284.63207362304 54791.12722406623
8942.907172828087 19476.18179851265 56572.35452583503
8946.398774838468 19257.30688959204 54381.10785300331
8949.89037684885 18912.167151221667 55204.764290099134
8953.381978859232 19135.98976551051 55846.30814488245
8956.873580869615 18809.31657691372 55357.11447071646
8960.365182879996 18499.38301777661 55205.5420124214
8963.856784890379 18148.04076871619 55670.2797926808
8967.34838690076 17624.052994379585 54223.82892438776
8970.839988911142 17157.06261690063 53189.61186135095
8974.331590921523 16998.573550503526 53925.5015335632
8977.823192931906 17159.700424335504 53822.19999931013
8981.314794942287 17291.157138056536 54508.049206299234
8984.80639695267 17438.951235145276 54826.9610547003
8988.297998963051 16264.427448005259 54456.66246750358
8991.789600973434 14963.299074905122 54280.16544811477
8995.281202983817 14716.049066622752 53578.03461188755
8998.772804994198 15639.636108773098 53796.714350491355
9002.26440700458 16130.033812704572 53905.85454203884
9005.756009014962 15532.272941849531 54179.223111104664
9009.247611025345 14749.326318342615 54479.95791041082
9012.739213035726 14181.737105825263 53809.27846408771
9016.230815046109 13953.597155533373 53877.92438913092
9019.72241705649 14630.031631284975 54142.55253136551
9023.214019066872 15779.603327577319 53201.506925376256
9026.705621077253 15723.169980024313 52679.27309904691
9030.197223087636 15438.719416023534 51179.522915063695
9033.688825098017 17336.03793945565 50571.124093551094
9037.1804271084 16801.929078677207 49415.56475579152
9040.672029118781 17791.065572823052 48906.03515001289
9044.163631129164 17052.810494271573 49957.77849144236
9047.655233139547 17118.549436901525 50602.076508519705
9051.146835149928 17115.908454119926 52457.174614882606
9054.63843716031 16721.027323836446 52534.28426456112
9058.130039170692 16819.078471212782 52657.60545647896
9061.621641181075 16509.14159728636 52750.120661082496
9065.113243191456 15340.960533311098 51348.376244494364
9068.604845201839 15049.949390592032 51324.489901196845
9072.09644721222 15588.398376186753 51199.275288789904
9075.588049222602 14607.154981343632 50932.032087728294
9079.079651232983 14652.921948780491 51438.30149765966
9082.571253243366 15319.366424554502 51488.76762647176
9086.062855253747 14312.760725578048 50348.09159128919
9089.55445726413 14926.26114272127 50856.69742383378
9093.046059274511 15009.442172322382 50783.80997899361
9096.537661284894 15123.975728973157 50919.94896946919
9100.029263295277 15400.899877614796 50882.11506777612
9103.520865305658 15090.094722854885 50455.358780584065
9107.01246731604 14817.450787522186 50287.049784319075
9110.504069326422 14952.626621416055 50412.17414658325
9113.995671336805 15167.222580509298 50679.2664966068
9117.487273347186 15017.646556528116 50315.53081413397
9120.978875357569 14590.950208915638 50035.54238751101
9124.47047736795 15043.00593692394 50192.286596831465
9127.962079378332 14518.75279221432 49274.76144375458
9131.453681388713 13449.731372738048 48637.871760720904
9134.945283399096 13357.18415038577 49547.061756139396
9138.436885409477 13342.035305832294 49932.39299733463
9141.92848741986 13486.6446153005 49657.53373093496
9145.420089430241 14386.699644569588 49443.04531939266
9148.911691440624 14657.285250442925 49297.21814455756
9152.403293451007 13926.605580375699 49186.213114323706
9155.894895461388 13282.416442545542 49434.878132899634
9159.38649747177 12848.671736692442 49283.03388931683
9162.878099482152 13072.293217984512 48144.35243720865
9166.369701492535 13760.567808222244 48790.531007822625
9169.861303502916 13951.580112983771 49371.72837661677
9173.352905513299 13895.441032473815 48115.9119346307
9176.84450752368 12669.500852204823 48638.22999926568
9180.336109534062 13011.50878437426 48400.2000708271
9183.827711544443 13704.993995073708 47941.27465141912
9187.319313554826 13243.410730034348 48520.755354284076
9190.810915565207 13713.992036472227 48553.5160136394
9194.30251757559 14189.91541074348 47745.64665981058
9197.794119585971 13740.056806764358 47902.80072033995
9201.285721596354 13856.84488886456 48549.24790791994
9204.777323606737 13734.537352059959 48250.30508751071
9208.268925617118 13622.151182071244 47673.37685190205
9211.7605276275 12794.129300308883 46378.5925935449
9215.252129637882 12987.806251142767 47664.815761728976
9218.743731648265 12455.351302919913 48016.87271498435
9222.235333658646 12270.49354945692 45802.25995206416
9225.726935669029 11678.111132577098 46332.01573300573
9229.21853767941 11218.397825988188 47484.78503664973
9232.710139689792 11206.62028848035 46986.61840191034
9236.201741700173 11866.688798273315 46727.79438733388
9239.693343710556 12348.348027067515 46931.3089174183
9243.184945720937 12110.70254247355 46556.0644375483
9246.67654773132 12347.049896177918 45927.13770223125
9250.168149741701 12390.07545373866 45885.4850771503
9253.659751752084 12112.93020500138 46637.155704136705
9257.151353762467 12174.904040115089 46009.59955580837
9260.642955772848 12947.587876156558 47353.79270273261
9264.13455778323 11955.419142212477 46867.4342668804
9267.626159793612 12445.13202840909 46124.140487208526
9271.117761803995 12787.775676178404 46212.05277097289
9274.609363814376 12229.714253262026 46184.34877519987
9278.100965824759 11860.718782891261 46224.1784545089
9281.59256783514 11542.717315514785 46548.37577330012
9285.084169845522 11299.273416811506 46066.16387973133
9288.575771855903 11284.90984809013 44844.00954446968
9292.067373866286 11041.52765727232 44852.145054838285
9295.558975876667 10671.657400991706 45383.85221503988
9299.05057788705 10259.926102493284 44034.439221681045
9302.542179897431 9499.132966887462 44596.425457369616
9306.033781907814 9403.993886794113 44947.664219336286
9309.525383918197 9413.625903306467 44392.4341485333
9313.016985928578 9178.490327891985 44374.04628411583
9316.50858793896 8635.969199290661 43892.39522809322
9320.000189949342 8100.521727155399 43667.3324804238
9323.491791959725 7891.710283952958 44044.341657115125
9326.983393970106 7864.774958984515 43611.62692808167
9330.474995980489 7731.886358743443 43453.148240357245
9333.96659799087 7387.001164756767 43579.42562003057
9337.458200001252 7163.739030609315 41907.13148580913
9340.949802011633 7106.541739533066 42032.79832372597
9344.441404022016 6202.145909065499 41315.03268760014
9347.933006032397 6487.103628971671 40829.712003709115
9351.42460804278 7082.945422210537 40095.958229693846
9354.916210053161 7270.752706206739 39920.24182897222
9358.407812063544 7185.960761850339 39233.36352482534
9361.899414073927 6787.47605547663 39310.70241471835
9365.391016084308 7289.341837291337 39808.8874276247
9368.88261809469 7519.726432815407 39209.2821622342
9372.374220105072 6469.360332629537 38847.49022520363
9375.865822115455 6727.150106871116 39158.122684705624
9379.357424125836 6712.208934569434 39669.087599748265
9382.849026136219 6876.57486559286 38807.25758479594
9386.3406281466 7061.135223211657 38769.83644077005
9389.832230156982 7547.160675578492 39173.01972368895
9393.323832167363 8743.240108058448 40380.70461775615
9396.815434177746 8931.739342187833 39950.547918106415
9400.307036188127 8867.671941549905 38658.25624477141
9403.79863819851 8933.308652826583 38735.85229893912
9407.290240208891 8657.175002833194 39472.15296580959
9410.781842219274 8310.616101011643 40226.28276848347
9414.273444229657 8054.761571736105 40890.981442458164
9417.765046240038 7746.576143202291 40847.55455220929
9421.25664825042 7370.4181188833845 41249.2254883743
9424.748250260802 7781.296639100484 40456.49583309479
9428.239852271185 7382.632823875546 39758.4268427757
9431.731454281566 6833.689229431363 36978.44939844634
9435.223056291949 6859.91665858658 35569.57501474633
9438.71465830233 7270.384582577674 35097.441492007965
9442.206260312712 6246.409893424305 35834.89047881516
9445.697862323093 5254.885840098156 38124.07371330056
9449.189464333476 5820.37652331165 39703.99821358226
9452.681066343857 6860.6250379400935 39558.98999657395
9456.17266835424 7241.190954634184 39527.10902312115
9459.664270364621 6603.8309824807075 39961.47076123221
9463.155872375004 6609.75814826443 38821.90040307394
9466.647474385387 6789.620007961996 37859.25011772996
9470.139076395768 6930.620695948746 38934.61553784592
9473.63067840615 6626.201414920168 38879.20224579613
9477.122280416532 6803.3311860909935 38471.758346073184
9480.613882426915 6671.045316445619 37911.915674565265
9484.105484437296 6450.728754501018 37365.59647963097
9487.597086447679 6709.587992763496 37104.2936309105
9491.08868845806 7243.476526062063 37144.3026219524
9494.580290468442 7154.568367922101 37397.18016353626
9498.071892478823 6219.931047948523 37314.07822146516
9501.563494489206 5809.221947779639 37009.32533345064
9505.055096499587 5617.667121599744 37088.21906550457
9508.54669850997 6397.748987884764 37075.580483947575
9512.038300520351 6668.9091627739635 36902.21662712336
9515.529902530734 6628.03384426634 36926.276727202756
9519.021504541115 6633.641742484644 37281.13199195037
9522.513106551498 5782.40855612577 36878.38498237915
9526.00470856188 5387.976668401454 36451.57645418319
9529.496310572262 5715.553456961598 36677.26858977632
9532.987912582645 5941.042907196262 36633.27755809231
9536.479514593026 6348.99228694992 36830.238198628016
9539.971116603409 6361.560191108261 37651.08145600544
9543.46271861379 5933.465891812407 37052.329129868594
9546.954320624172 5873.795457558411 36569.36338463451
9550.445922634553 5842.874429561225 36802.13132717454
9553.937524644936 5947.769841482028 35880.68521106036
9557.429126655317 5725.053238482138 35673.42180613844
9560.9207286657 5703.068015386285 33811.305756730144
9564.412330676081 5944.704382232066 34414.22991921985
9567.903932686464 5919.598562617446 35885.16556537434
9571.395534696845 5475.155792431069 35466.38975408377
9574.887136707228 5663.425657402668 35714.01531723657
9578.37873871761 6552.255927081273 36122.21891067748
9581.870340727992 6528.875959812248 36373.458020133105
9585.361942738375 6476.084490924401 36900.95233852122
9588.853544748756 5873.079060692546 36725.55947320053
9592.345146759139 5625.319460796596 36006.409381238234
9595.83674876952 5421.323795449533 35614.001606672704
9599.328350779902 5614.211584248293 36063.49845672629
9602.819952790283 5999.46941461406 36381.96821468549
9606.311554800666 6056.933121012008 36422.78876669044
9609.803156811047 6038.057831082001 36629.02599397203
9613.29475882143 6287.325581403439 36239.5256947713
9616.786360831811 6306.527793579588 35479.814665729675
9620.277962842194 5785.694453632863 35477.41554452972
9623.769564852575 5568.592493895048 35207.57838903303
9627.261166862958 5752.214088942289 35627.94506939522
9630.75276887334 5620.006958768674 36222.76330873378
9634.244370883722 6323.593342283394 36354.19455186878
9637.735972894105 6326.667217765837 36326.68401035655
9641.227574904486 6024.2353762237635 36423.35585380371
9644.719176914869 5892.434160102167 35845.39113263757
9648.21077892525 5950.965555884637 34336.27017797573
9651.702380935632 5961.889571190443 34168.762450786395
9655.193982946013 5839.106121223848 35000.72890507554
9658.685584956396 5889.291423083193 34776.26351390833
9662.177186966777 5649.160842248844 35725.74542326767
9665.66878897716 5601.126690018584 34851.89434863774
