# Extracted 1D spectrum from 1d_science_ALHh050197.dat
# Wavelength Flux Variance
4404.0577001711 730.8383083606368 4606.602083530689
4407.640964273274 678.5085023063357 4620.802765544193
4411.224228375449 748.5750030519686 4676.882365835867
4414.807492477623 606.9596588358074 4594.522595131083
4418.390756579797 608.7420911261021 4626.90156438595
4421.9740206819715 727.8428325793309 4596.7209881381
4425.557284784146 758.3829510447462 4703.170684838579
4429.14054888632 770.0361327412404 4623.866016235808
4432.7238129884945 608.0527294706981 4586.993208182637
4436.307077090669 674.8337052908977 4588.895255934796
4439.890341192843 397.72795050397565 4594.353311510114
4443.4736052950175 716.9721402097339 4589.756770453101
4447.056869397192 627.085347576292 4597.53283172562
4450.640133499366 709.3262937089766 4584.676484017488
4454.2233976015405 732.2499410260968 4587.312637413727
4457.806661703716 673.5036163219912 4572.237285550233
4461.38992580589 633.765823236642 4612.284075565253
4464.973189908064 656.3760670335557 4652.331994064905
4468.556454010239 678.5953060850172 4578.877076319871
4472.139718112413 649.1754272380996 4571.886485376549
4475.722982214587 843.8998769053543 4606.961519237093
4479.306246316762 620.818052164037 4561.511589218852
4482.889510418936 787.4800043722097 4566.361947963932
4486.47277452111 585.6978919467348 4625.8517164449595
4490.056038623285 738.7666574035983 4606.581408088615
4493.639302725459 733.5426179268534 4570.425149423445
4497.222566827633 627.042649850126 4557.659778150893
4500.805830929808 908.6490612271627 4587.471685011277
4504.389095031982 706.5602141509031 4592.3909503736695
4507.972359134156 732.337929696698 4537.036730275321
4511.555623236331 675.0293591999623 4551.979106917063
4515.138887338505 799.5083182404287 4565.298735199665
4518.722151440679 862.2806095294295 4535.564371609307
4522.305415542854 745.0474666701535 4680.403803899805
4525.888679645028 644.2565874342462 4681.880890585557
4529.471943747202 582.7108647179763 4697.9479464812
4533.0552078493765 737.4437119586684 4609.84782079869
4536.638471951551 720.3158623388086 4789.412034599273
4540.221736053725 914.743305884363 4715.607690870721
4543.8050001558995 866.9919759007081 4761.651646227144
4547.388264258074 865.5865667241949 4765.169331621892
4550.971528360248 961.9410290614221 4766.384812817364
4554.5547924624225 887.2825299292799 4728.260328121624
4558.138056564598 1005.3241064617534 4776.171147823462
4561.721320666772 1082.733651303713 4638.202458144803
4565.304584768946 993.970123429853 4576.153358410009
4568.887848871121 991.7554775157543 4632.970196181955
4572.471112973295 973.6093172457531 4747.518751373962
4576.054377075469 856.6059365608339 4665.915339931283
4579.637641177644 916.4483465265746 4607.087699525161
4583.220905279818 633.395038158074 4673.858498921528
4586.804169381992 713.5383221364215 4685.32058757746
4590.387433484167 785.5644332136623 4632.35418195182
4593.970697586341 727.3472336067513 4665.981181482515
4597.553961688515 636.7978899564289 4623.223647255082
4601.13722579069 601.8744511602731 4615.437038779112
4604.720489892864 511.11538492995595 4659.863019440058
4608.303753995038 566.8470421192375 4629.618686803484
4611.887018097213 560.4670743430627 4674.012991171686
4615.470282199387 607.9418118319186 4765.950717874445
4619.053546301561 573.1870499550273 4641.725595673977
4622.636810403736 631.2363483313729 4650.459009811154
4626.22007450591 670.0739106938526 4642.808934375913
4629.803338608084 487.8987752161408 4591.156970003551
4633.386602710259 600.2727192657874 4637.331792028894
4636.969866812433 598.5848733763355 4576.541995366939
4640.553130914607 445.87582233263026 4535.719377358262
4644.1363950167815 370.75343625084054 4617.351235071249
4647.719659118956 142.3330530619525 4525.194861906913
4651.30292322113 232.76794496239472 4668.933448728763
4654.8861873233045 157.7163989505755 4524.758417742169
4658.469451425479 249.36389349612463 4543.4119993529275
4662.052715527654 272.89843819522605 4514.141688433369
4665.6359796298275 378.17952626071695 4545.920923699298
4669.219243732003 389.922111754416 4615.613831374422
4672.802507834177 262.59527233692364 4685.074157464846
4676.385771936351 385.77133965197305 4669.787707928875
4679.969036038526 625.2489479757194 4541.705525422472
4683.5523001407 853.4546705063779 4614.799538930917
4687.135564242874 705.2518972992556 4558.224686461666
4690.718828345049 938.8424547360738 4561.29313526531
4694.302092447223 741.3696284561191 4593.142666078125
4697.885356549397 815.0635457089865 4655.788095778097
4701.468620651572 765.7033526874503 4591.550521345668
4705.051884753746 983.952241818929 4559.94602362323
4708.63514885592 932.802407368453 4576.916771829321
4712.218412958095 730.5478978957693 4583.305233629159
4715.801677060269 746.7282319553927 4568.921334998335
4719.384941162443 562.2010099237777 4551.086878344649
4722.968205264618 375.2000007583335 4527.70513708744
4726.551469366792 606.5107542119184 4551.462306614975
4730.134733468966 415.2702802246892 4536.92657176551
4733.717997571141 453.2235646039742 4463.966868477127
4737.301261673315 411.0784347159078 4533.162014278652
4740.884525775489 624.4132288746458 4632.976508509054
4744.467789877664 965.1363359670917 4511.413044005204
4748.051053979838 854.7265516716142 4484.142601726404
4751.634318082012 752.1120200183097 4523.835100032231
4755.2175821841865 811.6512445663494 4572.119421902098
4758.800846286361 820.3700559062726 4495.127129314477
4762.384110388535 1313.7333957066028 4544.364789599947
4765.96737449071 1385.42975190289 4528.524753134174
4769.550638592885 1061.6044081157202 4469.605933682327
4773.133902695059 1249.622359707746 4571.806241614257
4776.717166797233 1063.1945255392473 4508.741898744466
4780.300430899408 864.8109143265465 4610.346794593184
4783.883695001582 876.8228249890042 4492.155426575079
4787.466959103756 813.5121232623286 4523.728934086551
4791.050223205931 820.0425202227514 4555.416515151045
4794.633487308105 1001.4454354802016 4540.819200134451
4798.216751410279 947.5568342539652 4501.365453061023
4801.800015512454 889.8556802502313 4569.439568360522
4805.383279614628 974.9820292863094 4488.730902533173
4808.966543716802 978.8241466256187 4521.285311097821
4812.549807818977 1047.439722119298 4569.88130814166
4816.133071921151 1058.8693945089674 4497.679242721352
4819.716336023325 1248.9819380087245 4487.476395802952
4823.2996001255 1227.4996873277694 4635.131971383893
4826.882864227674 1270.7646816932868 4495.427275862185
4830.466128329848 1231.487154960382 4538.792636012848
4834.049392432023 1374.3569065029035 4657.917676252507
4837.632656534197 1382.7010947583783 4529.180483446439
4841.215920636371 1321.4562413915473 4592.183103731138
4844.799184738546 1322.6202508326057 4474.03526496245
4848.38244884072 1241.8537427489207 4535.109457127688
4851.965712942894 1392.6550493707684 4465.349417934297
4855.548977045069 1406.6670587208318 4522.778446057486
4859.132241147243 1468.406986570647 4507.956842899395
4862.715505249417 1522.9431136550215 4468.261691252861
4866.298769351592 1377.1344980109102 4471.578174581028
4869.882033453767 1155.7816613146404 4541.852340479284
4873.465297555941 1357.266678269021 4498.383466585057
4877.048561658115 1372.527605437788 4462.085664786472
4880.63182576029 1610.2471765381265 4422.565069232456
4884.215089862464 1382.9070870371836 4441.674670225761
4887.798353964638 1543.3367424834094 4403.767034848036
4891.381618066813 1400.286641244763 4415.032193743065
4894.964882168987 1552.205545540294 4419.880936616368
4898.548146271161 1383.8983144476797 4478.562053076236
4902.131410373336 1505.2877172952944 4485.013064167066
4905.71467447551 1604.8317388781848 4478.208499477185
4909.297938577684 1508.5267044403531 4426.373601171531
4912.881202679859 1409.105516374079 4496.0847698665075
4916.464466782033 1618.039063510491 4485.5913429560605
4920.047730884207 1628.9921180066708 4446.870272727841
4923.630994986382 1438.4729966230846 4479.6250298769455
4927.214259088556 1469.5930762354096 4369.453733632535
4930.79752319073 1477.048624044359 4449.439208200485
4934.380787292905 1499.191259611009 4441.534123505532
4937.964051395079 1520.739855330381 4452.113913848668
4941.547315497253 1498.6933924657033 4435.545081028255
4945.130579599428 1195.0434279613423 4436.6650916225535
4948.713843701602 1365.1211424451042 4426.935533449486
4952.297107803776 1255.1934931007058 4467.041485259841
4955.880371905951 1136.7651415001344 4476.423860459154
4959.463636008125 1155.3483093013024 4466.1654409454995
4963.046900110299 1049.485988120104 4402.644487706759
4966.6301642124745 1281.243968396525 4410.36108062689
4970.213428314648 1208.5268869904214 4371.293657144853
4973.796692416823 1199.6996650396084 4453.955154745305
4977.379956518997 983.0862899465573 4484.546613007336
4980.963220621172 868.245003474907 4430.250710502993
4984.546484723346 1038.1522816740878 4357.163693864641
4988.12974882552 1140.695136464263 4364.269984089745
4991.713012927695 1284.8521249982568 4433.673133058288
4995.296277029869 1230.8646501166993 4319.390353521628
4998.879541132043 1211.5005492142552 4381.5359480956295
5002.462805234218 1258.6260130221517 4393.846480740695
5006.046069336392 1082.696510638979 4526.193511169078
5009.629333438566 1197.6519675871718 4383.032451837265
5013.212597540741 1288.2068858695652 4363.607540151855
5016.795861642915 1204.6414303626016 4460.823290590426
5020.379125745089 1181.5281094309132 4551.4711992962
5023.962389847264 1251.6097470652269 4476.233400073762
5027.545653949438 1303.1828327680626 4483.189033696419
5031.128918051612 1247.9639076756423 4401.839443717929
5034.712182153787 1225.9216260822175 4443.168003363682
5038.295446255961 1045.6048265502473 4367.438788111421
5041.878710358135 1228.2897519761204 4428.787942427791
5045.46197446031 995.9505413325909 4470.468495383688
5049.045238562484 1085.847679018865 4472.214102813345
5052.628502664658 1073.1870992022139 4391.675488216392
5056.211766766833 1106.3281889836212 4350.095554112867
5059.795030869007 1307.163745222021 4424.994839668637
5063.378294971181 1028.729388492369 4363.9383591300875
5066.961559073356 1204.4968119319626 4467.551486082943
5070.544823175531 1365.440445982845 4349.5910507785875
5074.128087277704 1143.63624312801 4289.334380320125
5077.7113513798795 1327.54139076429 4343.303911331124
5081.294615482053 1351.052930703944 4395.471223981434
5084.877879584228 1128.5254396470843 4437.197177733896
5088.4611436864025 1172.0904787841105 4441.90052026947
5092.044407788577 1421.5991841502207 4385.639262656444
5095.627671890751 1361.6117320714025 4389.60046155182
5099.210935992925 1505.641147207538 4372.485575919565
5102.7942000951 1386.189126234709 4286.240933238605
5106.377464197274 1274.684270632043 4278.778423029993
5109.960728299448 1155.1037593839362 4386.385637989447
5113.543992401623 1326.9557440601911 4365.32870481933
5117.127256503797 1294.9920660504722 4463.654948083179
5120.710520605971 1289.5114923028339 4391.253842103947
5124.293784708146 1304.5525738632464 4345.2202483551255
5127.87704881032 1471.6779801458051 4342.290471623998
5131.460312912494 1292.6618197672158 4455.570868547458
5135.043577014669 1211.339336002633 4361.054388930818
5138.626841116843 1267.7910688009547 4400.391253501261
5142.210105219017 1430.6731654311513 4367.690372992179
5145.793369321192 1521.2775645297381 4323.617050478663
5149.376633423366 1533.8933265517726 4273.275198873914
5152.95989752554 1478.4795328966986 4293.187494863648
5156.543161627715 1447.1693207503813 4301.031758922856
5160.126425729889 1197.2380967602019 4248.854400180442
5163.709689832063 1537.704033909237 4339.6503371435265
5167.292953934238 1295.2837903636216 4312.0288224612395
5170.876218036412 1096.3183750951512 4302.078500729307
5174.459482138587 1257.7868507389999 4296.085284089453
5178.042746240761 1193.5965391405111 4310.282005643179
5181.626010342936 1337.182890804753 4287.668992674368
5185.209274445109 1605.2057565516382 4469.655782772907
5188.7925385472845 1154.8658335665978 4245.267695343881
5192.375802649459 1392.6412155080582 4278.913011636985
5195.959066751633 1543.46303312854 4308.493931913492
5199.5423308538075 1635.6510125305817 4383.689984128905
5203.125594955982 1615.4837038935646 4351.418579063636
5206.708859058156 1460.849343242435 4329.410117935379
5210.29212316033 1499.0937093111395 4307.649715281187
5213.875387262505 1376.626560015005 4371.265692593995
5217.458651364679 1393.5252323616908 4280.803998291282
5221.041915466853 1556.292000453607 4303.921732738723
5224.625179569028 1417.147605776519 4388.526001426045
5228.208443671202 1491.6863451461033 4394.670371443963
5231.791707773376 1644.3095730634889 4288.330988777069
5235.374971875551 1466.0156132262941 4290.960183132873
5238.958235977725 1357.1735010230814 4245.717778834731
5242.541500079899 1170.372230604615 4276.642408068677
5246.124764182074 1363.5582248352578 4242.119127129528
5249.708028284248 1484.8435589916205 4261.439547541411
5253.291292386422 1448.6763657353267 4412.937222600483
5256.874556488597 1324.0145651188122 4311.381135299228
5260.457820590771 1495.6420236157 4289.468553753268
5264.041084692945 1479.6367192879727 4282.321670518397
5267.62434879512 1547.6143431855821 4367.573698583222
5271.207612897294 1840.5559648343408 4340.693558771525
5274.790876999468 1621.1003287017445 4312.52204195662
5278.3741411016435 1650.1672087837521 4292.086795794083
5281.957405203817 2019.3002656086771 4341.420962794148
5285.540669305992 2148.0211397879916 4263.00463188291
5289.1239334081665 1988.7164563510967 4280.8744066572945
5292.707197510341 1923.8676097192247 4244.7265591845035
5296.290461612515 1654.111815448275 4252.4370408960385
5299.8737257146895 1572.765641717436 4328.100322654455
5303.456989816864 1858.814078295293 4278.654068679097
5307.040253919038 1867.3320878747313 4338.74942951723
5310.6235180212125 1894.1904319844941 4282.403882567632
5314.206782123387 1787.8674299727977 4269.435274623927
5317.790046225561 1734.2133953255309 4216.443778047401
5321.373310327735 1726.7515247200693 4224.608106887163
5324.95657442991 1732.8495857704775 4222.915974261427
5328.539838532084 1449.7827409597444 4288.314640829397
5332.123102634258 1755.5625261833031 4298.545702825761
5335.706366736433 1692.3089564505747 4196.335942206065
5339.289630838607 1537.9382522404862 4296.521115014355
5342.872894940781 1674.1050335261916 4274.909024695233
5346.456159042956 1727.7792045523377 4167.127978072635
5350.03942314513 1622.6864357060133 4399.1718475531625
5353.622687247304 1500.3526808395713 4338.478162768927
5357.205951349479 1735.579608149585 4301.879682242148
5360.789215451653 1375.5562331072706 4317.799909441583
5364.372479553827 1767.2968779371065 4245.445592038745
5367.955743656002 1685.6197331451137 4250.142064148376
5371.539007758176 1640.9989287830574 4328.165376305377
5375.12227186035 1811.3166345779407 4396.149861510514
5378.705535962525 1634.5778080183372 4221.844597076364
5382.2888000647 1430.8899768047063 4186.635581251816
5385.872064166873 1684.0232105502373 4184.802634509263
5389.455328269049 1716.5721490806511 4252.454812006794
5393.038592371223 1729.055748091187 4341.322780982331
5396.621856473397 1806.1993060140646 4299.4063091432345
5400.2051205755715 1664.7405953983832 4279.961941480307
5403.788384677746 1584.7939946051274 4248.146261739194
5407.37164877992 1518.1237664943465 4171.031319592929
5410.9549128820945 1517.3463896527483 4178.273400411268
5414.538176984269 1687.4946060642792 4227.8811992906085
5418.121441086443 1707.4731999993742 4198.212294707707
5421.7047051886175 1503.0239993238906 4337.7003525637265
5425.287969290792 1484.352917205677 4324.841291283517
5428.871233392966 1532.2747405747396 4187.9958842325095
5432.4544974951405 1661.9525052423728 4208.708380500398
5436.037761597315 1531.0754348296052 4265.559048133226
5439.621025699489 1323.708199971027 4193.3958316767
5443.204289801663 1409.7332533576048 4171.590180507223
5446.787553903838 1526.5066873972253 4240.940197563781
5450.370818006012 1794.1519293341116 4224.439212930861
5453.954082108186 1303.8435829898176 4282.204750529841
5457.537346210361 1582.2540602769425 4234.182976606175
5461.120610312535 1422.253991275321 4258.021079669199
5464.703874414709 1621.0779784215624 4285.448020128564
5468.287138516884 1582.3041945320792 4244.296281084727
5471.870402619058 1386.7179871134533 4297.21500866259
5475.453666721232 1471.889844556439 4168.046953038903
5479.036930823408 1431.6845006552203 4235.698132022438
5482.620194925581 1342.8060455481366 4230.301712087161
5486.203459027756 1491.9800730235038 4147.699877866735
5489.78672312993 1559.8953739726876 4159.132839454947
5493.369987232105 1726.968815601011 4179.579380562143
5496.953251334278 1465.9282986318483 4135.206237868877
5500.536515436454 1598.2553964428585 4232.017516540519
5504.119779538628 1596.1581697138186 4213.0464364147165
5507.703043640802 1631.3430746304107 4186.072534976101
5511.2863077429765 1448.8334734640935 4205.727185711167
5514.869571845151 1387.326532555219 4179.654981237092
5518.452835947325 1724.1549875550484 4198.859055453614
5522.0361000494995 1731.0877456149124 4165.303380237304
5525.619364151674 1553.9181413558842 4229.776777336186
5529.202628253848 1595.2967851255191 4233.220849159287
5532.7858923560225 1542.8058910137215 4127.436796967966
5536.369156458197 1496.6866189468517 4157.983561305964
5539.952420560371 1699.1183978320978 4253.897775500165
5543.5356846625455 2016.8101530705906 4185.128698627649
5547.11894876472 1666.0822369627163 4187.444821971903
5550.702212866894 1430.6737194923462 4123.204195378324
5554.285476969068 1856.9225707342696 4224.013346896892
5557.868741071243 1592.6889956258399 4161.424996035586
5561.452005173417 1699.6627058279175 4134.297882009623
5565.035269275591 1632.914805160659 4286.996501560362
5568.618533377766 1676.574164866407 4177.034950132972
5572.20179747994 1587.3929748531073 4186.698704205915
5575.785061582114 1879.7798684441907 4234.659769039346
5579.368325684289 1715.520754371054 4171.28905044067
5582.951589786464 1662.2578187907377 4132.331801788387
5586.534853888637 1704.0624928174238 4123.426286211748
5590.118117990813 1554.1352061809519 4176.068404108213
5593.701382092986 1614.5335278377686 4118.565704973293
5597.284646195161 1654.1864192741543 4148.149163579311
5600.867910297335 1899.1323795746646 4170.668776232087
5604.45117439951 1490.3176053584111 4089.8100700527016
5608.034438501684 1543.250385095176 4187.648831778076
5611.617702603859 1495.9366372815502 4170.908786811282
5615.200966706033 1485.4497322887016 4098.519190253176
5618.784230808207 1429.1979238158801 4173.398643667861
5622.3674949103815 1589.8678281882685 4188.531349284421
5625.950759012556 1857.0627475665076 4186.020761440828
5629.53402311473 1597.4907708630035 4247.172768574417
5633.1172872169045 1510.4056730672507 4176.608526276957
5636.700551319079 1672.2168557316204 4130.702641714871
5640.283815421253 1825.2879057284438 4203.034554137745
5643.8670795234275 1576.436533071817 4211.514782011091
5647.450343625602 1444.3730183791788 4101.097619515905
5651.033607727776 1568.3218586017529 4135.264761346799
5654.6168718299505 1380.9993850504416 4122.017110209602
5658.200135932125 1455.7077068883486 4197.389793488841
5661.783400034299 1391.7213605380282 4176.903909763418
5665.366664136473 1304.0964201626132 4148.319317111793
5668.949928238648 1596.7484794077461 4124.158725132719
5672.533192340822 1505.879213873567 4083.2444404489183
5676.116456442996 1701.7607470651465 4135.435478855373
5679.699720545171 1655.3442756324775 4097.566857396436
5683.282984647345 1711.1525762085005 4102.151791536316
5686.86624874952 1834.7022825118038 4126.5513282324755
5690.449512851694 1930.0507588820312 4070.0961120607617
5694.032776953869 1535.0944419441253 4098.7721691154175
5697.616041056042 1709.3912100081952 4087.7607629030485
5701.199305158218 1736.5744248600454 4105.941674972907
5704.782569260391 1717.1757118753933 4120.97605851381
5708.365833362566 1604.1072134107696 4138.361096030496
5711.949097464741 1791.8649315448201 4069.126393610063
5715.532361566915 1508.0260567581204 4179.298572182316
5719.115625669089 1556.8385220586 4118.407482564482
5722.698889771264 1616.1473801746752 4126.3187947626575
5726.282153873438 1463.5169630143632 4101.10525035227
5729.865417975612 1587.918587723644 4180.779808072971
5733.4486820777865 1502.7747071372908 4168.355138959157
5737.031946179961 1480.9863464254113 4162.052812386346
5740.615210282135 1483.5270531943304 4145.960324137366
5744.1984743843095 1215.3228581234525 4120.884000583342
5747.781738486484 1564.7064754365317 4166.362870787845
5751.365002588658 1453.0373509873273 4101.97269254598
5754.9482666908325 1583.272106692051 4059.8796629779176
5758.531530793007 1550.8989472605663 4157.051464100113
5762.114794895181 1413.5640994037205 4176.058409944159
5765.6980589973555 1291.723941037732 4191.293628626907
5769.28132309953 1667.1105268234621 4148.430532587976
5772.864587201704 1412.3899877012673 4142.770864010219
5776.447851303878 1506.6750580054381 4165.719933361671
5780.031115406053 1588.5421237151459 4200.9641753868555
5783.614379508227 1824.5606430948285 4087.245555680228
5787.197643610401 1778.23799868184 4088.703212109109
5790.780907712577 1827.9721963619916 4171.590484812017
5794.36417181475 1931.531038927034 4120.370379308285
5797.947435916925 1989.5097055743322 4097.323986238009
5801.530700019099 1959.946174188375 4131.805987145214
5805.113964121274 1749.2400726217916 4182.873993353103
5808.697228223447 1695.7825673418613 4033.258389153553
5812.280492325623 1952.0762161207506 4040.4527463380505
5815.863756427797 1933.6501331899456 4154.862371755671
5819.447020529971 1734.0129325720718 4142.879520767797
5823.030284632146 1937.2015711799756 4112.284015441321
5826.61354873432 1880.641795609212 4075.58655418566
5830.196812836494 1917.4521001606115 4034.70072486416
5833.780076938669 1721.3634759623012 4055.913638137602
5837.363341040843 1722.9274605569913 4100.941475545419
5840.946605143017 1980.6727153026209 4183.872008864506
5844.529869245192 1800.6119605293477 4121.065507715666
5848.113133347366 1934.5527177968145 4086.8379668054126
5851.69639744954 1708.410166717358 4146.35234634874
5855.2796615517145 1696.493220345166 4143.187787214333
5858.862925653889 1979.3099047490768 4112.112975960389
5862.446189756063 1801.1434873699873 4078.653509791411
5866.0294538582375 1867.023204229393 4040.82447986547
5869.612717960412 1897.8238106061458 4147.348558109841
5873.195982062586 1919.7101284457303 4117.631282179213
5876.7792461647605 1953.3681967526468 4107.950318937938
5880.362510266935 1751.994912380207 4095.8561846467683
5883.945774369109 1867.9669602482945 4043.898357734355
5887.5290384712835 2053.54557694526 4142.626017755643
5891.112302573458 1725.6207637878676 4193.306311136475
5894.695566675633 1704.8249188482882 4079.953485698741
5898.278830777806 1607.484769161261 4156.509140742891
5901.862094879982 1865.5186479308286 4124.614044145693
5905.445358982155 1779.418962755204 4081.649208333688
5909.02862308433 1375.6893757083137 4080.828123083703
5912.611887186504 1491.1447013742459 4019.751437401922
5916.195151288679 1597.9909097073216 4031.3895716448487
5919.778415390853 1707.3374535501434 4076.9149975908235
5923.361679493028 1904.053178613873 4138.52662172146
5926.944943595202 1950.955323861618 4026.783317895116
5930.528207697376 1764.178242865095 4026.4085286674326
5934.111471799551 1775.5806412645577 4151.566843933382
5937.694735901725 1696.2211285648948 4093.9741588310185
5941.278000003899 1773.8303959235893 4083.682443278307
5944.861264106074 1881.7806441207222 4024.6753266778305
5948.444528208248 1869.2740770471714 4088.416244468288
5952.027792310422 1796.0576749416614 4142.590315851238
5955.611056412597 1937.380974693956 4109.290378034706
5959.194320514771 1720.0769876466773 4090.629304991129
5962.777584616945 1589.058965076672 4118.41082699594
5966.3608487191195 1447.641074662956 3994.799028672633
5969.944112821294 1361.028298937962 4092.5987683238227
5973.527376923468 738.7103582447562 4082.7230413957586
5977.1106410256425 664.5419761827844 4023.880912015462
5980.693905127817 976.6515168833769 3976.953185924261
5984.277169229991 757.0074476705544 3951.094599913177
5987.8604333321655 822.2653421769508 4022.469896300697
5991.44369743434 1126.3084616984092 4068.3307972666034
5995.026961536514 1737.1010745315662 4057.5132619175492
5998.610225638689 1987.0936239774671 4035.9842024297145
6002.193489740863 2012.2499668307091 4092.2786465765575
6005.776753843038 2134.871520888753 4033.191571314297
6009.360017945211 1824.2189095285933 4021.2167085626147
6012.943282047387 2000.0198167651567 4073.5433446292636
6016.52654614956 1780.068359897022 4024.0262340192153
6020.109810251735 1787.4129496999035 4158.570191418633
6023.69307435391 1972.8226714143634 4112.650174186862
6027.276338456084 1980.3842870161204 4000.2779488708684
6030.859602558258 2057.1268960308535 4160.842337703863
6034.442866660433 1952.022582832459 4119.968832154377
6038.026130762607 1879.7396532225205 3988.1041851453683
6041.609394864781 1861.4135215167648 4078.760589431523
6045.192658966956 1828.492091130673 4164.417388422731
6048.77592306913 1438.524623998336 4066.616340130323
6052.359187171304 1134.776226268196 4006.5709327418117
6055.942451273479 967.4754690719484 4005.2537764386466
6059.525715375653 785.131132764168 4069.766144163038
6063.108979477827 738.2771801487415 4027.7900532655995
6066.692243580002 623.7220626517818 4051.3319592271278
6070.275507682176 557.6773600266548 4022.307486570204
6073.85877178435 555.9360534646146 3971.0371629211654
6077.4420358865245 629.1837927021271 3991.86506982854
6081.025299988699 826.9393150124669 4095.3876357527347
6084.608564090873 726.8934413129872 4006.046249048663
6088.1918281930475 838.3453419498111 3974.297184392249
6091.775092295222 1671.2308493738892 4019.8985071221637
6095.358356397396 1908.610389967829 4230.896392832666
6098.9416204995705 1819.2468151092307 4249.341307391393
6102.524884601746 1996.9575643699789 4313.895738355523
6106.108148703919 1939.8942479477791 4346.012958879686
6109.691412806094 1709.9004005957072 4233.945089448895
6113.274676908268 1894.0404105125704 4352.888625974687
6116.857941010443 1982.194987526964 4297.428502514551
6120.441205112616 1856.2001458159198 4199.726901836339
6124.024469214792 1850.4487066505512 4169.474009331109
6127.607733316966 1847.8899711853633 4174.178754690977
6131.19099741914 2007.6030508621952 4107.943143627049
6134.774261521315 2363.3246583417454 4156.4782283600625
6138.357525623489 2226.745513406104 4323.118828069242
6141.940789725663 2292.5381628048103 4258.481836865301
6145.524053827838 2260.354735594843 4225.837403936264
6149.107317930012 2080.0658784989687 4214.029739993917
6152.690582032186 2241.687741434292 4344.073856018881
6156.273846134361 2524.9558571807192 4300.280480356785
6159.857110236535 2305.2864012677887 4144.031749673808
6163.440374338709 2284.087140718322 4123.970444228602
6167.023638440884 2484.9889271155994 3991.156819357543
6170.606902543058 2280.6132038338023 4040.135860456833
6174.190166645232 2342.167210635907 4261.346257261257
6177.773430747407 2357.4995140467354 4211.283484983789
6181.356694849581 2189.263766619438 4205.731347292683
6184.939958951755 2265.762731722595 4242.4006690279475
6188.5232230539295 2533.866923022936 4012.6532074349484
6192.106487156104 2470.322227185195 4027.683140927537
6195.689751258278 2311.041108352294 4180.54744128064
6199.2730153604525 2285.0406549899935 4343.03855237081
6202.856279462627 2312.951057781273 4217.524337177358
6206.439543564802 2207.068656640547 4214.5703718173245
6210.0228076669755 2282.070879973579 4126.253703150065
6213.606071769151 2193.5358018996835 4122.894735488141
6217.189335871324 2022.9211702875643 4117.912390074465
6220.772599973499 2211.769247242976 4203.138212344991
6224.355864075673 2229.025026243776 4054.618145627726
6227.939128177848 2382.8622234020995 4047.9985289774777
6231.522392280022 2155.728659265467 4187.555638456676
6235.105656382197 2186.255041943707 4156.733842193694
6238.688920484371 2264.54657654009 4218.766622268533
6242.272184586545 2138.94721684002 4284.4815510816225
6245.85544868872 2166.026143338077 4145.486312980256
6249.438712790894 2200.1999806613485 4199.945297658036
6253.021976893068 2373.999839748072 4188.0511875933325
6256.605240995243 2011.0227059922224 4145.723740383098
6260.188505097417 2193.501251320874 4160.275204201806
6263.771769199591 2085.7143008145813 4097.236319574555
6267.355033301766 2051.574619787694 4130.98843174816
6270.93829740394 2070.6899675109607 4032.9431142261155
6274.521561506114 2243.976105990638 4092.7566404855884
6278.104825608289 2273.668827739192 4168.466468757859
6281.688089710463 2191.7185290840466 4119.525485430643
6285.271353812637 2111.910218609809 4310.3847404492935
6288.854617914812 2283.415782300532 4345.539878199077
6292.437882016986 2313.2371994242167 4143.365365545797
6296.02114611916 2324.6508577962118 4313.566451769789
6299.604410221335 2207.1343359720213 4198.65391336911
6303.187674323509 2309.0184336109187 4317.8184676337805
6306.770938425683 2406.198888852212 4252.733648619538
6310.354202527858 1933.7404817000956 4241.328097992592
6313.937466630032 2262.890482917964 4356.065233245868
6317.520730732207 2335.0374019923133 4300.71839804955
6321.1039948343805 1996.2299148119946 4205.59554945423
6324.687258936556 2102.7642821857994 4316.044656739401
6328.270523038729 1982.5991651699212 4208.05302828524
6331.853787140904 2472.5532939098216 4188.299528612436
6335.437051243079 2382.3747142412467 4299.745772303196
6339.020315345253 2088.5662549234485 4384.519795455276
6342.603579447427 2288.025008461689 4211.447178528301
6346.186843549602 2135.9029771609044 4147.587556824696
6349.770107651776 1956.4603878067217 4189.312284541805
6353.35337175395 2085.4467438628735 4458.5699106439915
6356.936635856125 2018.0603886607314 4230.6296101388425
6360.519899958299 2278.926307577168 4364.2105661887745
6364.103164060473 2275.708541222595 4183.213178133736
6367.686428162648 1926.638024310906 4254.240465253354
6371.269692264822 2178.422924751785 4325.158643971891
6374.852956366996 2266.0941132225935 4352.8551273526955
6378.436220469171 2211.142288282198 4401.064467774857
6382.019484571345 1981.339221004284 4409.863204905975
6385.602748673519 2125.4458106845113 4441.729262265178
6389.186012775694 2218.453482089507 4428.377620627692
6392.769276877868 2269.4818584885347 4306.853643003128
6396.352540980042 1776.655128804245 4232.1712434498595
6399.935805082217 2256.991846229181 4448.220446702412
6403.519069184391 2312.8406527287543 4351.989873238903
6407.102333286566 2184.3689668397374 4273.444868110822
6410.68559738874 2017.7792413984894 4317.063982389276
6414.268861490915 2182.102032272298 4402.255340684313
6417.852125593088 2182.0015181973326 4356.757846301439
6421.435389695263 2153.3875514797164 4374.456797952613
6425.018653797437 2273.0307789299045 4435.059971011619
6428.601917899612 2178.647439047339 4262.715432951536
6432.1851820017855 2093.1004952164435 4069.0275196874227
6435.768446103961 2063.331714211976 4218.683515434348
6439.351710206135 2416.323812366587 4247.696654349531
6442.934974308309 2197.3601565290196 3976.5826885333695
6446.518238410484 2542.5139877163015 3989.089972354881
6450.101502512658 2448.873235032311 4036.6403872936585
6453.684766614832 2233.5940007363697 4293.047670771953
6457.268030717007 1945.8801869788463 4123.818471759566
6460.851294819181 2282.007119264123 4330.654992400492
6464.434558921355 2288.8759880086877 4303.110163485534
6468.01782302353 1920.5864933039898 4377.068568629186
6471.601087125704 2401.6951790591634 4311.37420069775
6475.184351227878 2222.248978212187 4459.256491647172
6478.767615330053 2170.265552376489 4368.227840216262
6482.350879432227 2190.0870006833184 4296.949684387227
6485.934143534401 2066.4294293508065 4333.635225858839
6489.517407636576 2179.541705764779 4437.523625752724
6493.10067173875 2204.0158970482566 4227.951813233845
6496.683935840924 2167.734381371822 4362.106582662898
6500.267199943099 1977.2145899699442 4364.639892481713
6503.850464045274 2209.3192369323674 4264.272187019758
6507.433728147447 2285.6359961142384 4480.123070634467
6511.0169922496225 2082.902259864712 4459.300916886879
6514.600256351796 2044.6849542875018 4363.342051204148
6518.183520453971 1889.6936158614128 4318.143707725866
6521.766784556145 1831.1070427722623 4217.5613568837325
6525.35004865832 1898.8641181165394 4320.589957327998
6528.933312760493 2086.0483535677454 4208.349198074094
6532.516576862668 1948.9906295109586 4379.40577088396
6536.099840964842 1770.0183138267282 4498.35217284881
6539.683105067017 1966.712741480504 4591.494519140333
6543.2663691691905 2018.2829344660486 4358.931929966322
6546.849633271366 1798.7317195862843 4307.458308141514
6550.43289737354 1841.2070910916498 4327.658019195509
6554.016161475714 2026.2406258431497 4424.108148960963
6557.599425577889 1678.7024299219536 4299.295669917435
6561.182689680063 1695.9310893869263 4318.576695261963
6564.765953782237 1895.248844565625 4417.435995229502
6568.349217884412 1731.823349227534 4299.980575932494
6571.932481986586 1664.5751920034697 4576.19623681173
6575.51574608876 1448.4142570629667 4430.206061643952
6579.099010190935 1500.3894299837486 4285.304711806608
6582.682274293109 1261.9260979139883 4462.0164029257185
6586.265538395283 1202.6291289284923 4488.917875901482
6589.848802497458 1045.3058816540674 4516.756673293006
6593.432066599632 697.6329392573972 4505.094213952413
6597.015330701806 914.0010071437193 4368.734339869822
6600.5985948039815 1063.933423046534 4305.222903538321
6604.181858906155 582.0455181518857 4412.31640608581
6607.76512300833 543.274811396172 4434.352484286457
6611.348387110504 933.5699976184559 4491.944339666815
6614.931651212679 1298.38122030404 4440.594161047878
6618.514915314852 1238.0054205755323 4350.223135933157
6622.0981794170275 756.9065194804806 4330.7229409369775
6625.681443519201 413.1024101222361 4491.67638587833
6629.264707621376 472.18125487093164 4533.303636413266
6632.84797172355 796.0205151415543 4519.948926376142
6636.431235825725 857.861064318132 4475.859710949197
6640.014499927898 703.8680326936228 4454.077822670068
6643.597764030073 726.9046675988606 4294.155218306727
6647.181028132247 1233.129610826116 4313.051616868362
6650.764292234422 1615.1923333293028 4500.676502610008
6654.347556336596 1736.0421467647454 4424.757878578467
6657.930820438771 1876.8907318398203 4440.813696943795
6661.514084540945 1802.586314412232 4482.608123842848
6665.097348643119 1940.7653055552646 4445.698509128218
6668.680612745294 2118.8437619100887 4358.109273178843
6672.263876847468 2152.2801588106076 4361.457573035272
6675.847140949642 2190.5208795729513 4406.606358617636
6679.430405051817 2196.100661233521 4362.857035635141
6683.013669153991 2293.8608260287106 4496.733445140387
6686.596933256165 2152.5555212946715 4529.57894194444
6690.18019735834 2025.554519300586 4450.200911843011
6693.763461460514 2112.62966707884 4549.428102489023
6697.346725562688 2083.786395620272 4333.054340504453
6700.929989664863 1959.4332557215826 4389.81321320581
6704.513253767038 2180.238429689546 4548.4739710303575
6708.096517869211 2609.05498335838 4368.2879174093105
6711.679781971387 2416.0677727495563 4503.107013420192
6715.26304607356 2442.2250560158714 4671.874222190571
6718.846310175735 2469.252514329086 4444.24880432723
6722.429574277909 2172.8279453728264 4450.812014320606
6726.012838380084 2079.463313859188 4408.115450083135
6729.596102482257 1939.0805568381359 4589.0526620741875
6733.1793665844325 2108.2886538579714 4710.335701388635
6736.762630686606 1996.7234511229979 4356.9419040027315
6740.345894788781 1830.6859140787935 4412.183664091864
6743.929158890955 2012.0559646726251 4314.897013405902
6747.51242299313 1931.7343244435222 4395.247750266628
6751.095687095303 1723.2904305759969 4443.2122568027735
6754.678951197478 1675.8853844101488 4491.81917856176
6758.262215299653 1519.330454342245 4680.378664990947
6761.845479401827 1720.9547187496216 4610.788134807131
6765.428743504001 1771.4014119405226 4626.703662609485
6769.012007606176 1531.6833042790702 4674.260977344858
6772.59527170835 1699.0770184977068 4640.693543334778
6776.178535810524 1604.001118670429 4578.702384357538
6779.761799912699 1652.7414151758471 4882.991527874444
6783.345064014873 1390.5947805833403 4704.531671938091
6786.928328117047 1692.58323434491 4662.832136190509
6790.511592219222 1837.5646961809064 4739.864521049613
6794.094856321396 1821.0002989499171 4632.488338766219
6797.67812042357 1634.1786400311976 4589.046516990092
6801.261384525745 1631.1610341495198 4669.169434789121
6804.844648627919 1719.5292851218978 4405.664666000531
6808.427912730094 1661.1986550008837 4394.364890565025
6812.011176832268 1875.9206236656341 4527.291196605568
6815.594440934443 1781.9402613564635 4413.581526705533
6819.177705036616 1922.0039440945905 4482.4205179483
6822.760969138792 1722.533459726706 4329.220899001317
6826.344233240965 1626.4889416568553 4334.996796347488
6829.92749734314 1809.5395780678648 4194.116448901135
6833.510761445314 1588.78003771358 4313.123657269955
6837.094025547489 1551.6987374981202 4284.682870864543
6840.677289649662 1667.9938122230785 4373.47872105118
6844.2605537518375 1674.105298013429 4346.663734707401
6847.843817854011 1656.1038272989465 4317.961764084976
6851.427081956186 1903.1443876870371 4449.184426837743
6855.01034605836 1533.1991751283513 4216.917585826757
6858.593610160535 2021.1719100395853 4236.959804775095
6862.176874262709 1589.464491319412 4378.517888115217
6865.7601383648835 1884.1316902626386 4237.473272992209
6869.343402467058 1676.9955858001204 4103.434609680139
6872.926666569232 1508.9158385243804 4102.516811082317
6876.509930671406 1468.068619082273 3865.9926391655927
6880.093194773581 1440.031062096111 3906.0553311728595
6883.676458875755 1618.9088230892955 4049.9704106619047
6887.259722977929 1587.689541593559 3907.371950953973
6890.842987080104 1509.3283728715128 3965.2274972392925
6894.426251182278 1585.0751478873276 3943.1424313899574
6898.009515284452 1416.994599471956 4324.162460362585
6901.592779386627 1501.9400350935862 3940.822748373824
6905.176043488801 1637.953390697033 4095.160088919957
6908.759307590975 1498.3160409032146 4103.823000123026
6912.342571693151 1567.0084840585052 4425.92821548169
6915.925835795324 1605.46244329445 4613.280685771219
6919.509099897499 1868.9296953356818 4408.213254673507
6923.092363999673 1841.4983924064966 4590.511724316883
6926.675628101848 1685.2084620964147 4495.509316087133
6930.258892204021 1823.1809247550477 4492.385346485294
6933.842156306197 1950.6157303157122 4430.9783167210135
6937.42542040837 1639.4612384590162 4513.676983831169
6941.008684510545 1704.8917519242066 4800.642747943754
6944.591948612719 1772.0712640833124 4504.29204972336
6948.175212714894 1651.4182997698217 4500.116340123105
6951.758476817067 1767.4099671168578 4406.6555745221995
6955.3417409192425 1854.038028862125 4266.976631590988
6958.925005021416 1868.2620617848531 4081.9145027076884
6962.508269123591 1794.8181181872621 4276.780892284181
6966.0915332257655 1689.1695196476298 4216.670280634641
6969.67479732794 1795.0571583253336 4061.1842201723775
6973.258061430114 1760.0911041426868 4163.542124295818
6976.8413255322885 1534.8213169571288 4217.222139777686
6980.424589634463 1423.4903850024155 4498.5732029415785
6984.007853736637 1406.9837735777337 4709.957011172426
6987.591117838811 1303.7188731152617 4500.318400288949
6991.174381940986 1261.5262077064513 4453.417977548576
6994.75764604316 1266.3165896019907 4488.560283762378
6998.340910145334 1391.7831961900922 4487.612401703523
7001.924174247509 1557.3669334230833 4947.06579769603
7005.507438349683 1401.5727654492673 5145.451940771355
7009.090702451857 1204.7106179515326 4846.108021827555
7012.673966554032 1139.0135054794227 4807.6871385961185
7016.257230656207 1343.9661665907613 4984.158928435207
7019.84049475838 1335.0238156709513 4656.662834774456
7023.423758860556 1335.6723168973404 4547.838633119055
7027.007022962729 1439.0028449252693 4587.668594908665
7030.590287064904 1320.4212995805754 4530.972121546313
7034.173551167078 1524.1674773621496 4535.86959890597
7037.756815269253 1688.463401372424 4670.127421763711
7041.340079371426 1838.2424157912558 4640.435420060249
7044.923343473602 2038.5319776989056 4558.250561594896
7048.506607575775 2100.784031461708 4659.239155210111
7052.08987167795 2020.4196602396069 4629.741131942913
7055.673135780124 1895.2382312359173 4737.563618760301
7059.256399882299 2085.3270605219564 4722.9591875774495
7062.839663984472 1942.461718988605 4864.7154353848155
7066.4229280866475 1958.6880879916662 4945.785902833034
7070.006192188822 1821.939569535753 4862.702400173431
7073.589456290996 1916.6126682457145 4981.14431869166
7077.1727203931705 1721.9485203598206 4887.31346874587
7080.755984495345 2295.8011644810153 5107.292051546189
7084.339248597519 1968.0233085448974 5096.710472373653
7087.9225126996935 1984.993834898058 4996.9860359453505
7091.505776801868 2156.9810926981118 5042.386470790885
7095.089040904042 1759.9338476521632 4965.552435576709
7098.672305006216 1755.695181553363 4958.676054025662
7102.255569108391 1218.8196635784166 5100.956952899242
7105.838833210565 1191.7655863784082 5088.3108587793295
7109.422097312739 1098.6487994178087 5291.50060712439
7113.005361414914 787.9560890787475 5199.259221762035
7116.588625517088 580.1212324086973 4980.674150764332
7120.171889619263 538.701968002333 4716.556303551728
7123.755153721437 143.4601241975629 5041.376856178213
7127.338417823612 154.52630698405065 5081.740979551528
7130.921681925785 423.0094467614555 5254.2415343359635
7134.504946027961 794.1022592896701 5143.955301340068
7138.088210130134 291.14327319910154 5233.905705714454
7141.671474232309 119.26534747387845 5102.150480920182
7145.254738334483 521.7239783488301 5258.761376744698
7148.838002436658 1103.342231597601 5094.3131558795
7152.421266538831 1780.872393267268 5084.781764041968
7156.004530641007 1249.6541297682602 5307.993371803495
7159.58779474318 903.2924397597926 5306.013038927154
7163.171058845355 1824.8621418573605 5196.572738238671
7166.754322947529 2693.085553841631 5112.122278748704
7170.337587049704 2984.2102196345295 5329.131538397457
7173.920851151878 2672.50106255093 5354.248368366886
7177.5041152540525 2387.039203053069 5137.991067304384
7181.087379356227 2095.849783089482 5144.222765617679
7184.670643458401 1892.8309393657692 5179.417551441437
7188.2539075605755 2004.7842339968472 5196.730121255199
7191.83717166275 1909.3235314860783 5200.383884814959
7195.420435764924 1729.741884120968 5236.081369797377
7199.0036998670985 1842.8972562474364 5041.272257131507
7202.586963969273 1901.2988481092589 4904.244834854898
7206.170228071447 1898.9506708148438 5010.812551204364
7209.753492173621 1830.6028118286288 4897.717836593729
7213.336756275796 1704.336946259256 4886.68936638027
7216.92002037797 1849.6837116429842 4829.695796933361
7220.503284480144 2062.1112987961174 4708.878131944324
7224.08654858232 2038.4840160714302 4902.420835268192
7227.669812684493 1794.2613865968426 4950.649505384375
7231.253076786668 1817.8926708092586 4786.079203037078
7234.836340888842 1787.2536029580992 4807.231781389897
7238.419604991017 2094.3967432707027 4544.734245241843
7242.00286909319 1958.3738847563745 4591.031748227194
7245.586133195366 1720.7625226029966 4788.891763540016
7249.169397297539 1769.4974288945775 4823.713272990225
7252.752661399714 1963.65305496376 4977.62611601215
7256.335925501888 1782.7817015397634 4912.959753616829
7259.919189604063 1793.5102683584719 4879.581855917419
7263.502453706236 1909.8647493608055 4955.118792850794
7267.085717808412 1870.0308657892454 4777.940103873376
7270.668981910585 1823.428922320278 4819.321018067152
7274.25224601276 1741.4210261477167 4968.1078116230465
7277.835510114935 1747.5847190826323 4898.7564217666695
7281.418774217109 1556.9406655750536 4901.549386456511
7285.002038319283 1499.802908778063 4803.343743761459
7288.5853024214575 1893.7860485647534 5051.404303875973
7292.168566523632 1724.5649812937424 4932.893798578779
7295.751830625806 1851.60111937283 4914.652859609063
7299.3350947279805 1808.4140454340843 4856.404533070944
7302.918358830155 1895.4946722279246 4661.153677468515
7306.501622932329 1770.8095391300367 4942.136173484099
7310.0848870345035 1829.4320610010338 4661.218523171394
7313.668151136678 2014.1212900490868 4768.443196776098
7317.251415238852 1900.1062979813255 4770.387436464684
7320.8346793410265 1907.8884006182213 4758.267268345774
7324.417943443201 1921.697914126253 4859.966817906565
7328.001207545376 1934.7766646011212 4734.780612150294
7331.584471647549 1964.5454184257014 4751.387255447337
7335.167735749725 1815.1695940868544 5061.490611227328
7338.750999851898 1986.854455642268 4915.321575578119
7342.334263954073 1857.9327193225731 4862.245003361588
7345.917528056247 1691.0579266345749 5069.504935131465
7349.500792158422 1858.5143662968926 5008.63480062234
7353.084056260595 1705.3250237358639 4797.286203264384
7356.667320362771 1598.818939535925 4867.4231969709035
7360.250584464944 1617.1890772782745 5130.382760277537
7363.833848567119 1660.487394771255 5092.073146714851
7367.417112669293 1741.5347786892587 5123.083006143318
7371.000376771468 1759.0330175763877 5133.9221962602405
7374.583640873641 1726.6234068250117 4947.656338926055
7378.166904975817 1596.1950392132187 4847.734396100991
7381.750169077991 1646.1149682529779 4878.342925682368
7385.333433180165 1774.6875533215245 5030.423213240649
7388.91669728234 1621.3278080428356 4998.494011912523
7392.499961384514 1461.7995625023295 4960.991116520849
7396.083225486688 1594.1332914371271 5000.414179297994
7399.6664895888625 1712.5614849072097 5115.718460676959
7403.249753691037 1720.1431259354108 4967.007141767637
7406.833017793211 1573.1399936162163 4908.714525052007
7410.4162818953855 1676.8544255836625 4893.7367136087205
7413.99954599756 1904.4253533830115 5072.994645604185
7417.582810099734 1491.2822032259435 5159.286699522439
7421.1660742019085 1396.528956551677 5273.314467693535
7424.749338304083 1752.995196934323 5127.160027051328
7428.332602406257 1724.8397857824143 5250.296875345623
7431.915866508432 1543.1237906277363 4951.448520598339
7435.499130610606 1509.8156439960735 4983.167468289812
7439.082394712781 1641.5319492510682 5210.905469092967
7442.665658814954 1705.4977263540216 4787.477466330855
7446.24892291713 1541.39539698361 4809.395694425148
7449.832187019303 1554.6140858404592 4948.500396628898
7453.415451121478 1715.022748695838 4849.411653475741
7456.998715223652 1653.2275662966115 4949.254023031278
7460.581979325827 1668.1524351168825 5342.768526030085
7464.165243428 1542.9094386402874 4778.918145337585
7467.748507530176 1833.2139438366776 4988.18370969862
7471.331771632349 1568.5630616117892 5243.768196244386
7474.915035734524 1578.412936508692 5261.797437128146
7478.498299836698 1616.3318264186614 5363.107063508514
7482.081563938873 1885.3553656756353 5185.639308865008
7485.664828041047 1892.5815190794913 5143.715378511132
7489.248092143222 1704.472579213907 5127.622243054892
7492.831356245396 1434.380457356459 4996.134706448246
7496.41462034757 1567.7576825607466 5070.897496617118
7499.997884449745 1959.2925206739376 5178.016312551441
7503.581148551919 1936.5403185056887 5044.20063572784
7507.164412654093 1769.00164144747 5211.460952425716
7510.7476767562675 1563.2018908871607 5316.067099976226
7514.330940858442 1426.1687001604364 5159.6509405948555
7517.914204960616 1531.269072761795 4981.4470136344735
7521.4974690627905 1731.9255990229153 4830.374195857974
7525.080733164965 1961.1420835518447 4993.419095284667
7528.663997267139 2042.924256357023 5126.325210860263
7532.2472613693135 1809.9307494547668 5097.375513978907
7535.830525471489 1702.4872639564726 5018.524919900379
7539.413789573662 1972.064849570281 5007.994788017931
7542.997053675837 1936.3418540146333 5182.720105648043
7546.580317778011 1851.1331676791772 5103.14893127316
7550.163581880186 1957.969831488629 5324.8860837728425
7553.746845982359 1905.1672118272888 5517.889587121773
7557.330110084535 2000.6463479605115 5234.045973641487
7560.913374186708 1823.3764896623463 5386.845973942509
7564.496638288883 1593.9593485554642 5770.101359675303
7568.079902391057 1732.2039013371395 5833.2113901364555
7571.663166493232 1630.2720693370716 5660.772811072872
7575.246430595405 1685.347288842409 5628.395282135321
7578.829694697581 1791.8505109397622 5419.996937434455
7582.412958799755 1714.6389448856678 5142.966769643876
7585.996222901929 1727.3672906540633 5494.468603259788
7589.579487004104 1776.6149749863712 5474.193509578503
7593.162751106278 1386.342184826902 5613.33289878914
7596.746015208452 1543.5621611629952 5488.145535243608
7600.329279310627 1350.1885156965523 5459.262138426184
7603.912543412801 867.7857871265783 5421.690343162428
7607.495807514975 586.037223225343 5398.086156231886
7611.07907161715 490.72294803846796 5374.944063876781
7614.662335719324 686.1379503792987 5076.983883469335
7618.245599821498 789.8743723779056 5441.610262920994
7621.8288639236725 1164.647945020972 5310.373401579702
7625.412128025847 1160.5979550597945 5160.471706757484
7628.995392128021 1283.6081849490897 5338.824355263263
7632.5786562301955 1185.7137726345977 5390.389326443756
7636.16192033237 1003.8132753393063 5321.088249129237
7639.745184434545 1058.7489034979676 5173.151707578825
7643.3284485367185 898.7089711999132 5340.454741614473
7646.911712638894 988.2173642730813 5197.7393207407185
7650.494976741067 1148.8946275081582 5175.717893730331
7654.078240843242 1216.5815950954475 5427.350102283237
7657.661504945416 1429.4735056962863 5274.168639249354
7661.244769047591 1176.5920424799922 5397.384887847453
7664.828033149764 1049.0927633031376 5487.447588346013
7668.41129725194 1353.3825919771068 5188.5569321105
7671.994561354113 1376.6758885015095 5133.440361571937
7675.577825456288 1488.784214107068 5333.250004237777
7679.161089558462 1399.0487647387913 5367.407142684624
7682.744353660637 1263.363987612575 5377.063929628489
7686.327617762811 1409.5121241113693 5440.972715704531
7689.910881864986 1386.1891434364818 5341.128434430467
7693.49414596716 1192.033005485279 5272.118580052793
7697.077410069334 1360.772937195048 5155.659309729875
7700.660674171509 1402.5892002498667 5113.895528552387
7704.243938273683 1384.3263415304912 5181.580359976116
7707.827202375857 1582.4301185529582 5493.297357112775
7711.410466478032 1373.4348878765616 5246.25518656087
7714.993730580206 1381.1570049307647 5135.511899009576
7718.57699468238 1460.6589920437627 5130.408131819601
7722.160258784555 1365.5718921830976 5214.3250433144785
7725.743522886729 1405.3772606990046 5318.300211501572
7729.326786988903 1322.606854703172 5116.4419100318
7732.910051091078 1333.716987502469 4926.7215629268785
7736.493315193252 1320.7223066859574 5030.673002758105
7740.076579295426 1484.7961942552913 5186.299311767865
7743.659843397601 1429.1122819337484 5445.835207166313
7747.243107499775 1337.313775345058 4969.7951607315745
7750.82637160195 1279.556743393968 5141.585639482086
7754.4096357041235 1161.4822376818056 5139.02456399566
7757.992899806299 1352.7249291781193 5114.808523694437
7761.576163908472 1374.681524950615 5305.188757158287
7765.159428010647 1456.34728773645 5100.740770261788
7768.742692112821 1403.0963837907889 5049.29062494739
7772.325956214996 1148.4147334584031 5149.317933542725
7775.9092203171695 1270.6542829069872 5014.516223840629
7779.492484419345 1251.4814601954743 5021.538076547473
7783.075748521518 1093.0821250098402 5108.505457862504
7786.659012623693 1156.9622800909933 5286.9865334448705
7790.242276725868 1327.1302829166098 5359.979641488722
7793.825540828042 1450.1812397044678 5114.887678312605
7797.408804930216 1344.872753760797 5261.046680518533
7800.992069032391 1373.550518307405 5245.940298853497
7804.575333134565 1190.239771914785 5245.080793176325
7808.158597236739 1432.4347161224073 5139.843463889891
7811.741861338914 1604.861766743782 5036.475743156914
7815.325125441088 1247.9471197750954 5221.235739800555
7818.908389543262 1444.4149342966914 5502.721315963276
7822.491653645437 1553.8591717571262 5159.126446438314
7826.074917747611 1530.2377935089576 5238.328580385676
7829.658181849785 1304.5959989493815 5209.638360434179
7833.24144595196 1206.5208402148587 5161.350479953564
7836.824710054134 1296.1474383596835 5135.294083999549
7840.407974156308 1365.8855214490552 5468.361966120166
7843.991238258483 1311.9126911430044 5658.151538463647
7847.574502360658 1272.2950160489477 5232.483764642021
7851.157766462831 1370.5173493286413 5093.238938728232
7854.741030565006 1242.104250187868 5538.656409143691
7858.32429466718 953.0257885982185 5280.90263877062
7861.907558769355 1313.996378968626 5311.7653137407215
7865.4908228715285 1387.018872020449 5190.954062764383
7869.074086973704 1334.4319551730282 5319.618235774595
7872.657351075877 1395.0555232012662 5234.700304285527
7876.240615178052 1389.9333403392254 5414.18598076255
7879.823879280226 1424.2543059756958 5484.669847345225
7883.407143382401 1375.4664428718065 5327.821081697697
7886.9904074845745 1291.9488624682372 5379.859782089278
7890.57367158675 1274.4908823750047 5254.623607978946
7894.156935688924 1110.2952331469942 5185.84024522478
7897.740199791098 1156.407431256576 5207.951065913449
7901.323463893273 1434.7051194773126 5412.011682019161
7904.906727995447 1431.6064671260096 5451.695913407468
7908.489992097621 1272.7729173455418 5073.844922188956
7912.073256199796 1130.3743836347348 5229.21106665305
7915.65652030197 1319.8162216271387 5145.728325680536
7919.239784404144 1379.0443655769639 5082.079210282715
7922.823048506319 1361.5779718504593 5050.586918436166
7926.406312608493 1284.4348687854201 5110.982730072914
7929.989576710667 1513.5695000923702 5531.409186136516
7933.572840812842 1404.385216461214 5317.4822946896265
7937.156104915016 1294.2807027447786 5082.637497102616
7940.73936901719 1363.210357675796 5261.898157551442
7944.3226331193655 1431.2063214309699 5423.257054282648
7947.905897221539 1038.8867953555666 5377.990055502203
7951.489161323714 1200.1570992845818 5020.803935932939
7955.072425425888 1404.5352552431227 5218.123626329266
7958.655689528063 1354.015999239687 5094.150076488344
7962.238953630236 1107.069889324432 4988.594502642829
7965.822217732411 1294.9173319316378 5062.558341237952
7969.405481834585 1166.9524151433266 4985.808196594064
7972.98874593676 1248.0857772904274 4953.897804017451
7976.5720100389335 1408.7384493544523 5295.608387408864
7980.155274141109 1444.5092917017876 5098.16423284994
7983.738538243282 1109.4288072586514 5310.489235647759
7987.321802345457 1164.5865733616422 5347.19781244552
7990.905066447631 1164.0416465106664 5249.201816448773
7994.488330549806 1177.9075853776822 5446.597451959201
7998.07159465198 1434.6667807070496 5549.814293584072
8001.654858754155 1408.3306875479057 5319.777160834367
8005.238122856329 1351.5602548453583 5175.920901402119
8008.821386958503 1397.909015348337 5399.124849514469
8012.404651060678 1390.7491291673693 5336.600500544464
8015.987915162852 1235.6872237360203 5295.20372041193
8019.571179265026 1281.2018230734575 5270.505660052011
8023.154443367201 1302.4530883801085 5411.549927470828
8026.737707469375 1321.8502400625373 5133.333817370186
8030.320971571549 1063.266304568067 5215.134783101706
8033.904235673724 1310.9258375695983 5204.984207768271
8037.487499775898 1410.1038270510137 5047.628089073666
8041.070763878072 1386.2802975965012 5228.745205344193
8044.654027980247 1236.2758432191238 5135.167216909895
8048.237292082422 1270.133268307894 5142.103681874115
8051.820556184595 1362.0052690385214 5131.447392377263
8055.4038202867705 1367.5903657706297 4857.189328261832
8058.987084388944 1380.617501512012 5155.408042085268
8062.570348491119 1352.340119800304 5106.698621974447
8066.153612593293 1298.3329155859278 5165.739164507437
8069.736876695468 1297.403720485554 5201.805442438083
8073.320140797641 1398.4877173414316 5111.543484508628
8076.903404899816 1293.9544287849571 4864.91639514501
8080.48666900199 1328.2684969700574 5162.037321418805
8084.069933104165 1211.2426135401429 5161.560566000159
8087.6531972063385 1266.3098845190216 5105.5330562881
8091.236461308514 1323.375485058969 5133.360926367959
8094.819725410687 1122.8703864304916 5315.1416095457225
8098.402989512862 1186.0475386580883 5434.751899446238
8101.986253615037 1125.0191397384842 5378.235947157037
8105.569517717211 973.3317316737113 5492.464989181554
8109.152781819385 1295.5593978765046 5563.34862117618
8112.73604592156 1431.226466576438 5633.854495283571
8116.319310023734 1297.3676884254992 5576.174291062091
8119.902574125908 1430.814214038093 5389.1027647448
8123.485838228083 1483.4868653413725 5325.400370896599
8127.069102330257 1339.5595367601863 5477.108055520879
8130.652366432431 1342.6669451190444 5658.593950900992
8134.235630534606 1501.5068320251094 5330.596042539404
8137.81889463678 1502.9032858872874 5429.731093594382
8141.402158738954 1093.939616785834 5570.53481354518
8144.985422841129 1466.6938850568438 5445.750444361592
8148.568686943303 1247.6801978421106 5566.4630987711835
8152.151951045478 1261.0630716425283 5195.031034022612
8155.735215147652 1180.1038454646036 5533.960365583621
8159.318479249827 1247.8981104514867 5556.948349912755
8162.901743352 1040.4815652178556 5445.193058548215
8166.4850074541755 1145.5083293489852 5597.620295786585
8170.068271556349 1297.4414003993645 5218.837461098462
8173.651535658524 1081.8362113951418 5346.081939033923
8177.234799760698 1221.9360968635874 5650.421543542199
8180.818063862873 1216.1071106600152 5394.178943789635
8184.401327965046 994.7246653750061 5481.970814986269
8187.9845920672215 1083.763261208257 5543.604919063872
8191.567856169395 1153.5376174412538 5511.179809229827
8195.15112027157 1233.9183835217573 5606.9266721183085
8198.734384373744 1329.7601814595857 5445.999033756722
8202.317648475919 1152.9964742166462 5389.569606109815
8205.900912578094 1321.9698316719528 5673.230168673774
8209.484176680267 1581.130783056027 5523.174142383599
8213.06744078244 1288.2629179122066 5195.302430931953
8216.650704884616 1193.254087141591 5315.638838281412
8220.233968986791 1258.8694186371392 5284.024945699497
8223.817233088965 1270.0533894640207 5566.398188358283
8227.400497191138 1095.6364380015837 5253.085306354425
8230.983761293313 1171.072238424105 4962.814266552355
8234.567025395489 1066.7147491991504 5175.590553521784
8238.150289497662 1064.6839005443435 5214.4528004287695
8241.733553599835 1396.2946609956493 5340.665893244533
8245.31681770201 1336.079856268918 5549.621569315422
8248.900081804186 1205.7612819538635 5601.859065389518
8252.48334590636 1265.782628754821 5430.034952932345
8256.066610008535 1412.9678837314336 5401.4413180080455
8259.649874110708 1245.3839257103648 5318.051534101909
8263.233138212883 1167.020422362476 5334.912482232746
8266.816402315057 1134.4013186402588 5497.529268518362
8270.399666417232 969.5729842067617 5531.545516990628
8273.982930519405 1169.3356522934757 5418.459791914302
8277.56619462158 1295.429682179679 5483.359132808046
8281.149458723754 1252.345221604719 5416.514119189735
8284.73272282593 1047.3219011515507 5243.902457730687
8288.315986928103 1016.8452744875469 5090.52345873084
8291.899251030278 1058.6189964425978 5098.29589510871
8295.482515132451 1019.4883311870146 4773.700558483488
8299.065779234626 1146.2263589930833 4189.564975387389
8302.6490433368 1058.0053715728523 4366.209980007232
8306.232307438975 988.986158458258 4549.621946934105
8309.815571541149 1120.6430859765023 4312.953461712768
8313.398835643324 1027.4545037030605 4406.771843304827
8316.982099745499 1094.9700187564085 4734.42699828251
8320.565363847672 1165.5352944881904 5327.981049314528
8324.148627949846 1130.4474273616424 5544.514635950531
8327.731892052021 1237.2703185647206 5603.262351120953
8331.315156154196 922.4785865725636 5811.221580980642
8334.89842025637 1241.5273235730065 5370.15687712091
8338.481684358543 1353.8107629226395 5638.734757935163
8342.064948460718 1049.4379607214055 5503.073745043809
8345.648212562894 1089.6510112269857 5331.059960277967
8349.231476665067 955.1496646734529 5582.308325871176
8352.81474076724 1007.2516107753453 5577.817302697734
8356.398004869416 1160.2358973309779 5699.733280581502
8359.98126897159 1310.7392856681279 5600.389687568441
8363.564533073764 1057.5475414790344 5548.007996981257
8367.14779717594 1066.8728028778996 5472.724411438454
8370.731061278113 1077.2305378064098 5484.832873901135
8374.314325380288 1221.8849924746721 5347.780065846956
8377.897589482462 1251.39863364765 4933.470656613132
8381.480853584637 1169.3435964279809 4689.071744906688
8385.06411768681 1261.2636021222224 4513.480785585371
8388.647381788986 1290.7947542867842 4358.684233859811
8392.230645891159 1251.3980424583206 4318.592234955733
8395.813909993334 1030.9677758543223 4192.793014521681
8399.397174095508 1018.1317699310473 4114.577932358972
8402.980438197683 1106.5920125746661 4096.7421626322675
8406.563702299856 904.6958254484193 4132.30717707107
8410.146966402031 1149.5171430413147 4295.923551318691
8413.730230504207 1194.0850888890009 4387.278856885109
8417.31349460638 1251.8433375151697 4170.132543772719
8420.896758708554 1031.9371971699695 4960.09762558758
8424.480022810729 872.6568038955071 5556.37772534697
8428.063286912904 1136.1576997417505 5437.536704628514
8431.646551015077 1048.2632186602486 5520.2438306756485
8435.22981511725 933.037414232353 5665.88344742394
8438.813079219426 1266.747013603336 5405.948778180958
8442.396343321601 1056.0939260670061 5364.031954265893
8445.979607423775 921.5037259798361 5583.6899449285
8449.562871525948 1048.3744653728857 5560.7911907218995
8453.146135628123 888.6652411195998 5421.663215051797
8456.729399730299 848.479668978158 5459.533422874617
8460.312663832472 1100.9505908027302 5457.929019112362
8463.895927934647 1120.7629798537355 5606.981499847108
8467.47919203682 1081.4403845588668 5986.50642892628
8471.062456138996 1244.9382906065841 5859.633988090689
8474.64572024117 1105.4544163925696 5870.723762085232
8478.228984343345 978.9510337792516 5983.366147212962
8481.812248445518 1107.8016236662584 5660.423435914003
8485.395512547693 919.4815454951624 5818.024296677729
8488.978776649867 936.6493921440132 6030.3762330478085
8492.562040752042 1036.5307362525043 6079.320981521991
8496.145304854215 923.2018085318654 5777.253776538744
8499.72856895639 1198.9760688217593 6118.408263568299
8503.311833058564 1141.4442730688213 6039.522893467847
8506.89509716074 1075.9944743288133 5805.727761917309
8510.478361262914 1199.8055387887457 6025.015037613769
8514.061625365088 1024.006560821997 5887.523164086201
8517.644889467261 892.2637641001372 5786.7019440492695
8521.228153569436 1063.1404847782483 5956.525272031157
8524.811417671612 975.8279648459086 6181.128667718788
8528.394681773785 918.3333713571766 6057.8270840716095
8531.977945875959 897.1259666070749 5887.451144220307
8535.561209978134 984.4708530807154 5878.653208168562
8539.144474080309 1169.2180606216796 5911.008475662447
8542.727738182482 1056.783080519036 5830.537315627029
8546.311002284656 852.9826585023467 5897.186250270871
8549.894266386831 1001.5079764944693 5842.671623002393
8553.477530489006 940.9849650383622 5644.310409177579
8557.06079459118 863.7572557009918 5766.739635496675
8560.644058693353 911.6505188558438 5857.321804170756
8564.227322795528 848.2543784750388 5935.45424647449
8567.810586897704 918.8757407137575 5916.547332775666
8571.393850999877 944.260063545312 5674.489633151182
8574.97711510205 1031.73038769075 5899.079898340261
8578.560379204226 953.0284437420901 5757.83905543954
8582.143643306401 1070.0440193316715 5736.4835310072085
8585.726907408574 1176.3226891626275 5773.864234557613
8589.310171510748 940.4726168951889 5853.181361961107
8592.893435612925 915.2791036866123 6000.594184544166
8596.476699715098 935.1292522809058 5570.709902451986
8600.059963817272 782.0295387546475 5876.141455383056
8603.643227919447 1081.3612866725857 5600.888552996465
8607.226492021622 992.2531698961752 5657.068695939536
8610.809756123796 880.6543942983028 5690.559639367777
8614.393020225969 1145.5996620273645 5865.056057831598
8617.976284328144 997.2227786272639 5838.395010406557
8621.55954843032 734.7226293598292 5797.602119062679
8625.142812532493 789.8994266399296 5738.377134213393
8628.726076634666 864.5982631283408 5861.600071460911
8632.309340736841 896.1496437214195 5932.9831857117115
8635.892604839017 1026.381648167016 5897.723475843681
8639.47586894119 938.4768981647433 5792.198873200392
8643.059133043364 966.1191168982683 5844.884592590808
8646.642397145539 1002.6959011641886 6050.430248280834
8650.225661247714 930.2179880908996 5691.300611563046
8653.808925349887 1055.487913077538 5558.344071621227
8657.39218945206 733.4008866268056 6059.9156071830275
8660.975453554236 721.5037837874382 5787.745661926724
8664.558717656411 765.9785825921704 5564.001604837306
8668.141981758585 831.7199940750357 5636.257011820143
8671.725245860758 1098.6894351491837 5637.740981700594
8675.308509962933 950.1768219122316 6188.951545358539
8678.891774065109 938.5746906581716 5878.089994690279
8682.475038167282 964.633129617181 5681.853812965486
8686.058302269455 761.9274836782629 5933.747460844644
8689.64156637163 753.1363443065045 5688.371379368288
8693.224830473806 944.2014680097903 5564.7535275494865
8696.80809457598 930.5686625102966 5659.829456979964
8700.391358678155 1142.599066398541 5607.201731999878
8703.97462278033 838.4718771365209 5868.495707933596
8707.557886882503 840.2324238991456 5895.613355482213
8711.141150984677 942.8047678700123 5541.129878204206
8714.724415086852 788.0014063229537 5671.7765091213805
8718.307679189027 912.4039631014136 5874.39719861246
8721.8909432912 1053.9587529015168 5809.0045706779265
8725.474207393374 821.6777030866241 5656.398965695995
8729.05747149555 767.2248645971341 5640.121924548887
8732.640735597724 904.2179397939726 5808.956061906285
8736.223999699898 818.3152184499991 5823.176449074247
8739.807263802071 887.6003342733331 5670.942631713939
8743.390527904246 795.4069120004273 5397.822747678339
8746.973792006422 725.1974186384067 6059.9749917736235
8750.557056108595 822.8401932007487 5859.722348776821
8754.140320210769 888.8216898323594 5742.2368292777555
8757.723584312944 930.5564141632403 5600.104698380834
8761.306848415119 707.0062526734002 5808.662153956427
8764.890112517292 702.149929164811 5706.118680598789
8768.473376619466 1189.6320010723985 5761.69379509055
8772.056640721641 918.209793661834 5907.351321900929
8775.639904823816 887.3247292423064 5740.21047440504
8779.22316892599 837.095311152935 5673.087756815883
8782.806433028163 859.0252203177056 5670.598493004248
8786.389697130338 958.273543331454 5995.940992079189
8789.972961232514 640.5527981227848 5850.7254796901725
8793.556225334687 884.0350385377704 6059.07676537861
8797.139489436862 1052.1777368362818 6189.394042830971
8800.722753539038 722.8755286215707 5905.9328384394785
8804.306017641211 860.8995368909405 5634.192770733559
8807.889281743384 1022.9596219745799 5637.5328039539345
8811.47254584556 845.8898603965954 5957.919084611839
8815.055809947735 819.0343662785186 5641.802446477392
8818.639074049908 960.6759021154971 5689.200630465112
8822.222338152082 967.7176677145982 6066.806890237319
8825.805602254257 739.1644634965147 5659.63713137284
8829.388866356432 687.6644248061278 5835.471904482663
8832.972130458606 696.0268833443906 5714.37886225809
8836.555394560779 889.2784750684435 5649.37118244797
8840.138658662954 846.62546311574 5786.497525939898
8843.72192276513 879.4473928359748 5787.104855918147
8847.305186867303 857.2373190380538 5723.457847384267
8850.888450969476 946.9972073562722 5569.832783063262
8854.471715071651 1069.7884469948 5858.197292701406
8858.054979173827 812.1068103012586 5816.955450500542
8861.638243276 645.5849764571057 5654.2636559487255
8865.221507378174 707.3824528685279 5627.909503539663
8868.804771480349 681.9110390151938 5444.4934345290685
8872.388035582524 696.1441161914339 5383.990305880027
8875.971299684697 802.2697520612674 5464.8693871995365
8879.55456378687 677.0097517203319 5595.386584657417
8883.137827889046 719.5721907144722 5589.217910922586
8886.721091991221 821.1822881476669 5374.909955229722
8890.304356093395 793.233220572295 5408.507751563782
8893.887620195568 940.6607565037133 5534.4323239953965
8897.470884297743 721.6681582632897 5407.755060024261
8901.054148399919 776.5679687400554 5327.4162934508695
8904.637412502092 882.9178135239563 5535.339412928704
8908.220676604267 739.2999123617674 5531.283861045052
8911.803940706443 473.35229922246253 5087.81835333544
8915.387204808616 782.7780637816762 5387.492910526649
8918.97046891079 722.0095496508447 5437.994664636371
8922.553733012965 561.2891253244616 5221.520417522981
8926.13699711514 479.042474467818 5122.553615229923
8929.720261217313 674.3265247825765 4929.339161547027
8933.303525319487 779.8881142714808 5067.551441839733
8936.886789421662 850.499439009662 4699.2786479219085
8940.470053523837 816.5307654686954 4759.848091369028
8944.05331762601 763.1055342928212 4545.761176591617
8947.636581728184 705.5000962288343 4174.515837170394
8951.21984583036 616.6381553200592 4422.304373496756
8954.803109932534 784.5491134265861 4616.462269030135
8958.386374034708 729.2624077213517 4147.660660413744
8961.969638136881 625.7492531987014 3929.4539611385376
8965.552902239056 805.8976405776394 4372.659214023723
8969.136166341232 644.8208914513035 4782.319535920527
8972.719430443405 649.3545840578406 4899.932323857569
8976.302694545579 780.2878868002607 4447.098877145684
8979.885958647754 577.2834665952705 4032.165404314335
8983.469222749929 587.4370840045352 3848.9729241584973
8987.052486852102 740.8622254226267 4079.7079180119317
8990.635750954276 469.43740019057714 4353.643833747222
8994.219015056451 401.954099648784 4255.267585292729
8997.802279158626 554.6965076522443 4156.255539604101
9001.3855432608 539.4908215314867 4332.839320037287
9004.968807362975 577.528247489506 4959.535199239458
9008.55207146515 623.4805743561608 5139.998806120069
9012.135335567324 415.33434676011046 5364.073064820064
9015.718599669497 446.44280366178157 5438.027214269787
9019.301863771672 412.42272300363413 5349.933647400075
9022.885127873848 578.6626329433568 5526.439018013865
9026.468391976021 603.0603780229524 5662.554696178626
9030.051656078194 436.01678904138765 5760.730917557099
9033.63492018037 465.16098141707397 5731.490455964702
9037.218184282545 540.8878026078544 5725.9915730215125
9040.801448384718 605.3566339777926 5894.664407849311
9044.384712486892 631.6833944213907 5714.268710137559
9047.967976589067 627.1438384049377 5562.529885717415
9051.551240691242 710.5859242751893 5657.845131662796
9055.134504793416 709.6964223037569 5601.833013141826
9058.717768895589 550.267282131007 5569.595915026436
9062.301032997764 684.9317149383539 5530.36336572424
9065.88429709994 634.1668313308121 6118.731340231606
9069.467561202113 685.4811024899884 6078.55836055497
9073.050825304286 506.8145812395321 5952.243919231496
9076.634089406461 505.663490350107 6193.694861866961
9080.217353508637 570.2821333429887 5839.425323294208
9083.80061761081 414.6281722492988 5741.194614195928
9087.383881712984 644.4175206933465 5525.208721231732
9090.967145815159 506.9705294727838 5531.638591935312
9094.550409917334 450.7141103976553 5666.730517159375
9098.133674019507 492.47714758830153 5479.4222838288615
9101.71693812168 398.95382765508725 5440.793258260841
9105.300202223856 365.2426429780324 5605.293244063283
9108.883466326031 554.0421623192912 5413.750764716021
9112.466730428205 624.9675314281633 5214.784371887497
9116.04999453038 459.615985490827 5166.940179710261
9119.633258632555 412.7398093822678 5031.9540152345135
9123.216522734729 537.3395353010084 5206.666234077378
9126.799786836902 687.0963107888812 5245.858752229713
9130.383050939077 396.82249943396096 5038.568750343774
9133.966315041253 327.23705656311785 5195.844111156142
9137.549579143426 455.7947776556672 5071.931388372134
9141.1328432456 395.05519549106697 5254.430571615805
9144.716107347775 410.8693777285791 4894.803138554937
9148.29937144995 389.5548705254122 5182.401667512386
9151.882635552123 645.3706830960739 5334.565731424542
9155.465899654297 511.64755778265555 5410.051476488949
9159.049163756472 437.0851790086358 5258.029619145296
9162.632427858647 427.1358352894643 5161.617959465113
9166.21569196082 496.3584065599334 5263.635569387799
9169.798956062994 497.906239827471 5205.100916006354
9173.38222016517 512.6803528875388 5323.755564619968
9176.965484267344 428.71277536936714 5365.517262973759
9180.548748369518 429.7320863565768 5392.614480253733
9184.132012471691 500.6696089419725 5434.08798653654
9187.715276573867 454.46328869784287 5201.741797252475
9191.298540676042 531.629614285816 5208.130171280847
9194.881804778215 608.8090272890505 5290.2459971512235
9198.465068880389 570.8803428582022 5062.001081370334
9202.048332982564 550.4587507539298 5094.552341979237
9205.631597084739 477.12336989840867 5161.537262390723
9209.214861186912 562.1266549041292 5178.320930047597
9212.798125289088 573.2464839660363 5170.49628490542
9216.381389391263 507.319625037886 5464.133888190871
9219.964653493436 477.1365615232652 5057.858832353865
9223.54791759561 456.45056989449546 5549.733186776533
9227.131181697785 505.70213955613923 5138.124689925666
9230.71444579996 525.3968028264197 5416.422214030068
9234.297709902134 579.216586600247 5248.850147846464
9237.880974004307 405.1911666665213 5053.864814539095
9241.464238106482 514.2741414426204 5030.784807028242
9245.047502208658 537.7037892864166 4956.4801978967635
9248.630766310831 500.0915903290028 5064.410120106088
9252.214030413004 493.66692898839267 5121.786405918405
9255.79729451518 416.4420132219697 5018.344299175093
9259.380558617355 499.2787608955363 5059.776789575141
9262.963822719528 532.3723478188342 5012.963161305625
9266.547086821702 438.9509654529554 4923.98760798916
9270.130350923877 496.90922065445653 5111.833549300934
9273.713615026052 417.28547528998524 5109.486733331358
9277.296879128226 326.035582045414 5025.644694023006
9280.880143230399 451.44350387685637 5071.976404451817
9284.463407332574 400.70201462300713 5120.8662550638
9288.04667143475 482.75072787928127 5478.513984489444
9291.629935536923 515.0036004020865 5337.397704548833
