# Extracted 1D spectrum from 1d_science_ALHh050196.dat
# Wavelength Flux Variance
4533.540400636499 667.0444167506744 5242.11722346109
4537.120805812481 816.5227014733307 5295.648110541577
4540.701210988464 887.7139018269222 5597.1263030184
4544.281616164446 960.5163573083241 5194.702234919418
4547.862021340428 900.7443929072087 5377.447857906354
4551.442426516411 1054.658891080285 5407.722947213716
4555.022831692393 848.6913326003826 5249.19593090667
4558.6032368683755 1114.2706168902125 5233.9163727451905
4562.183642044358 1026.9342735431005 5284.757477598658
4565.764047220341 975.4906207019409 5166.004871644627
4569.3444523963235 1133.9500511444774 6274.7695954936235
4572.924857572306 689.4615700597805 5192.230353328445
4576.505262748288 804.5981423258639 5308.279680925632
4580.085667924271 750.5880150729763 5224.250544815168
4583.666073100253 691.4920081901186 5235.540301679709
4587.246478276235 627.6114695953464 5290.24717293253
4590.826883452218 780.8189497200184 5296.564450768158
4594.4072886282 607.86630426483 5265.771542389716
4597.9876938041825 713.7063185808095 5277.335336361973
4601.568098980165 763.4542373144848 5242.705052628135
4605.148504156147 702.6000975872442 5249.827805110379
4608.72890933213 663.9954272665183 5232.6457289545615
4612.309314508112 584.9122595413322 5270.840638233396
4615.889719684094 623.9600503419048 5235.899601150729
4619.470124860077 620.1535597318948 5253.398312200114
4623.05053003606 557.7496801788589 5278.401172496184
4626.6309352120425 531.8638738084367 5283.808389983328
4630.211340388025 414.28419014885174 5192.3914457545325
4633.791745564007 355.3368045223795 5558.937729878554
4637.37215073999 545.9606148029064 5395.319151367394
4640.952555915972 427.9176991781195 5130.335881861312
4644.532961091954 187.59390419714742 6131.956254647623
4648.113366267937 272.3398736373558 5218.342464517315
4651.693771443919 218.97565695185665 5296.050177754009
4655.2741766199015 374.9895598114283 5638.8383029475435
4658.854581795884 287.31442641355795 5324.136438559276
4662.434986971866 418.9393352697884 5398.8055757566135
4666.015392147849 411.7707851188417 5375.216447266526
4669.595797323831 439.01356913666035 5394.268122521576
4673.176202499813 439.6224681030963 5412.775653246685
4676.756607675796 422.4678284161856 5383.629186976221
4680.337012851778 619.4817298035745 5399.686620979515
4683.917418027761 553.4201370075085 5359.494087999517
4687.497823203744 851.7131755854667 5315.405607052015
4691.078228379726 992.3717564002084 5345.532973980249
4694.658633555709 965.8828235264328 5457.528368648051
4698.239038731691 850.4345490552229 5316.362356287627
4701.819443907673 929.9671287122657 5366.658959531893
4705.399849083656 795.5598528254511 5372.782387961859
4708.980254259638 692.5857423605994 5357.343081039652
4712.56065943562 742.3078908619611 5385.216461360986
4716.141064611603 614.4159361588352 5401.624649088261
4719.721469787585 637.5349065802955 5336.231498362883
4723.301874963568 592.7280671954529 5365.452076270664
4726.88228013955 505.82289230260625 5492.45558471369
4730.462685315532 513.8442055283335 5332.530824729282
4734.043090491515 618.5308507480444 5387.990317635803
4737.623495667497 424.9261911870688 5363.041630740325
4741.20390084348 702.3278328976297 5350.907229358011
4744.784306019463 630.7043286516295 5355.078975436971
4748.364711195445 736.4533298209622 5426.539885432313
4751.9451163714275 980.0483760333312 5423.054311644192
4755.52552154741 878.5986772391234 5413.770744853138
4759.105926723392 938.5401963769767 5377.930147490498
4762.686331899375 1143.9639411853138 5343.8468805551565
4766.266737075357 1094.5950712581632 5298.492371219541
4769.847142251339 1061.015067081947 5330.580540956158
4773.427547427322 1050.4322245065785 5292.684992142358
4777.007952603304 1068.456648684425 5320.186485511426
4780.5883577792865 954.2211953009479 5405.976206287841
4784.168762955269 948.2776718341154 5327.285335877278
4787.749168131251 995.5046305934691 5342.800941345902
4791.329573307234 822.1992706571142 5426.416287205343
4794.909978483216 1056.9528932217997 5369.165236241141
4798.490383659198 1135.6458076328806 5412.6296816108115
4802.070788835182 795.4539326929295 5420.398186025547
4805.651194011164 859.8570912406708 5327.32391731558
4809.2315991871465 939.7355664181251 5434.634043174875
4812.812004363129 1039.8657625201313 5398.627543168558
4816.392409539111 1160.9132027169753 5359.626571973869
4819.972814715094 1314.1359953314911 5418.1879502419815
4823.553219891076 1291.9545037916498 5305.832310050383
4827.133625067058 1185.1541789775697 5306.89886006369
4830.714030243041 1186.535416279228 5315.647598699906
4834.294435419023 1191.3995953902404 5327.575384023821
4837.8748405950055 1195.244522890943 5447.113970660303
4841.455245770988 1374.8003235474291 5512.429190663038
4845.03565094697 1420.2598333521166 5271.701109528216
4848.616056122953 1222.1897856108744 5415.140836417296
4852.196461298935 1321.8448972047017 5408.786693216832
4855.776866474917 1032.98822560456 5258.8110964283
4859.357271650901 1326.0587257908164 5275.744474432938
4862.937676826883 1317.648560691557 5377.820032275498
4866.518082002865 1323.895146904243 5434.615172267983
4870.098487178848 1471.7578825444748 5387.356163773945
4873.67889235483 1207.9688536656122 5235.236329569852
4877.259297530813 1641.0322684084163 5352.083337204317
4880.839702706795 1583.4971498042391 5350.155857751158
4884.420107882777 1339.2404240491646 5362.309597942731
4888.00051305876 1863.43574364518 5318.473438911797
4891.580918234742 1448.7221308891235 5362.2026227634815
4895.161323410724 1624.1932945205108 5438.486795223036
4898.741728586707 1592.2607680526844 5383.673266955596
4902.322133762689 1553.5670482585126 5329.185386811331
4905.902538938672 1206.4371563077134 5339.409370947667
4909.482944114654 1366.9518908835412 5366.200159155445
4913.063349290636 1691.269252256802 5257.031835867371
4916.643754466619 1402.1371762176225 5398.102424058162
4920.224159642602 1700.7992706770572 5388.929452317204
4923.804564818584 1616.6128320358 5275.337564599021
4927.384969994567 1376.9144659799729 5353.318468539398
4930.965375170549 1389.04413702452 5286.341016265056
4934.5457803465315 1516.3374569770729 5337.051264735541
4938.126185522514 1315.063998847587 5236.168664300235
4941.706590698496 1356.2887544780979 5323.84143537377
4945.286995874479 1386.6795355813651 5372.656193112841
4948.867401050461 1060.0710029336678 5263.541532884889
4952.447806226443 1269.531460179477 5315.888289864023
4956.028211402426 1208.0829862544465 5388.478364990775
4959.608616578408 1168.9041196317507 5325.766447478843
4963.1890217543905 1169.1416725074614 5283.888983183618
4966.769426930373 1286.4917513402977 5292.892681864838
4970.349832106355 1250.9163732348206 5417.01340421633
4973.930237282338 1276.9956454287494 5367.340507740266
4977.510642458321 1331.7802626463056 5222.111441076454
4981.091047634303 1268.026960782145 5386.895526047067
4984.671452810286 1053.6524034924923 5380.85981570676
4988.251857986268 1131.1551948962942 5330.370080747738
4991.8322631622505 1227.8844834949475 5398.262943256126
4995.412668338233 1171.5410701320773 5264.303164330657
4998.993073514215 1254.560048216358 5406.638135707481
5002.573478690198 1216.980765010512 5318.610423174845
5006.15388386618 1032.817260778341 5358.3104803483275
5009.734289042162 1229.3367926431647 5329.360977089419
5013.314694218145 1180.9424285929736 5355.570253887627
5016.895099394127 1170.5648512967778 5360.876218552317
5020.4755045701095 1209.7617269069033 5340.437762438308
5024.055909746092 1095.9049306152035 5376.721469308249
5027.636314922074 1202.2071934219985 5337.217327826508
5031.216720098057 1336.3015201240876 5310.569000530043
5034.797125274039 1089.196330270752 5359.494867106752
5038.377530450022 1306.5131864259063 5357.12774540855
5041.957935626005 1137.1140503197942 5258.190653341495
5045.538340801987 1096.9415018396564 5335.895137979968
5049.118745977969 1283.0820092699541 5318.391865847644
5052.699151153952 1337.4969990986915 5302.319562574863
5056.279556329934 1337.3507859675658 5435.390136988467
5059.8599615059165 1291.9775200872932 5314.818885144587
5063.440366681899 1359.5342165237535 5306.614665866102
5067.020771857881 1296.1274472944542 5339.764682856543
5070.601177033864 1290.3543287427553 5314.950764769884
5074.181582209846 1251.3817077399556 5283.76500621655
5077.761987385828 1116.1862422619927 5384.547877673403
5081.342392561811 1386.850553025514 5327.775649423897
5084.922797737793 1252.128193195682 5340.702197276697
5088.503202913776 1194.6403237286831 5336.467876343928
5092.083608089759 1465.1634978654968 5252.04436085545
5095.664013265741 1130.8947902001141 5380.477211699769
5099.244418441724 1459.2756349445508 5296.370106049841
5102.824823617706 1412.2616316674644 5349.316249629628
5106.405228793688 1372.6834914129715 5547.541612577906
5109.985633969671 1436.946307871714 5261.3682616100805
5113.566039145653 1239.9418791421779 5370.305692890144
5117.1464443216355 1296.7907232413238 5409.928708990787
5120.726849497618 1475.2814915712352 5394.021056721249
5124.3072546736 1604.3510997297888 5448.552832943461
5127.887659849583 1185.2381220634893 5286.826586717353
5131.468065025565 1273.114199058969 5329.149129148203
5135.048470201547 1454.9933735000075 5396.680960811889
5138.62887537753 1262.257024639686 5323.934807355657
5142.209280553512 1340.8916314741405 5272.481073503622
5145.7896857294945 1609.8661946937532 5303.236061352731
5149.370090905477 1357.4049344120153 5395.540564925333
5152.950496081459 1348.001576734979 5364.636726351962
5156.530901257442 1420.5867873521697 5380.005114578704
5160.111306433425 1351.3347349375088 5393.238878327088
5163.691711609407 1417.4798908864007 5328.466651178092
5167.27211678539 1377.377986198362 5330.09987991113
5170.852521961372 1438.1351845777417 5271.424598672017
5174.432927137354 1519.4105386020951 5291.223325967208
5178.013332313337 1406.1191676597734 5348.024763540245
5181.593737489319 1406.9014697849645 5279.440100556092
5185.174142665302 1515.4315675129128 5286.185099726567
5188.754547841284 1217.4440848337663 5260.02352562389
5192.334953017266 1524.5314937735852 5348.370413089884
5195.915358193249 1327.8287644784034 5341.534362937641
5199.495763369231 1346.3277926645856 5303.529733284744
5203.0761685452135 1523.1458728632533 5433.323939201572
5206.656573721196 1399.7687177043838 5237.017455805612
5210.236978897179 1340.9865198097752 5342.216185465776
5213.8173840731615 1437.6665270697067 5217.977832574634
5217.397789249144 1514.584357019362 5321.575077210735
5220.978194425126 1484.9535428230708 5341.543035628035
5224.558599601109 1308.352470972389 5341.118759721223
5228.139004777091 1480.5034124555618 5300.203496347331
5231.719409953073 1442.4777817666404 5241.161605953522
5235.299815129056 1487.5127427302082 5270.211593732136
5238.880220305038 1429.0506741256042 5179.452481826866
5242.4606254810205 1490.7440314811965 5398.061914275556
5246.041030657003 1464.2327268406827 5287.378710870491
5249.621435832985 1387.6225425187868 5276.116108900714
5253.201841008968 1375.570050062212 5245.62943426345
5256.78224618495 1520.365135712187 5247.900198497081
5260.362651360932 1503.1231749149647 5218.167720410618
5263.943056536915 1433.5905377444553 5287.642397468568
5267.523461712897 1519.9256792651968 5336.430361579948
5271.10386688888 1587.5257032548022 5228.50961763693
5274.684272064862 1555.42682680254 5295.980588367746
5278.264677240845 1766.3528475502765 5244.28796816909
5281.845082416828 1943.564800293639 5257.332208259464
5285.42548759281 1797.9240780536572 5457.828167604776
5289.005892768792 1891.730139972744 5204.8147116372065
5292.586297944775 1775.2496796279434 5254.323574155611
5296.166703120757 1760.9924005029932 5234.543194766424
5299.7471082967395 1770.394077247 5204.283669929723
5303.327513472722 1756.025075107383 5253.01089681361
5306.907918648704 1669.5744160372094 5252.28836803079
5310.488323824687 1830.369910714949 5292.505801245217
5314.068729000669 1758.2149906968805 5259.158407655498
5317.649134176651 1829.8258633853186 5255.682691784674
5321.229539352634 1845.8178239776125 5276.822848273501
5324.809944528616 1670.2736942729973 5253.85233482178
5328.390349704599 1395.6939853993217 5290.593944807723
5331.970754880582 1835.1979111501828 5239.784727846211
5335.551160056564 1521.2120755890724 5259.569659517567
5339.131565232547 1781.570540541432 5331.02415527056
5342.711970408529 1565.3233106334485 5286.0325409027055
5346.292375584511 1600.8937965267314 5257.90975897941
5349.872780760494 1776.0598222922545 5253.1873396231495
5353.453185936476 1866.2949789135728 5214.687598166044
5357.033591112458 1884.877135849152 5331.537294622014
5360.613996288441 1674.2274546899766 5236.6440981698315
5364.194401464423 1870.1852520196664 5341.941107226096
5367.774806640406 1573.4976787879405 5212.560933102043
5371.355211816388 1558.666684209927 5254.808402790609
5374.93561699237 1594.5249385528473 5283.572332725122
5378.516022168353 1576.2129062398994 5232.471016629414
5382.096427344335 1677.312240765165 5215.456588021512
5385.6768325203175 1455.7591409930685 5330.606774316942
5389.2572376963 1635.6411269390444 5245.836387987709
5392.837642872282 1758.9110942291368 5273.502475989008
5396.4180480482655 1517.4634946904785 5175.019295796903
5399.998453224248 1637.2728604322876 5258.256432390555
5403.57885840023 1768.6794758517785 5265.1104636099335
5407.159263576213 1605.3684797058545 5253.603682636394
5410.739668752195 1600.5212087053071 5288.124130843693
5414.320073928177 1585.5732782452355 5234.279304379513
5417.90047910416 1641.2983647902026 5306.18616274824
5421.480884280142 1419.8640860916064 5282.408568697303
5425.0612894561245 1574.1923256752862 5293.222769190893
5428.641694632107 1620.9327413037777 5213.018545672918
5432.222099808089 1436.8025532683582 5325.491502559649
5435.802504984072 1583.3699156680955 5382.232104900429
5439.382910160054 1585.6770975588695 5289.275250133191
5442.963315336036 1536.44802051494 5236.902204940648
5446.54372051202 1552.8273846090915 5243.012445840388
5450.124125688002 1467.5878314702895 5188.439147808855
5453.7045308639845 1698.1405141474654 5292.155247605784
5457.284936039967 1591.8419947664192 5208.480030382207
5460.865341215949 1696.026139630484 5233.343833695555
5464.445746391932 1425.880087689016 5219.702816024828
5468.026151567914 1600.5490238679588 5259.289338725506
5471.606556743896 1676.2633102356547 5209.4605470052165
5475.186961919879 1359.81394164155 5207.946285507631
5478.767367095861 1373.9648724469948 5259.537809863026
5482.3477722718435 1342.5484968964702 5160.476316257349
5485.928177447826 1553.3805795133073 5267.138507371504
5489.508582623808 1548.480555058928 5195.519676864703
5493.088987799791 1704.1082183941264 5270.673818245826
5496.669392975773 1359.71577403212 5226.264497639396
5500.249798151755 1459.4209393426358 5219.855101128397
5503.830203327738 1518.9092308219242 5221.486922747814
5507.41060850372 1652.8330877325839 5205.14557280293
5510.9910136797025 1535.7679026479436 5305.083110194797
5514.571418855686 1510.1437326324246 5318.46308592684
5518.151824031668 1523.8299137655156 5308.820651572843
5521.732229207651 1586.7793758554365 5258.366334003497
5525.312634383633 1473.3480320304425 5244.390680566396
5528.893039559615 1255.8013905963392 5217.7214063951205
5532.473444735598 1419.9534790812884 5219.953770017715
5536.05384991158 1556.2112567265588 5238.3533084947185
5539.634255087562 1767.6099066064246 5266.315248661405
5543.214660263545 1779.2947914919653 5272.697694142132
5546.795065439527 1910.5287599624992 5273.682415590025
5550.37547061551 1742.7439515715373 5224.527523355448
5553.955875791492 1906.2979869690414 5239.833856643005
5557.536280967474 1742.4051294122999 5270.153468547468
5561.116686143458 1695.116240525271 5226.327117235061
5564.69709131944 1662.0153028654508 5143.734985255525
5568.277496495422 1599.9476906968807 5232.714657254779
5571.857901671405 1587.174643279099 5247.425921112169
5575.438306847387 1873.198044496471 5279.007000356589
5579.0187120233695 1766.5041009006666 5190.306865904497
5582.599117199352 1623.855101440922 5096.483645509086
5586.179522375334 1690.2862592352365 5226.161405388662
5589.759927551317 1608.9357670141503 5228.506842794461
5593.340332727299 1646.3243270315506 5163.701639524318
5596.920737903281 1637.323707863627 5243.587794771399
5600.501143079264 1459.238790169739 5195.940929851035
5604.081548255246 1514.5029783697757 5299.06467555545
5607.6619534312285 1605.3996178619673 5207.202100954633
5611.242358607211 1444.1100178843867 5156.509329274713
5614.822763783193 1459.3118124047837 5238.4556228950705
5618.403168959176 1379.4494178360617 5153.551366966551
5621.983574135158 1364.8522034272758 5266.48799607918
5625.56397931114 1375.112614797408 5249.708186239367
5629.144384487123 1711.0420876180801 5187.506422007867
5632.724789663105 1834.0999731232566 5144.886752852952
5636.3051948390885 1878.651616945789 5196.553236088583
5639.885600015071 1733.6548525623261 5206.179394965173
5643.466005191053 1746.2956108402045 5216.7410297999
5647.046410367036 1617.8127192821405 5146.768820699097
5650.626815543018 1375.4571426812447 5201.194636927041
5654.207220719 1546.3213287428803 5179.11944080667
5657.787625894983 1448.7268022975652 5168.2847649705345
5661.368031070965 1311.4298279528612 5228.808517335626
5664.9484362469475 1482.5883366297746 5262.015177549466
5668.52884142293 1560.4857604459924 5148.535248722744
5672.109246598912 1754.729279295951 5164.2617958287
5675.689651774895 1877.6223591436233 5218.982776705717
5679.270056950878 1704.7840614926167 5195.242185702562
5682.85046212686 1689.3213091121897 5284.9156175721355
5686.430867302843 1754.2462467872538 5258.495399712755
5690.011272478825 1887.5916570342742 5248.260026188945
5693.591677654807 1761.1897117409508 5254.7093015619275
5697.17208283079 1721.1110710465507 5302.176663045621
5700.752488006772 1554.5941283384695 5162.003724567378
5704.332893182755 1558.9045254141702 5177.698340523768
5707.913298358737 1572.1726637251809 5240.299634889073
5711.493703534719 1579.4062219291045 5210.7650545372035
5715.074108710702 1667.8801773976754 5165.4901087566195
5718.654513886684 1332.594723717955 5203.50507484661
5722.234919062666 1466.095350451143 5163.162241567071
5725.815324238649 1658.8261191866713 5163.2084684253905
5729.395729414631 1517.6671082933685 5130.289198872841
5732.976134590614 1492.4373507688008 5096.287144166938
5736.556539766596 1523.892744955681 5321.067395886052
5740.136944942578 1445.936701746196 5193.963774719724
5743.717350118561 1384.3589449486344 5209.557634724903
5747.297755294543 1501.0175426143028 5179.482808041494
5750.8781604705255 1745.6594579190612 5236.111365052195
5754.458565646509 1762.4041539215402 5232.635711434237
5758.038970822491 1427.8757225759264 5296.894522846917
5761.6193759984735 1716.0803878322981 5165.920613139134
5765.199781174456 1556.2025490623112 5078.024907681812
5768.780186350438 1337.6246164379213 5112.264280900609
5772.360591526421 1514.9741688703539 5154.810325969773
5775.940996702403 1633.1233484706106 5196.0784111200555
5779.521401878385 1814.9362684913658 5312.005910994
5783.101807054368 1710.7793528050136 5202.110687512808
5786.68221223035 1716.2940297338669 5219.680903259011
5790.2626174063325 1647.8704980682035 5122.546355386391
5793.843022582315 2128.59120346149 5179.461419998732
5797.423427758297 1999.6408751211577 5186.226474900849
5801.003832934281 1867.1537234135794 5269.609221329397
5804.584238110263 1764.851707177176 5204.750102814908
5808.164643286245 1729.1715226947465 5159.45954558317
5811.745048462228 1805.696796792045 5178.852814411917
5815.32545363821 1951.4223149784705 5264.69425406665
5818.9058588141925 1852.287816812948 5196.523676060286
5822.486263990175 1762.936088876473 5152.596041416807
5826.066669166157 1870.098711716287 5074.972448500215
5829.64707434214 1996.6718922094435 5155.9175425397525
5833.227479518122 1760.1829668858209 5187.134477902849
5836.807884694104 1880.2913963205601 5172.846787040021
5840.388289870087 1781.0673177924323 5217.835105989459
5843.968695046069 1840.7053621508928 5115.182334418307
5847.5491002220515 1941.2585120707633 5173.417796270045
5851.129505398034 1682.2223620930658 5188.675326832895
5854.709910574016 1591.9736857405637 5129.3197448752035
5858.290315749999 1677.818424919005 5084.459122613816
5861.870720925981 2045.8435920253398 5217.017858937355
5865.451126101963 2025.5207860433597 5243.777096578132
5869.031531277946 2017.1466800135127 5109.908623054699
5872.611936453929 2171.3231423725597 5155.966628621623
5876.192341629911 1905.0699649734795 5242.6765826085175
5879.772746805894 1980.088098416388 5203.100950836258
5883.353151981876 1876.369457842847 5127.895018792776
5886.933557157859 1792.5061256506053 5143.4239694409625
5890.513962333841 2138.219991273996 5154.3970525827435
5894.094367509823 1881.1354704459247 5222.566658380893
5897.674772685806 1816.1721033012934 5160.339708634304
5901.255177861788 1841.416105045177 5096.90615431746
5904.83558303777 1831.4896035107547 5156.061794630399
5908.415988213753 1845.374206312718 5133.761396968604
5911.996393389735 1815.2236287755647 5139.806002944179
5915.576798565718 1656.207769889749 5151.290806213655
5919.157203741701 1886.988316624153 5174.089127495829
5922.737608917683 1707.0489575680876 5193.388370995284
5926.318014093666 1752.8002855160562 5104.602054826516
5929.898419269648 1982.761014702816 5082.775091555604
5933.47882444563 1811.2424364771844 5233.357796375938
5937.059229621613 1775.508410275058 5133.756598550853
5940.639634797595 1918.2872128862562 5082.2810093461885
5944.2200399735775 1779.706876626184 5071.970212930209
5947.80044514956 1733.4933021824568 5106.2629612653745
5951.380850325542 1817.9937694108614 5133.218265837449
5954.961255501525 1483.5189913441463 5099.61506461831
5958.541660677507 1667.401553319862 5130.844822423522
5962.122065853489 1785.4467338477389 5293.82537340234
5965.702471029472 1288.5252005359425 5080.148938583409
5969.282876205454 968.7086159264971 5127.314753693041
5972.8632813814365 730.321908552451 5152.720626615201
5976.443686557419 894.8720776117478 5189.17740429781
5980.024091733401 940.9450487249794 5124.4323299369635
5983.604496909384 886.8965717375816 5073.92864190344
5987.184902085366 1039.6154550862998 5074.020638254263
5990.765307261349 1258.573086443845 5231.4045106785325
5994.345712437332 1878.5107274424959 5119.852452972725
5997.926117613314 2148.134474334537 5142.395920176625
6001.5065227892965 2109.2093652111334 5046.357881521628
6005.086927965279 1902.8382333369357 5270.549691971696
6008.667333141261 1941.0251961715119 5065.933160414868
6012.247738317244 1735.53809111105 5129.419975924012
6015.828143493226 1957.9174139875188 5009.404248024158
6019.408548669208 1811.8768411432113 5049.31030083673
6022.988953845191 2155.1012745014145 5183.713023248749
6026.569359021173 1840.1184674503172 5173.236417649236
6030.1497641971555 1721.6283606036488 5153.573592727178
6033.730169373138 2025.4577120610365 5104.112815477973
6037.310574549121 2030.7749019125472 5113.343282983359
6040.8909797251035 1902.4435079848333 5140.621760580486
6044.471384901086 1588.0852694462505 5135.27013486638
6048.051790077068 1332.3848149794312 5052.780007127711
6051.632195253051 1364.1764127050135 5160.136811404392
6055.212600429033 869.5588508946433 5097.61429943886
6058.793005605015 1071.0565299615184 5104.035781328039
6062.373410780998 669.3994247994992 5181.674558867218
6065.95381595698 622.2424256024686 5064.5063866131995
6069.534221132963 750.4070921692612 5127.772295182843
6073.114626308945 618.1638091797918 5213.78110356499
6076.695031484927 755.8098458963774 5221.553640720003
6080.27543666091 937.3529024555287 5263.580087009585
6083.855841836892 910.5030307853011 5073.484716792492
6087.436247012874 1031.677161555593 5043.797332659853
6091.016652188857 1606.9807311689892 5086.087215944243
6094.597057364839 2022.6081060351216 5198.283419327185
6098.177462540822 1699.5365041185312 5145.938646107815
6101.757867716804 1781.4066958900662 5069.497224959044
6105.338272892786 1841.2486649440561 5063.687726636646
6108.91867806877 1789.5383207988448 5132.335158605733
6112.499083244752 2074.041521620273 5121.904874613942
6116.079488420734 2268.9323844641326 5142.145766964958
6119.659893596717 2129.4275660091685 5208.912764063356
6123.240298772699 2187.101868167806 5165.219734881423
6126.8207039486815 2133.6600953217076 5100.080996827848
6130.401109124664 1744.0272850727201 5108.471358868677
6133.981514300646 2069.853385153557 5157.87666411755
6137.561919476629 2348.1005091699058 5214.575588659736
6141.142324652611 2123.261266823631 5246.905829014224
6144.722729828593 2132.2398128672335 5114.572366291069
6148.303135004576 2388.69561834088 5056.270667993867
6151.883540180558 2176.8130754965646 5098.873043526472
6155.463945356541 2466.96512639876 5173.549002230322
6159.044350532524 2371.4387734413876 5095.7291072166045
6162.624755708506 2520.5105783056188 5065.117627810843
6166.205160884489 2489.304300891306 5080.07282272081
6169.785566060471 2278.4695019056176 5133.255710263017
6173.365971236453 2187.889254445752 5099.42867169648
6176.946376412436 2295.4854056104946 5045.96992405997
6180.526781588418 2275.2291527662765 5095.068017588979
6184.1071867644005 2119.0573396452037 5157.750661092494
6187.687591940383 2281.469759974569 5108.038298568639
6191.267997116365 2393.803082470855 4999.871885670065
6194.848402292348 2318.373272181978 5054.777925667989
6198.42880746833 2283.6261071328095 5242.570737420596
6202.009212644312 2256.43332795943 5231.901258576412
6205.589617820295 2192.4056823683436 5045.2945491273285
6209.170022996277 2377.853539479435 5072.738797839937
6212.7504281722595 2466.6135564285646 5119.780567685855
6216.330833348242 2432.0644933773365 5131.651265896603
6219.911238524224 2538.2625855200235 5120.119810462947
6223.491643700207 2226.8832310816 5042.638792269696
6227.07204887619 2419.022781947908 5023.139811074245
6230.652454052172 2392.415035979645 5064.093140644329
6234.232859228155 2158.921028279938 5161.910723324102
6237.813264404137 2267.603178811955 5201.275983257789
6241.393669580119 2224.1262509819985 5162.187882322535
6244.974074756102 2217.5348814897166 5378.310804327686
6248.554479932084 2284.938517780278 5308.684681755614
6252.134885108067 2057.5886069611474 5255.205788180716
6255.715290284049 2204.11132572569 5229.804702824033
6259.295695460031 2091.8832404493683 5207.4745746869785
6262.876100636014 1913.9448908845511 5209.9481568379
6266.456505811996 2169.378144279147 5071.298211829241
6270.036910987978 2283.8623385633296 5231.776767939022
6273.617316163962 2236.450598331619 5251.343042672762
6277.197721339944 2215.9111576657256 5243.0800702344495
6280.7781265159265 2049.326863545502 5254.665166514806
6284.358531691909 2111.5563947205724 5311.19323683994
6287.938936867891 2162.030746002733 5293.711390538708
6291.519342043874 2137.9762944908252 5189.49696659557
6295.099747219856 2079.037252016828 5369.272209355744
6298.680152395838 2284.761161138662 5205.8335753926995
6302.260557571821 2416.066001000704 5244.606217170711
6305.840962747803 2269.222282813794 5325.993305700965
6309.4213679237855 2282.2865667902893 5253.249714610178
6313.001773099768 2172.60361738907 5155.017520219428
6316.58217827575 2375.11931633108 5193.078770786024
6320.162583451733 2326.94968117517 5226.501376959483
6323.742988627715 2119.3724673191814 5279.836721710897
6327.323393803697 2100.02488550492 5363.2564108240485
6330.90379897968 2221.0947259548625 5102.04589947799
6334.484204155662 2390.603432962596 5159.979596348681
6338.0646093316445 2214.0809911098677 5316.324022970039
6341.645014507627 2142.4039303617183 5254.3583325705395
6345.22541968361 2419.600309448653 5201.108210697783
6348.805824859593 2391.781143511046 5389.550869829265
6352.386230035575 2387.26155383162 5304.949146393049
6355.966635211557 2252.2381084577255 5135.855884960256
6359.54704038754 2174.314396534314 5114.135349848937
6363.127445563522 2301.086401976875 5204.270015608762
6366.7078507395045 2154.2643316845533 5174.180390105173
6370.288255915487 2145.399482433234 5180.860413038663
6373.868661091469 2354.8261286898087 5233.613797975523
6377.449066267452 2307.2733667214407 5261.25571876748
6381.029471443434 2137.8654144982042 5370.073492075927
6384.609876619416 2072.5536840792884 5183.294394644998
6388.190281795399 2038.1733858248597 5346.8252915865905
6391.770686971382 2301.9980342076565 5323.009319658815
6395.351092147364 2302.095664685397 5161.293197442581
6398.931497323347 2282.043010889217 5242.682458508596
6402.511902499329 2199.0189342735293 5207.770559756496
6406.0923076753115 2005.3934832427444 5188.542184717333
6409.672712851294 2274.900568348269 5162.909497576316
6413.253118027276 2267.6611470627504 5083.384330732701
6416.833523203259 2196.4348324378993 5275.7513596014915
6420.413928379241 2207.4060871272845 5259.331801908075
6423.994333555223 2116.751769717193 5257.157479485581
6427.574738731206 2070.0484741100245 5292.289574625069
6431.155143907188 2357.4944934022 5107.791988356371
6434.735549083171 2327.6732158114196 5448.490260515987
6438.315954259153 2169.809921617049 5355.877305665709
6441.896359435135 2409.083118631007 5190.702490941515
6445.476764611118 2156.453756214291 5502.2762567200625
6449.0571697871 2280.324177109851 5487.843685309383
6452.637574963082 2122.6111273167858 5300.010924997582
6456.217980139065 2239.8845222698633 5383.57035962442
6459.798385315047 2337.8489090590283 5284.571613966017
6463.3787904910305 2228.8992792582594 5188.50256478152
6466.959195667013 2346.085916702762 5418.618732097466
6470.539600842995 2272.5384290965544 5231.981235253077
6474.120006018978 2102.6598963850656 5169.550236897301
6477.70041119496 2295.175738227449 5271.584573313111
6481.280816370942 2380.563069433031 5332.184016421579
6484.861221546925 2361.2291260197467 5340.522031906466
6488.441626722907 2230.3872463413268 5375.481704053664
6492.0220318988895 2055.297706187183 5489.679355058593
6495.602437074872 1937.4362015908337 5405.082858807148
6499.182842250854 2388.116461159967 5186.804436088082
6502.763247426837 2214.7306840701294 5309.202466947183
6506.343652602819 1857.6521141829699 5344.724616932915
6509.924057778802 2203.7816071916686 5377.058142552067
6513.504462954785 2336.4376407257605 5187.380357927652
6517.084868130767 1966.99674789647 5326.872874916807
6520.665273306749 2093.301112185412 5615.749897697272
6524.245678482732 2043.577870816606 5464.215558574437
6527.826083658714 2049.4336316720787 5260.916723047927
6531.406488834697 2357.5390447178456 5271.167443585535
6534.986894010679 2131.480020975955 5498.0687646406495
6538.567299186661 1825.1058493928285 5476.947396563936
6542.147704362644 1926.9471162715613 5491.215551807556
6545.728109538626 2039.7672360789793 5303.656774419761
6549.3085147146085 1799.104418260684 5351.935628279725
6552.888919890591 1791.0103755435453 5382.749661107257
6556.469325066573 2063.5132392015944 5585.821351456516
6560.049730242556 1979.2916742952 5358.735118341809
6563.630135418538 1873.074335247373 5279.597653140679
6567.21054059452 1589.0214295267338 5426.360215376058
6570.790945770503 1532.7435964801289 5224.4354917379105
6574.371350946485 1825.563597322614 5365.63708213603
6577.9517561224675 1349.4459591590373 5237.802866278619
6581.532161298451 1360.6535498677101 5209.378950418708
6585.112566474432 1079.0168910607463 5095.314505851291
6588.6929716504155 1053.5643498842733 5239.573122300945
6592.273376826398 733.5243154558924 4988.6018928801495
6595.85378200238 750.8148497940521 5139.02329624281
6599.434187178363 820.8755278509813 5290.692349717402
6603.014592354345 892.0884487547622 5380.419778668317
6606.594997530327 680.7984394872525 5578.29942916376
6610.17540270631 865.7236407999476 5487.273577059419
6613.755807882292 1135.3859669253163 5493.184416153451
6617.336213058275 1342.7595895162465 5411.596427378675
6620.916618234258 1042.6889245074894 5316.822145567361
6624.49702341024 557.4453736348045 5133.6491170349
6628.077428586223 509.6429162741821 5562.525473969325
6631.657833762205 801.7860714939969 5482.3764468082045
6635.238238938187 1045.7308516288952 5555.505956690572
6638.81864411417 884.189418413029 5313.152052836248
6642.399049290152 624.6451362787684 5692.478122591733
6645.9794544661345 1384.846423006293 5427.48023993804
6649.559859642117 1908.0561030029585 5396.911293244948
6653.140264818099 1945.6485424934954 5559.5789205467945
6656.720669994082 1708.7042375242675 5477.766770252692
6660.301075170064 1789.6760403493195 5529.143818792974
6663.881480346046 2140.6988508041723 5620.240799276406
6667.461885522029 2210.8815920396573 5220.511706608023
6671.042290698011 2268.380053161628 5517.725520118017
6674.6226958739935 2418.4851231761522 5455.050971489175
6678.203101049976 2246.4619991172754 5440.433652655624
6681.783506225958 2501.6806523923815 5298.246360094608
6685.363911401941 2092.190153179823 5246.904087785717
6688.944316577923 2200.954194453343 5636.979530595399
6692.524721753905 2217.1280973590106 5286.069017640068
6696.105126929888 2180.462801696133 5362.630847908444
6699.68553210587 2286.8812661079496 5340.463236336473
6703.2659372818525 2107.0395152029723 5482.565978891335
6706.846342457836 2535.9610360310307 5523.244427008007
6710.426747633818 2305.007321524758 5629.702119657227
6714.007152809801 2105.5029108761046 5363.839490185383
6717.587557985783 2231.4240516698615 5371.691258773309
6721.167963161765 2359.084867891782 5507.587105783192
6724.748368337748 2416.5326412389004 5522.926742525231
6728.32877351373 2341.0467794936467 5429.945099793804
6731.9091786897125 2319.597303338702 5634.862782336724
6735.489583865695 2097.0937997565707 5735.942774919473
6739.069989041678 1927.5903358937635 5704.039243059169
6742.6503942176605 1809.9078524232837 5630.099782284467
6746.230799393643 2010.594491792432 5351.302812654135
6749.811204569625 1750.9040537769083 5330.328047803037
6753.391609745608 1695.8880662295505 5452.937301716556
6756.97201492159 1730.3033563278668 5556.795286186035
6760.552420097572 1818.3903396718028 5570.428419443389
6764.132825273555 1739.5292755722537 5553.199540437311
6767.713230449537 1731.262672416918 5538.192972553285
6771.2936356255195 1605.3698880595084 5419.78825970228
6774.874040801502 1739.8176394807733 5373.976099278861
6778.454445977484 1851.098145850929 5503.943196291706
6782.034851153467 1759.1738033576237 5413.914807173059
6785.615256329449 1605.7023081256589 5451.509537308026
6789.195661505431 1758.894154561565 5506.795809129072
6792.776066681414 1736.846827271289 5313.771325371045
6796.356471857396 1584.918705517354 5294.149243416647
6799.936877033379 1655.044538200223 5381.550139823531
6803.517282209361 1795.54782148122 5257.1333888567915
6807.097687385343 1698.4156315253674 5433.102385433659
6810.678092561326 1606.3271666963574 5394.179578798715
6814.258497737308 1795.6434956746764 5444.870313574301
6817.83890291329 1696.4752397052198 5603.71604166112
6821.419308089273 2062.2722441139285 5344.156708476957
6824.999713265256 2044.9864429704894 5358.41171961665
6828.5801184412385 1739.646390637287 5476.045577663326
6832.160523617221 1711.4978135266742 5452.3026967673595
6835.740928793203 1497.8491676029535 5577.106858008542
6839.321333969186 1750.045168280754 5599.870820738315
6842.901739145168 1776.6229865656655 5521.6126906215795
6846.48214432115 1740.2515143124383 5532.645142058931
6850.062549497133 2000.0809866026057 5556.682456549238
6853.642954673115 1564.4930562087627 5397.678554600591
6857.223359849098 1603.7198245855775 5320.831182851403
6860.803765025081 1723.43075323909 5635.731828550029
6864.384170201063 1604.909136790808 5480.634417931332
6867.964575377046 1881.9662449689233 5409.189094376566
6871.544980553028 1761.7745466771491 5613.376206116945
6875.12538572901 1485.3288200586123 5294.441239031562
6878.705790904993 1387.6729718863498 5434.432264210534
6882.286196080975 1655.6283203923037 5615.508604932456
6885.866601256957 1468.7609342043552 5580.945626013245
6889.44700643294 1637.289331138299 5515.5921950010625
6893.027411608922 1605.6036958505258 5481.819771660972
6896.607816784905 1422.931116819484 5593.595693404132
6900.188221960887 1701.5550147300767 5664.888775898046
6903.768627136869 1581.3887508580876 5667.140670926703
6907.349032312852 1646.6537790502348 5871.298635316505
6910.929437488834 1622.4974737595905 5697.345866049876
6914.5098426648165 1872.208827620561 6005.272043033938
6918.090247840799 1538.0276036531677 5787.715924825712
6921.670653016781 1885.2730155055326 5811.562128886085
6925.251058192764 1990.312773259202 5886.384632259817
6928.831463368746 1666.4439346506197 5794.58384809537
6932.411868544728 1834.9803326366714 5894.0429107221125
6935.992273720711 1697.7068176393389 5885.884682875718
6939.572678896693 1784.0132872694328 5548.329616067001
6943.1530840726755 1586.967793707206 5615.86799020875
6946.733489248659 1999.381858194428 5552.9478813695505
6950.313894424641 2102.167018263166 5595.119618131837
6953.8942996006235 1990.9980187297979 5383.394390453593
6957.474704776606 1853.5216698899285 5714.63644724562
6961.055109952588 1601.9496141289367 5458.885843686783
6964.635515128571 1621.9643403665614 5511.425214168515
6968.215920304553 1688.7730776330457 5513.100433872028
6971.796325480535 1654.2014100458855 5635.2490760687515
6975.376730656519 1597.7071612487073 5523.758658108773
6978.957135832501 1527.3518195498677 5485.390578970326
6982.5375410084835 1147.236583491101 5419.860627234988
6986.117946184466 1270.7811937231133 5404.9807355047815
6989.698351360448 1148.1694728004632 5452.33791921351
6993.278756536431 1311.1704508832177 5377.055203883375
6996.859161712413 1309.2259451996267 5344.092700558911
7000.439566888395 1498.7925020629966 5332.395572473518
7004.019972064378 1243.525058673212 5143.203901538452
7007.60037724036 1084.3424278010048 5120.860301051571
7011.1807824163425 1192.486664781326 5360.62724531573
7014.761187592325 1229.346648562284 5259.253815892686
7018.341592768307 1174.5566072978788 4965.118354474934
7021.92199794429 1530.9060214851359 5144.06764560323
7025.502403120272 1372.8028851262723 5125.551695631595
7029.082808296254 1631.7588050883367 5150.098072082122
7032.663213472237 1644.6286005838074 5036.241203101693
7036.243618648219 1739.5687983909825 5153.406686950696
7039.8240238242015 2041.994054504816 5286.986298525207
7043.404429000184 2092.1654004184143 5280.346429091549
7046.984834176166 2008.396911377736 5230.7853985131005
7050.565239352149 1904.2028668944604 5317.535522919438
7054.145644528131 2420.64857682035 5130.740567273436
7057.726049704113 2244.8064280270064 5435.541967500877
7061.306454880096 2147.922877701355 5464.438313608538
7064.886860056079 2257.4352806992183 5518.2005785299
7068.467265232061 2149.567668094146 5782.496093148606
7072.047670408044 1913.6802706747792 5844.988181855771
7075.628075584026 1823.2977517581983 5720.524632032502
7079.208480760009 2168.430068762259 5702.038529365495
7082.788885935991 2288.5776139151844 5739.034245654465
7086.369291111973 2227.882058217206 5584.795840594796
7089.949696287956 1990.0248842274582 5478.49731555469
7093.530101463939 1776.8469295089667 5542.305565825733
7097.110506639921 1844.2455577049925 5461.555247364593
7100.690911815904 1498.5270900769954 5408.512379670595
7104.271316991886 1115.6218742078706 5472.068901023891
7107.8517221678685 1152.7589418966322 5286.348593761373
7111.432127343851 1003.8983846623661 5277.758492456834
7115.012532519833 642.6484085521303 5424.599191847841
7118.592937695816 529.663046404533 5424.352834973374
7122.173342871798 460.81860494237907 5272.712102823349
7125.75374804778 191.54442443792897 5478.53940592494
7129.334153223763 194.57229758640383 5365.688236611201
7132.914558399745 633.8374635409908 5388.581129749179
7136.4949635757275 465.7068931101192 5807.808716465053
7140.07536875171 460.3139403938253 5644.11856292639
7143.655773927692 719.4185841548417 5797.480064380925
7147.236179103675 1037.3712418066534 5861.45530599747
7150.816584279657 1570.8036806551747 6069.300881165239
7154.396989455639 1385.7925738817153 5862.844981876404
7157.977394631622 1238.1369956767512 5800.503725576182
7161.557799807604 1600.4995824134414 5861.499445321645
7165.138204983587 2578.0828234717833 5839.360476249635
7168.718610159569 2751.31770385212 5820.65500396369
7172.299015335551 2929.6285068722837 5764.295901243416
7175.879420511534 2332.300070444901 5851.414820709621
7179.459825687516 2160.7839983719177 5574.260495382971
7183.040230863499 1968.2464514881553 5799.273817259468
7186.620636039482 2275.1865686906285 5972.103838294908
7190.201041215464 1996.6795723582943 5750.350110446366
7193.7814463914465 2104.912030497036 5503.177345628058
7197.361851567429 1935.9392586834033 5845.537937460922
7200.942256743411 1847.8529242553404 5775.8429814770025
7204.522661919394 1793.1808835734155 5881.677012821031
7208.103067095376 1777.0558349935814 5951.613065277732
7211.683472271359 2066.3389924405483 6074.665747093232
7215.263877447342 2049.3410109643733 6187.899923277992
7218.844282623324 2051.6937597080796 6086.2065973549
7222.424687799306 2022.686163958061 6007.707780960985
7226.005092975289 2035.3952489735318 5982.25053762931
7229.585498151271 2044.6479680959596 5991.595430095158
7233.165903327254 2008.2780284426185 6094.336326589347
7236.746308503236 1795.4665750891656 6245.503452188958
7240.326713679218 2036.6497717844761 6211.348846477769
7243.907118855201 2027.2384958906546 6061.706028251748
7247.487524031183 1866.6904002930692 6166.550427992488
7251.067929207165 1884.0485827278937 5836.7647723551345
7254.648334383148 1804.919695010684 6091.631951450115
7258.22873955913 1822.5934607653219 6209.949094323303
7261.809144735113 2101.070638767066 6086.648484918137
7265.389549911095 2055.596412692614 6308.910398131296
7268.969955087077 1939.745821982899 6096.525613509263
7272.55036026306 1861.298216800583 6205.465588048245
7276.130765439042 1548.914262897012 6559.972381186125
7279.7111706150245 1565.0708206320112 6190.717561629324
7283.291575791007 1883.7938035445202 6375.524093247117
7286.871980966989 2067.3399389908664 6573.189161089481
7290.452386142972 1875.798516597786 6299.220210128535
7294.032791318954 1700.4449975804775 6476.239545017616
7297.613196494936 1974.417290750357 6351.725737922425
7301.19360167092 2099.1918389108628 6466.220935820806
7304.774006846902 2049.7480432989287 6065.1436790751
7308.354412022884 1811.789921536859 6116.683314883444
7311.934817198867 1537.3977924784087 6368.717822930283
7315.515222374849 1837.208194662906 6493.887072415586
7319.0956275508315 1760.0468493213089 6195.245155684649
7322.676032726814 1695.5351128339814 6563.017363281961
7326.256437902796 1733.2305076761997 6281.994456890612
7329.83684307878 1662.7962300084914 6201.040604477382
7333.417248254762 1716.4440790736 6205.83456511726
7336.997653430744 1681.3835794965748 6378.068953210333
7340.578058606727 1989.4830937402683 6165.832897726417
7344.158463782709 2066.5345551799314 6144.663115451688
7347.7388689586915 1960.52260646334 6358.814300331477
7351.319274134674 1587.811074803879 5827.384495173437
7354.899679310656 1721.1457841156966 6039.323218103499
7358.480084486639 1753.9896355839164 6025.831516148683
7362.060489662621 1828.279681009511 5959.497552711724
7365.640894838603 1855.0922982171555 5959.456998683071
7369.221300014586 1667.3718684406467 5988.2519694014
7372.801705190568 1788.638300687865 6123.299734532566
7376.3821103665505 1680.671132124385 5956.010484660901
7379.962515542533 1427.9553367630879 6122.43504785649
7383.542920718515 1857.3371945993438 6157.168763911455
7387.123325894498 1604.8751322864737 6070.433637332506
7390.70373107048 1705.6545148427092 5912.206687913441
7394.284136246462 1951.0798566729507 5929.00458681919
7397.864541422445 1730.483766203678 6041.070996932101
7401.444946598427 1624.237044887044 5947.012106670591
7405.0253517744095 1603.371611333158 5953.771978556466
7408.605756950392 1612.0301336902698 6044.5849668084065
7412.186162126374 1675.6122017071687 5863.794844950195
7415.766567302357 1599.932141465884 5849.560883815607
7419.34697247834 1593.6703169506386 6100.624386313545
7422.927377654322 1656.6558063172233 5960.655537744603
7426.507782830305 1591.8757518480588 5950.7919940648135
7430.088188006287 1616.595028325504 6072.929337437869
7433.668593182269 1609.894364795125 5899.5560319422175
7437.248998358252 1589.873841559362 5935.879500468728
7440.829403534234 1680.8578677964617 6146.555771068885
7444.409808710217 1834.8854689741052 6000.454125935973
7447.9902138862 1714.1932796800825 5959.658312775916
7451.570619062182 1560.2941950038282 6156.6771075768
7455.151024238165 1804.868217478003 5891.311456576584
7458.731429414147 1534.2350746521731 5921.705468504437
7462.311834590129 1515.71986725161 6059.4720111752595
7465.892239766112 1500.3620202360255 6088.3119594846075
7469.472644942094 1579.702902101827 6074.326984926361
7473.0530501180765 1823.388663004017 6080.119077629182
7476.633455294059 1834.536559994006 6096.528149924984
7480.213860470041 1549.958529624458 6047.204918228981
7483.794265646024 1837.4545613561645 6073.385651707502
7487.374670822006 1625.811471809047 6040.304558779002
7490.955075997988 1770.4763551125363 5963.963190873751
7494.535481173971 1412.4110963739 5898.1055999963255
7498.115886349953 1623.5891197652402 6368.268284421744
7501.6962915259355 1685.0626932007924 5748.132762951891
7505.276696701918 1977.9381496715628 6202.168870362424
7508.8571018779 1876.8924925416288 6177.055307817014
7512.437507053883 1832.4277245439648 5923.951940333762
7516.017912229865 1862.8428610404665 6296.547718344225
7519.598317405847 1740.6421206063983 6173.548756798764
7523.17872258183 2038.1340658200525 6191.030521674697
7526.759127757812 1843.0318351264273 6275.937212552689
7530.3395329337945 1804.4478015275915 6029.638136350666
7533.919938109777 1796.5713502160488 6001.046368695012
7537.50034328576 1783.0553251507208 6172.7978593707485
7541.080748461743 1923.7200605005253 6522.121902744997
7544.661153637725 1877.4233784582684 6113.859274004818
7548.241558813707 1862.025532697406 5955.288210235851
7551.82196398969 1903.5144621824795 6193.962487206856
7555.402369165672 2000.3512664512652 6185.157651328934
7558.9827743416545 1830.8498263249894 6013.085381497509
7562.563179517637 1740.0181194808179 6209.585803172814
7566.14358469362 1767.211275366863 6446.325674823212
7569.7239898696025 1743.9279657247012 6153.461486599492
7573.304395045585 1719.2825224820697 6111.569446774295
7576.884800221567 1766.7481304528503 6228.13454856079
7580.46520539755 1964.274003006581 6111.331725789357
7584.045610573532 1709.6173380319067 6162.957792764067
7587.626015749514 1634.1238063944947 6161.747068531625
7591.206420925497 2019.8900050420634 6189.9973085227575
7594.786826101479 1717.3305421572486 6243.76946168755
7598.3672312774615 1324.9862922146292 6168.856260642173
7601.947636453444 961.117320544607 6144.571557084996
7605.528041629426 634.4964634762349 6282.000441175998
7609.108446805409 490.0099672670507 6189.136222514677
7612.688851981391 503.6518125219009 5997.79801987138
7616.269257157373 790.2147879508947 6263.348562483056
7619.849662333356 1086.2168516644247 6045.7022736290455
7623.430067509338 1250.3876976418896 6167.62939459251
7627.010472685321 1118.22837393714 6281.195922410509
7630.590877861303 1044.9327524119133 6167.625154760385
7634.171283037285 901.7481255983934 6083.380468844307
7637.751688213268 1007.0337459996805 6226.494038904366
7641.33209338925 1033.754037643494 6280.254223694257
7644.912498565232 1166.3245483641224 6393.146891586533
7648.492903741215 1086.1347551007718 6125.433546367988
7652.073308917197 1035.1398245092814 6149.089869336012
7655.6537140931805 1304.0879716118231 6341.661011738397
7659.234119269163 1367.5097844845602 6161.773963669293
7662.814524445145 1330.6181630421204 6233.568651809669
7666.394929621128 1420.1650699408885 6165.707702445855
7669.97533479711 1659.3918554593815 6211.734139743705
7673.555739973092 1673.896915922904 6250.711600464032
7677.136145149075 1475.5273733267359 6204.7123550335045
7680.716550325057 1489.7435135536653 6171.810175326608
7684.29695550104 1638.348690542456 6311.242958723708
7687.877360677023 1431.5908318257098 6352.887732070714
7691.457765853005 1506.6248728570847 6244.937673674453
7695.038171028988 1692.946205040276 6225.303694795833
7698.61857620497 1408.092542550406 6371.41728570611
7702.198981380952 1411.6710839757886 6404.716666500062
7705.779386556935 1578.6695783850548 6402.964535469202
7709.359791732917 1394.3895674092223 6680.438066137806
7712.940196908899 1163.9933016418556 6692.177194012571
7716.520602084882 1330.3332149392197 6593.821271200004
7720.101007260864 1614.1226964332884 6694.511834829707
7723.681412436847 1394.7761005964323 6552.000741376933
7727.261817612829 1326.3725503117303 6568.50046367737
7730.842222788811 1095.2121698097149 6517.138877729632
7734.422627964794 1175.4749522981065 6555.278613884256
7738.003033140776 1343.6384724138022 6464.636797006261
7741.5834383167585 1385.5690190729463 6523.640085395382
7745.163843492741 1368.020015380561 6716.512792844164
7748.744248668723 1266.0474940553572 6454.998428596356
7752.324653844706 1400.1910299001827 6797.480929395229
7755.905059020688 1277.3663872109269 6516.933701718403
7759.48546419667 1521.9820291841695 6390.413952459814
7763.065869372653 1571.5736076081998 6162.77715160395
7766.646274548635 1408.2284911188292 6739.659150283097
7770.2266797246175 1335.1638305394495 6231.755906339558
7773.807084900601 1466.9976331229173 6623.478639617243
7777.387490076583 1422.711319696548 6316.946074818984
7780.9678952525655 1393.169450681662 6364.487391069718
7784.548300428548 1505.9678903275274 6579.216012129518
7788.12870560453 1323.8879027338974 6643.879070043111
7791.709110780513 1423.2402146803602 6688.07556711907
7795.289515956495 1374.8303189055362 6511.839422081407
7798.869921132477 1345.5185541884036 6664.458809505199
7802.450326308461 1492.9077977178674 6506.751854405935
7806.030731484443 1450.0142916814393 6320.138712679135
7809.6111366604255 1318.3832642150073 6422.774153685637
7813.191541836408 1371.4289797461888 6371.270572102986
7816.77194701239 1244.1767179620072 6432.5446806042
7820.352352188373 1225.7749195139852 6407.117878671884
7823.932757364355 1436.2994249490173 6232.111033733345
7827.513162540337 1275.7136367137946 6441.59009981627
7831.09356771632 1227.6378828622162 6563.358210598916
7834.673972892302 1290.9973733145798 6335.666447347078
7838.2543780682845 1138.5396342909949 6445.252836800453
7841.834783244267 1276.3487993994013 6591.796889141954
7845.415188420249 1396.0517101939693 6362.094756340115
7848.995593596232 1381.9161983594593 6391.6164989317695
7852.575998772214 1263.6156084263955 6330.658492470484
7856.156403948196 1341.937651255601 6320.917112453898
7859.736809124179 1324.0175363388676 6341.082364627469
7863.317214300161 1422.277184059273 6153.656640557504
7866.8976194761435 1260.9733614321033 6495.987213766355
7870.478024652126 1307.767545893956 6282.62606535829
7874.058429828108 1200.6676423319348 6193.641746482439
7877.638835004091 1107.9234303363514 6326.457694504144
7881.219240180073 1319.6322646391532 6340.4919524820825
7884.799645356055 1246.1247638957898 6368.028841153365
7888.380050532038 1252.2666175179468 6273.5983541548585
7891.960455708021 1206.8301136217644 6247.984557976741
7895.540860884003 1220.6444343798548 6512.298946278659
7899.121266059986 1442.394322529266 6367.936434015403
7902.701671235968 1293.9343924442028 6483.314340639323
7906.282076411951 1491.1651200384397 6253.6180212665295
7909.862481587933 1218.9542415627423 6252.3913334982735
7913.442886763915 1141.2724416864817 6488.69054742722
7917.023291939898 1252.142759271771 6237.873677395399
7920.603697115881 1382.696579032243 6107.8033085506495
7924.184102291863 1229.2342128705427 6032.81639853363
7927.764507467846 1244.7491655187541 6167.934621209984
7931.344912643828 1264.3907876998985 6295.399490351766
7934.9253178198105 1171.0007199677057 6391.774808809599
7938.505722995793 1330.2267658724168 6367.759251687306
7942.086128171775 1505.5893802291744 6074.694144826904
7945.666533347758 1483.5483739883643 6242.876441210458
7949.24693852374 1022.6595289451095 6309.180841986613
7952.827343699722 1340.9236391880747 6437.568011228729
7956.407748875705 1372.6977993572484 6327.037007917658
7959.988154051687 1232.2818162583542 6212.543241704054
7963.5685592276695 1544.132420880067 6336.238847011411
7967.148964403652 1162.0000756512163 6282.4881094622515
7970.729369579634 1267.900418748212 6405.576073648854
7974.309774755617 1302.491397447493 5978.9665617478495
7977.890179931599 1317.5843427872553 6142.247366657413
7981.470585107581 1398.6350487371997 6240.368835194914
7985.050990283564 1233.0715138180985 6398.760802192122
7988.631395459546 1300.2097155623387 6576.238231556848
7992.211800635529 1311.936707123845 6591.3970586290925
7995.792205811511 1286.6904752246512 6746.790206607211
7999.372610987493 1359.104767575563 6518.868717272549
8002.953016163476 1276.791596716881 6719.239913896235
8006.533421339458 1194.4352958709185 6554.106000415411
8010.113826515441 1329.67373246902 6487.22374284084
8013.694231691424 1405.1576188353097 6459.578598752464
8017.274636867406 1209.327426183807 6351.521284094799
8020.8550420433885 1191.8538196373772 6378.037142288197
8024.435447219371 1247.4597947950501 6627.178063553776
8028.015852395353 1149.6301783543463 6571.926027151529
8031.596257571336 1163.5258330002316 6368.836817552067
8035.176662747318 1129.4256088654236 6478.720355429713
8038.757067923301 985.7899629451091 6416.948154692489
8042.337473099284 1211.3646442353277 6315.341056027291
8045.917878275266 1480.8236169020888 6410.444034921732
8049.498283451248 1425.333199414179 6345.583031349757
8053.078688627231 1407.860886865263 6261.837856837749
8056.659093803213 1302.627334379962 6291.603405104118
8060.239498979196 1404.0606224042854 6415.855209676607
8063.819904155178 1609.0163545290945 6237.2429166184975
8067.40030933116 1330.4025783147388 6196.971232840174
8070.980714507143 1404.0878388451554 6045.412355012693
8074.561119683125 1279.815722954599 6124.866491207938
8078.141524859107 1382.1731098731852 6084.331974418604
8081.72193003509 1327.3998528167735 6439.358342831636
8085.302335211072 985.5126425190806 6526.4516999937005
8088.882740387055 1262.742111829166 6679.675790280749
8092.463145563037 1260.998475107155 6598.831735899705
8096.043550739019 1240.1230382998535 6536.380004620947
8099.623955915002 1215.5729713576288 6514.978729483707
8103.204361090984 1254.0233009656624 6205.999576670452
8106.7847662669665 1339.0042354829686 6210.094534801733
8110.365171442949 1481.9440777304537 6434.238228750267
8113.945576618931 1268.8265320319722 6116.750960271944
8117.525981794914 1173.264247091722 6138.611873727045
8121.106386970896 1387.246112969958 6238.877606373896
8124.686792146878 1489.6728885179562 6361.276830178878
8128.267197322862 1348.5629777491972 6560.404841688261
8131.847602498844 1456.870701437187 6681.710695020613
8135.428007674826 1529.0100928045595 6520.588372754098
8139.008412850809 1318.1021451899326 6392.649131113051
8142.588818026791 1234.7235594645308 6521.8230172343665
8146.1692232027735 1053.7505652541665 6630.582387633094
8149.749628378756 1049.4804098145057 6646.987264694138
8153.330033554738 1245.4683638636238 6427.02918691413
8156.910438730722 1133.9624680614595 6426.3876195248295
8160.490843906704 1302.4601188555143 6282.071238565233
8164.071249082686 1283.13790419369 6387.156613599864
8167.651654258669 1252.8658988221835 6324.826320065092
8171.232059434651 1150.1972536123799 6396.518683447771
8174.8124646106335 1178.2070386211542 6343.325880888029
8178.392869786616 1328.701129481664 6055.117534633933
8181.973274962598 1296.2841794372512 6268.099187258651
8185.553680138581 1385.0968670533905 6398.237089898896
8189.134085314563 1198.2834676892123 6300.079352067607
8192.714490490545 1299.1407531308791 6256.094376580669
8196.294895666528 1264.657575079157 6304.91384929354
8199.87530084251 1052.7419811842567 6257.013807900832
8203.455706018492 1197.3049468250658 6162.638535060043
8207.036111194475 1352.4187495945305 6216.383570772044
8210.616516370457 1559.9453581373366 6452.021982553839
8214.19692154644 1183.1268377774395 6596.377010385864
8217.777326722422 1358.796063062744 6245.423455113018
8221.357731898404 1489.5964284672275 6336.2937855862365
8224.938137074387 1200.3686765092546 6484.334657412767
8228.51854225037 1205.324614455352 6183.005015363704
8232.098947426352 1246.017631625256 6155.307258649836
8235.679352602334 1188.3387435455497 6326.9012956027145
8239.259757778316 1251.7245581543732 6496.569010384896
8242.840162954299 1347.2403348357218 6550.9188165247815
8246.420568130281 1155.5407467128414 6512.955832835319
8250.000973306265 1141.1958656233458 6481.685692202948
8253.581378482246 1287.5284174335773 6379.5336326429115
8257.16178365823 1250.57766251722 6871.762271235452
8260.74218883421 1384.7536378299403 6773.412041004477
8264.322594010195 1323.819080897076 6651.2485664631195
8267.902999186175 1028.938082956012 6530.1546005331165
8271.48340436216 923.1228229773268 6474.041798714226
8275.063809538142 1171.1514295143731 6523.724160970584
8278.644214714124 1240.2464144236355 6745.994000219188
8282.224619890107 1141.1201936714808 6702.279404172822
8285.805025066089 753.182707156886 6591.987522481838
8289.385430242071 1297.480436818811 6500.99921726851
8292.965835418054 1068.3704548573048 6773.656664855575
8296.546240594036 1258.383886890947 6620.331212948061
8300.126645770019 1186.364211709243 6589.4349074933125
8303.707050946 1166.5545503867838 6674.525388977619
8307.287456121983 1180.9284933309748 6517.7312712798175
8310.867861297966 1065.5514249676646 6677.93930438386
8314.448266473948 1016.091622247011 6738.172575229702
8318.02867164993 1024.739499292346 6457.802895266691
8321.609076825913 1134.8011677242564 6422.971702122883
8325.189482001895 1079.727745501252 6464.225201898232
8328.769887177878 998.0717802341862 6748.806388951744
8332.35029235386 1182.498114648563 6927.004194145112
8335.930697529842 1111.4944509621919 6711.519396091105
8339.511102705825 1113.1522632130986 7026.265516453838
8343.091507881807 1479.8916224202355 6817.5286093279765
8346.67191305779 1132.9668429518642 6666.536380156238
8350.252318233772 967.620166092468 6803.278342995597
8353.832723409754 1186.5797207470948 6502.142195622728
8357.413128585737 1144.995009883822 6754.003694932923
8360.993533761719 1015.7719602667785 6959.224193340362
8364.573938937701 1126.8356401723768 6556.792034078721
8368.154344113686 1070.3847385953836 6676.949439159009
8371.734749289666 1165.01167373415 6629.442179446377
8375.31515446565 1164.5548170029713 6624.415570598361
8378.89555964163 1140.2691086742743 6627.64347093858
8382.475964817615 1304.9533733416274 6629.723617284492
8386.056369993596 1167.9450963601996 6433.696058244198
8389.63677516958 1129.1388980829493 6615.103506666073
8393.217180345562 1015.1853021691712 6528.736921135032
8396.797585521545 1085.821463423862 6489.040769331688
8400.377990697527 1112.1105511320227 6738.805568379667
8403.95839587351 1007.0961381493909 6643.985617667843
8407.538801049492 1076.1051557745843 6492.039305376229
8411.119206225474 1183.090094549279 6657.581572520326
8414.699611401456 1138.6084517791744 6647.4016682141555
8418.280016577439 983.9337825740208 6473.361868911012
8421.860421753421 934.5592398483598 6596.010808668355
8425.440826929404 947.2598618952862 6502.383262603477
8429.021232105386 1037.0429678013404 6226.359143653853
8432.601637281368 1035.0153277228528 6566.78553771898
8436.18204245735 1022.4878288160464 6512.641168325062
8439.762447633333 1399.9770951341122 5939.965149667207
8443.342852809315 878.0824066355219 5654.973581840057
8446.923257985298 1427.0382531148884 5435.8750888463965
8450.50366316128 1277.751107585713 5631.272600182016
8454.084068337263 948.0524159878402 5701.699892448812
8457.664473513245 1026.8228995707682 5634.268139507096
8461.244878689227 967.0136277569103 5722.26448248495
8464.82528386521 967.7760125743742 5988.201914772427
8468.405689041192 970.2152936215376 6562.53749743303
8471.986094217174 1006.7244833180436 6951.7525179237045
8475.566499393157 1154.8057203244427 7009.2433601631
8479.14690456914 1160.341981580913 6749.951310409398
8482.727309745122 1055.679707074778 6725.163028112985
8486.307714921106 1084.779607941911 6619.351963012092
8489.888120097086 1067.2882083296881 6671.276326729764
8493.46852527307 1042.7318103011885 6689.61869631542
8497.048930449051 947.2180565040858 6719.495864839442
8500.629335625035 1009.4256036735152 6911.863791615125
8504.209740801016 1134.560920900618 6570.360145739421
8507.790145977 942.8631320896932 6595.068997742746
8511.370551152982 1047.8575822623025 6795.578693150541
8514.950956328965 820.257665445949 6837.197691659506
8518.531361504947 1163.0471963863993 6705.404230286639
8522.11176668093 1118.106022827224 6339.06318762794
8525.692171856912 1150.3233000160044 6142.593585879566
8529.272577032894 973.8901739209277 6223.531885558879
8532.852982208877 1057.7194195937927 5640.1395164628375
8536.433387384859 977.4963299629078 5868.708726386018
8540.013792560841 1162.1231804584368 5527.954061851362
8543.594197736824 1088.5365312063864 5313.461052132815
8547.174602912806 1017.7201891276437 5461.103753645452
8550.755008088789 935.9527628403313 5335.739184157317
8554.335413264771 940.3919098764059 5322.52603985291
8557.915818440753 832.2041546802758 5603.103222925885
8561.496223616736 924.1854173099011 5637.3516925976155
8565.076628792718 1131.7775880063666 5588.390126550429
8568.6570339687 896.8222216712546 5901.220827835398
8572.237439144683 955.4202261598953 6585.942626951473
8575.817844320665 1170.0542497352683 6814.968099069949
8579.398249496648 966.3175116451287 6496.1313436928
8582.97865467263 981.7192083888375 6547.276378136767
8586.559059848612 978.6269717838458 6631.867301382907
8590.139465024595 859.8203263556605 6558.9969720893205
8593.719870200577 945.1736708177775 6900.71263694197
8597.30027537656 1010.608512262909 7130.578350823475
8600.880680552542 1077.054541770771 6958.7532013694445
8604.461085728526 946.1493368220476 6993.353202561403
8608.041490904507 1122.5328501367376 7088.361635308291
8611.62189608049 904.6007705292454 6523.355441467892
8615.202301256471 946.953857345666 6652.480948405349
8618.782706432456 1092.2917463126892 7098.935446128623
8622.363111608436 1032.935990238269 7050.513781081929
8625.94351678442 833.0542157187164 6773.402694142684
8629.523921960403 891.1209377470466 7234.666860635652
8633.104327136385 1024.082644552579 7026.419571922715
8636.684732312366 871.4617520426863 7123.323745217405
8640.26513748835 889.7182795246465 7252.3692483199
8643.845542664332 1057.5714901272092 7225.032676080596
8647.425947840315 1087.7884952179613 7331.347850733831
8651.006353016297 1011.7371157495579 7271.073466156674
8654.58675819228 862.4276099618314 7105.569023173316
8658.167163368262 849.1929182093578 7044.634718516822
8661.747568544244 949.2966975529812 7129.293067129186
8665.327973720227 910.0064639455783 7072.191711689836
8668.908378896209 966.5372895724524 6902.502586214779
8672.488784072191 1121.7774613652396 7049.8160618538195
8676.069189248174 1021.4895919341224 7258.538781176689
8679.649594424156 848.9200590099907 7212.2336932726885
8683.229999600138 966.1470335983139 7131.659679963648
8686.81040477612 930.7401956066351 7106.386166446767
8690.390809952103 924.7213221771028 7021.005844198006
8693.971215128086 862.3501730613846 7080.783249339799
8697.551620304068 801.1198902322667 7422.926400190154
8701.13202548005 914.1543925645501 7233.167042560576
8704.712430656033 920.7938940393833 7459.02880795722
8708.292835832017 1153.2653392282004 7199.264694882057
8711.873241007997 1120.5514346775553 7114.6185119690535
8715.453646183982 799.0454813289689 7345.901639509751
8719.034051359962 873.12558642694 7201.980988307933
8722.614456535946 928.8088370279083 7021.427689156541
8726.194861711927 1018.7124118777018 7173.30801902044
8729.775266887911 1106.6514853169913 7053.119841987865
8733.355672063892 1030.617243966079 7035.273697099499
8736.936077239876 968.2361040333823 7193.295707341899
8740.516482415856 836.2338450177285 6906.273142826192
8744.09688759184 906.6200076025968 7092.4477314106425
8747.677292767821 769.7138099403782 7059.148347973363
8751.257697943805 914.1009127294064 6741.356072803821
8754.838103119786 704.0871911792179 6901.632461686875
8758.41850829577 803.3125928488381 7152.926195416657
8761.998913471753 1111.6796949004722 7064.660626999814
8765.579318647735 865.6161070238637 7141.331384556156
8769.159723823717 1130.7883203741558 6918.055488706944
8772.7401289997 991.4227439429955 6898.110026689674
8776.320534175682 843.4778585152285 7033.830178999394
8779.900939351664 831.9562280005144 7011.199391890475
8783.481344527647 931.2408737357194 6987.183341795286
8787.06174970363 728.3616962011212 6889.263238197804
8790.642154879612 771.570199601152 7233.132665142055
8794.222560055594 997.5567752081315 7227.517254554847
8797.802965231576 973.8490046065862 7161.851031322898
8801.383370407559 867.7966241512643 7158.0300508539285
8804.963775583541 823.9737742019433 7028.39547080614
8808.544180759523 899.2341818275223 7238.311964198357
8812.124585935506 969.440450655245 7209.929243621392
8815.704991111488 913.8451389065158 6961.27419025503
8819.28539628747 940.1518629664832 6900.113477663796
8822.865801463453 981.0220417445254 7051.81652380022
8826.446206639437 833.8800683021714 7202.024186512391
8830.026611815418 755.2125995638158 7224.344611688629
8833.607016991402 1193.3582309454496 6880.390554282227
8837.187422167382 813.5104803866069 7187.906137619688
8840.767827343367 875.3590018188477 7317.100422955072
8844.348232519347 846.253395197265 7228.314521992664
8847.928637695331 717.7154452439527 7270.408677628737
8851.509042871312 1028.8119652817215 7037.367613994507
8855.089448047296 904.0015284090117 7099.431257697941
8858.669853223277 779.785223521131 7131.923927528564
8862.250258399261 795.0355186159655 6999.298106183371
8865.830663575241 727.4729814848682 7043.031993977285
8869.411068751226 794.566131225307 7280.859268163273
8872.991473927206 861.5631552843438 7196.802155888162
8876.57187910319 740.2986103706979 7005.54448815607
8880.152284279173 759.0611873606864 6960.2393499033915
8883.732689455155 925.60175552482 6861.322871965569
8887.313094631138 855.2978985237048 7120.774229346441
8890.89349980712 707.0242107813825 7256.065770784113
8894.473904983102 717.3221752739054 7137.168463091801
8898.054310159085 794.3886130385242 7223.749194874295
8901.634715335067 660.3221808402592 6845.234876475646
8905.21512051105 844.3485074595853 7059.095043627646
