0	82.77439147778223	5.733763610787015
1	82.77533651251451	5.730361599092837
2	82.77627950003132	5.726962878501679
3	82.77722044212041	5.723567447252558
4	82.77815934056954	5.720175303584487
5	82.77909619716651	5.716786445736483
6	82.78003101369906	5.71340087194756
7	82.78096379195496	5.710018580456735
8	82.78189453372201	5.706639569503021
9	82.78282324078793	5.703263837325434
10	82.78374991494054	5.699891382162989
11	82.78467455796759	5.696522202254702
12	82.78559717165683	5.693156295839586
13	82.78651775779606	5.689793661156659
14	82.78743631817302	5.686434296444934
15	82.78835285457552	5.683078199943426
16	82.78926736879129	5.679725369891152
17	82.79017986260811	5.676375804527126
18	82.79109033781377	5.673029502090364
19	82.791998796196	5.669686460819879
20	82.7929052395426	5.666346678954688
21	82.79380966964135	5.663010154733806
22	82.79471208828	5.659676886396247
23	82.7956124972463	5.656346872181029
24	82.79651089832804	5.653020110327164
25	82.797407293313	5.649696599073668
26	82.79830168398894	5.646376336659557
27	82.79919407214362	5.643059321323845
28	82.80008445956483	5.639745551305548
29	82.80097284804032	5.636435024843681
30	82.80185923935787	5.633127740177259
31	82.80274363530523	5.629823695545298
32	82.80362603767021	5.626522889186811
33	82.80450644824055	5.623225319340816
34	82.80538486880401	5.619930984246325
35	82.8062613011484	5.616639882142356
36	82.80713574706144	5.6133520112679225
37	82.80800820833093	5.61006736986204
38	82.80887868674463	5.606785956163724
39	82.80974718409031	5.60350776841199
40	82.81061370215576	5.6002328048458505
41	82.81147824272871	5.596961063704325
42	82.81234080759697	5.593692543226425
43	82.81320139854827	5.590427241651167
44	82.81406001737042	5.587165157217566
45	82.81491666585116	5.583906288164638
46	82.81577134577824	5.580650632731397
47	82.8166240589395	5.577398189156858
48	82.81747480712265	5.574148955680037
49	82.81832359211548	5.57090293053995
50	82.81917041570574	5.567660111975609
51	82.82001527968123	5.564420498226034
52	82.8208581858297	5.5611840875302345
53	82.82169913593893	5.5579508781272295
54	82.82253813179669	5.554720868256034
55	82.82337517519072	5.5514940561556605
56	82.82421026790882	5.548270440065127
57	82.82504341173876	5.5450500182234475
58	82.8258746084683	5.541832788869637
59	82.82670385988521	5.538618750242711
60	82.82753116777727	5.535407900581684
61	82.82835653393222	5.532200238125571
62	82.82917996013786	5.528995761113389
63	82.83000144818195	5.525794467784152
64	82.83082099985226	5.522596356376875
65	82.83163861693654	5.519401425130573
66	82.83245430122261	5.51620967228426
67	82.83326805449818	5.513021096076955
68	82.83407987855105	5.509835694747669
69	82.83488977516899	5.50665346653542
70	82.83569774613976	5.503474409679221
71	82.83650379325115	5.500298522418087
72	82.83730791829089	5.497125802991037
73	82.83811012304679	5.4939562496370815
74	82.8389104093066	5.490789860595238
75	82.83970877885808	5.4876266341045215
76	82.84050523348904	5.4844665684039455
77	82.84129977498719	5.481309661732529
78	82.84209240514033	5.4781559123292825
79	82.84288312573626	5.475005318433223
80	82.8436719385627	5.471857878283368
81	82.84445884540744	5.468713590118729
82	82.84524384805825	5.465572452178323
83	82.84602694830289	5.462434462701165
84	82.84680814792915	5.45929961992627
85	82.84758744872477	5.4561679220926536
86	82.84836485247756	5.45303936743933
87	82.84914036097524	5.449913954205315
88	82.84991397600562	5.446791680629624
89	82.85068569935646	5.443672544951271
90	82.8514555328155	5.440556545409272
91	82.85222347817056	5.437443680242643
92	82.85298953720937	5.434333947690398
93	82.85375371171972	5.431227345991551
94	82.85451600348935	5.428123873385119
95	82.85527641430606	5.425023528110118
96	82.85603494595763	5.42192630840556
97	82.85679160023179	5.4188322125104635
98	82.85754637891634	5.415741238663841
99	82.85829928379903	5.412653385104709
100	82.85905031666763	5.4095686500720825
101	82.85979947930994	5.406487031804976
102	82.8605467735137	5.403408528542405
103	82.86129220106669	5.400333138523386
104	82.86203576375667	5.3972608599869325
105	82.8627774633714	5.394191691172061
106	82.86351730169869	5.391125630317784
107	82.86425528052628	5.388062675663119
108	82.86499140164194	5.385002825447081
109	82.86572566683344	5.381946077908685
110	82.86645807788857	5.378892431286945
111	82.86718863659506	5.375841883820877
112	82.8679173447407	5.372794433749497
113	82.86864420411328	5.369750079311819
114	82.86936921650053	5.366708818746858
115	82.87009238369026	5.36367065029363
116	82.8708137074702	5.36063557219115
117	82.87153318962815	5.357603582678432
118	82.87225083195187	5.354574679994493
119	82.87296663622912	5.351548862378346
120	82.8736806042477	5.3485261280690075
121	82.87439273779533	5.345506475305494
122	82.8751030386598	5.342489902326818
123	82.87581150862891	5.339476407371996
124	82.8765181494904	5.336465988680043
125	82.87722296303204	5.333458644489974
126	82.8779259510416	5.330454373040804
127	82.87862711530686	5.327453172571548
128	82.87932645761559	5.324455041321222
129	82.88002397975553	5.321459977528841
130	82.8807196835145	5.318467979433419
131	82.88141357068021	5.315479045273973
132	82.88210564304049	5.312493173289516
133	82.88279590238307	5.309510361719066
134	82.8834843504957	5.306530608801634
135	82.88417098916622	5.3035539127762386
136	82.88485582018234	5.300580271881895
137	82.88553884533187	5.2976096843576155
138	82.88622006640253	5.294642148442418
139	82.88689948518211	5.291677662375316
140	82.88757710345841	5.288716224395326
141	82.88825292301917	5.285757832741463
142	82.88892694565216	5.28280248565274
143	82.88959917314516	5.2798501813681735
144	82.89026960728592	5.276900918126781
145	82.89093824986224	5.273954694167574
146	82.89160510266187	5.27101150772957
147	82.89227016747259	5.268071357051782
148	82.89293344608214	5.265134240373227
149	82.89359494027832	5.262200155932921
150	82.8942546518489	5.259269101969876
151	82.89491258258163	5.25634107672311
152	82.8955687342643	5.253416078431636
153	82.89622310868465	5.250494105334471
154	82.89687570763049	5.247575155670629
155	82.89752653288956	5.244659227679126
156	82.89817558624962	5.241746319598976
157	82.89882286949849	5.2388364296691945
158	82.89946838442387	5.235929556128798
159	82.9001121328136	5.2330256972168
160	82.90075411645539	5.230124851172216
161	82.90139433713703	5.227227016234061
162	82.90203279664632	5.224332190641352
163	82.902669496771	5.221440372633102
164	82.90330443929884	5.2185515604483275
165	82.9039376260176	5.215665752326041
166	82.90456905871505	5.212782946505261
167	82.90519873917901	5.209903141225001
168	82.90582666919718	5.207026334724277
169	82.90645285055739	5.204152525242103
170	82.90707728504735	5.2012817110174945
171	82.90769997445486	5.1984138902894665
172	82.9083209205677	5.195549061297036
173	82.90894012517363	5.192687222279216
174	82.90955759006042	5.189828371475022
175	82.91017331701582	5.186972507123469
176	82.91078730782765	5.1841196274635735
177	82.91139956428361	5.18126973073435
178	82.91201008817151	5.1784228151748115
179	82.91261888127913	5.175578879023976
180	82.91322594539422	5.172737920520859
181	82.91383128230454	5.169899937904473
182	82.91443489379789	5.167064929413835
183	82.91503678166201	5.164232893287959
184	82.91563694768469	5.161403827765861
185	82.91623539365368	5.158577731086557
186	82.91683212135678	5.155754601489059
187	82.91742713258172	5.152934437212386
188	82.9180204291163	5.150117236495551
189	82.91861201274828	5.147302997577569
190	82.91920188526542	5.144491718697456
191	82.91979004845552	5.1416833980942265
192	82.92037650410631	5.138878034006897
193	82.92096125400558	5.13607562467448
194	82.9215442999411	5.133276168335993
195	82.92212564370062	5.130479663230451
196	82.92270528707195	5.127686107596867
197	82.92328323184282	5.12489549967426
198	82.92385947980102	5.122107837701641
199	82.92443403273431	5.119323119918027
200	82.92500689243045	5.116541344562434
201	82.92557806067724	5.113762509873876
202	82.92614753926243	5.1109866140913685
203	82.92671532997379	5.108213655453927
204	82.9272814345991	5.105443632200565
205	82.92784585492609	5.1026765425703
206	82.92840859274258	5.0999123848021455
207	82.92896964983632	5.097151157135117
208	82.92952902799509	5.09439285780823
209	82.93008672900663	5.091637485060499
210	82.93064275465872	5.088885037130941
211	82.93119710673916	5.0861355122585685
212	82.93174978703568	5.083388908682398
213	82.93230079733608	5.0806452246414455
214	82.93285013942811	5.077904458374724
215	82.93339781509954	5.0751666081212505
216	82.93394382613815	5.0724316721200395
217	82.93448817433169	5.069699648610106
218	82.93503086146796	5.066970535830466
219	82.93557188933471	5.064244332020133
220	82.93611125971971	5.061521035418123
221	82.93664897441073	5.058800644263451
222	82.93718503519553	5.056083156795133
223	82.93771944386191	5.053368571252184
224	82.9382522021976	5.050656885873618
225	82.93878331199042	5.04794809889845
226	82.93931277502807	5.045242208565698
227	82.93984059309838	5.042539213114374
228	82.9403667679891	5.039839110783495
229	82.94089130148798	5.037141899812074
230	82.94141419538283	5.034447578439128
231	82.94193545146138	5.031756144903673
232	82.94245507151142	5.029067597444721
233	82.94297305732071	5.02638193430129
234	82.94348941067703	5.0236991537123945
235	82.94400413336815	5.021019253917048
236	82.94451722718182	5.018342233154269
237	82.94502869390583	5.015668089663069
238	82.94553853532794	5.012996821682465
239	82.94604675323592	5.010328427451472
240	82.94655334941754	5.007662905209105
241	82.94705832566058	5.00500025319438
242	82.9475616837528	5.00234046964631
243	82.94806342548195	4.999683552803912
244	82.94856355263583	4.997029500906201
245	82.9490620670022	4.994378312192191
246	82.94955897036883	4.991729984900899
247	82.95005426452349	4.989084517271338
248	82.95054795125392	4.986441907542524
249	82.95104003234795	4.983802153953474
250	82.9515305095933	4.9811652547432
251	82.95201938477776	4.97853120815072
252	82.95250665968909	4.975900012415047
253	82.95299233611506	4.973271665775196
254	82.95347641584344	4.970646166470185
255	82.95395890066202	4.968023512739026
256	82.95443979235854	4.965403702820736
257	82.95491909272079	4.962786734954329
258	82.95539680353652	4.960172607378821
259	82.95587292659351	4.957561318333227
260	82.95634746367955	4.954952866056561
261	82.95682041658236	4.95234724878784
262	82.95729178708977	4.949744464766079
263	82.9577615769895	4.947144512230292
264	82.95822978806935	4.944547389419494
265	82.95869642211706	4.941953094572701
266	82.95916148092041	4.939361625928927
267	82.9596249662672	4.93677298172719
268	82.96008687994517	4.934187160206501
269	82.9605472237421	4.931604159605879
270	82.96100599944573	4.929023978164336
271	82.96146320884387	4.92644661412089
272	82.96191885372427	4.923872065714554
273	82.9623729358747	4.921300331184344
274	82.96282545708294	4.9187314087692755
275	82.96327641913675	4.916165296708362
276	82.96372582382389	4.913601993240621
277	82.96417367293216	4.911041496605066
278	82.9646199682493	4.908483805040714
279	82.9650647115631	4.905928916786578
280	82.9655079046613	4.9033768300816725
281	82.96594954933168	4.900827543165015
282	82.96638964736205	4.89828105427562
283	82.96682820054014	4.895737361652502
284	82.96726521065372	4.893196463534677
285	82.96770067949055	4.89065835816116
286	82.96813460883844	4.888123043770965
287	82.96856700048512	4.885590518603109
288	82.96899785621838	4.883060780896605
289	82.96942717782599	4.880533828890469
290	82.9698549670957	4.878009660823717
291	82.97028122581531	4.875488274935364
292	82.97070595577256	4.872969669464425
293	82.97112915875522	4.870453842649914
294	82.97155083655109	4.867940792730846
295	82.97197099094791	4.865430517946239
296	82.97238962373348	4.862923016535105
297	82.97280673669553	4.860418286736462
298	82.97322233162184	4.857916326789322
299	82.97363641030022	4.855417134932702
300	82.97404897451838	4.852920709405619
301	82.97446002606414	4.8504270484470835
302	82.97486956672523	4.847936150296114
303	82.97527759828942	4.845448013191725
304	82.97568412254454	4.842962635372931
305	82.97608914127828	4.840480015078748
306	82.97649265627847	4.838000150548191
307	82.97689466933282	4.835523040020274
308	82.97729518222917	4.833048681734015
309	82.97769419675522	4.830577073928425
310	82.97809171469879	4.828108214842524
311	82.97848773784764	4.825642102715322
312	82.97888226798952	4.823178735785837
313	82.97927530691221	4.8207181122930844
314	82.97966685640348	4.818260230476079
315	82.9800569182511	4.8158050885738355
316	82.98044549424284	4.813352684825369
317	82.98083258616647	4.810903017469695
318	82.98121819580976	4.808456084745829
319	82.98160232496048	4.806011884892785
320	82.98198497540638	4.8035704161495785
321	82.98236614893527	4.801131676755226
322	82.98274584733487	4.798695664948741
323	82.983124072393	4.79626237896914
324	82.98350082589738	4.793831817055437
325	82.98387610963582	4.791403977446647
326	82.98424992539607	4.788978858381787
327	82.9846222749659	4.78655645809987
328	82.9849931601331	4.784136774839912
329	82.9853625826854	4.781719806840928
330	82.9857305444106	4.779305552341934
331	82.98609704709645	4.7768940095819445
332	82.98646209253074	4.774485176799974
333	82.98682568250123	4.772079052235039
334	82.98718781879569	4.769675634126153
335	82.9875485032019	4.767274920712332
336	82.9879077375076	4.7648769102325925
337	82.98826552350057	4.7624816009259465
338	82.9886218629686	4.760088991031413
339	82.98897675769945	4.757699078788003
340	82.98933020948088	4.755311862434735
341	82.98968222010066	4.752927340210624
342	82.99003279134656	4.750545510354682
343	82.99038192500639	4.748166371105928
344	82.99072962286785	4.745789920703374
345	82.99107588671876	4.743416157386037
346	82.99142071834686	4.741045079392933
347	82.99176411953992	4.738676684963074
348	82.99210609208575	4.736310972335477
349	82.99244663777208	4.733947939749158
350	82.99278575838669	4.731587585443131
351	82.99312345571734	4.7292299076564115
352	82.99345973155182	4.726874904628015
353	82.99379458767788	4.724522574596954
354	82.9941280258833	4.722172915802249
355	82.99446004795585	4.71982592648291
356	82.9947906556833	4.717481604877955
357	82.99511985085343	4.715139949226398
358	82.99544763525397	4.712800957767254
359	82.99577401067272	4.7104646287395395
360	82.99609897889745	4.708130960382268
361	82.99642254171592	4.7057999509344555
362	82.99674470091591	4.703471598635117
363	82.99706545828518	4.701145901723268
364	82.9973848156115	4.698822858437924
365	82.99770277468265	4.696502467018098
366	82.99801933728638	4.694184725702807
367	82.9983345052105	4.691869632731066
368	82.9986482802427	4.68955718634189
369	82.99896066417084	4.687247384774295
370	82.99927165878263	4.684940226267294
371	82.99958126586587	4.682635709059904
372	82.99988948720832	4.680333831391139
373	83.00019632459774	4.6780345915000145
374	83.0005017798219	4.675737987625547
375	83.00080585466858	4.673444018006749
376	83.00110855092555	4.671152680882638
377	83.00140987038058	4.668863974492228
378	83.00170981482142	4.666577897074534
379	83.00200838603588	4.664294446868572
380	83.00230558581168	4.662013622113356
381	83.00260141593662	4.659735421047903
382	83.00289587819847	4.657459841911227
383	83.00318897438498	4.655186882942342
384	83.00348070628394	4.6529165423802645
385	83.0037710756831	4.650648818464011
386	83.00406008437025	4.6483837094325935
387	83.00434773413316	4.64612121352503
388	83.00463402675956	4.643861328980332
389	83.00491896403729	4.6416040540375185
390	83.00520254775404	4.639349386935604
391	83.00548477969762	4.637097325913602
392	83.00576566165581	4.634847869210528
393	83.00604519541638	4.632601015065398
394	83.00632338276706	4.630356761717227
395	83.00660022549566	4.62811510740503
396	83.00687572538995	4.625876050367822
397	83.00714988423765	4.623639588844618
398	83.00742270382658	4.621405721074433
399	83.00769418594449	4.619174445296283
400	83.00796433237915	4.616945759749182
401	83.00823314491835	4.6147196626721465
402	83.00850062534982	4.612496152304191
403	83.00876677546135	4.610275226884331
404	83.00903159704073	4.60805688465158
405	83.0092950918757	4.6058411238449555
406	83.00955726175404	4.60362794270347
407	83.00981810846352	4.601417339466141
408	83.0100776337919	4.5992093123719835
409	83.01033583952697	4.597003859660011
410	83.01059272745647	4.59480097956924
411	83.0108482993682	4.592600670338685
412	83.01110255704991	4.590402930207362
413	83.01135550228938	4.588207757414286
414	83.01160713687437	4.58601515019847
415	83.01185746259266	4.583825106798933
416	83.01210648123202	4.581637625454686
417	83.0123541945802	4.579452704404747
418	83.01260060442499	4.577270341888131
419	83.01284571255415	4.575090536143851
420	83.01308952075544	4.572913285410926
421	83.01333203081667	4.570738587928366
422	83.01357324452555	4.5685664419351895
423	83.01381316366991	4.566396845670413
424	83.01405179003746	4.564229797373048
425	83.014289125416	4.56206529528211
426	83.01452517159332	4.559903337636618
427	83.01475993035716	4.557743922675583
428	83.0149934034953	4.555587048638023
429	83.01522559279549	4.553432713762952
430	83.01545650004552	4.551280916289384
431	83.01568612703316	4.549131654456335
432	83.01591447554618	4.546984926502821
433	83.01614154737236	4.5448407306678575
434	83.01636734429943	4.542699065190457
435	83.01659186811517	4.540559928309637
436	83.01681512060739	4.538423318264413
437	83.01703710356382	4.536289233293798
438	83.01725781877225	4.534157671636809
439	83.01747726802043	4.532028631532459
440	83.01769545309615	4.529902111219765
441	83.01791237578716	4.527778108937742
442	83.01812803788124	4.525656622925405
443	83.01834244116618	4.523537651421768
444	83.0185555874297	4.521421192665849
445	83.01876747845962	4.51930724489666
446	83.01897811604368	4.517195806353218
447	83.01918750196964	4.515086875274537
448	83.01939563802532	4.512980449899633
449	83.01960252599842	4.510876528467521
450	83.01980816767677	4.508775109217216
451	83.0200125648481	4.506676190387733
452	83.0202157193002	4.504579770218087
453	83.02041763282084	4.502485846947294
454	83.02061830719776	4.500394418814368
455	83.02081774421879	4.498305484058325
456	83.02101594567164	4.496219040918181
457	83.02121291334409	4.494135087632949
458	83.02140864902394	4.492053622441645
459	83.02160315449892	4.489974643583285
460	83.02179643155684	4.487898149296883
461	83.02198848198543	4.485824137821456
462	83.0221793075725	4.483752607396015
463	83.02236891010578	4.48168355625958
464	83.02255729137306	4.479616982651164
465	83.02274445316212	4.477552884809782
466	83.0229303972607	4.475491260974449
467	83.0231151254566	4.473432109384181
468	83.02329863953756	4.471375428277993
469	83.02348094129137	4.469321215894899
470	83.0236620325058	4.467269470473915
471	83.0238419149686	4.4652201902540565
472	83.02402059046757	4.463173373474339
473	83.02419806079044	4.461129018373775
474	83.02437432772501	4.459087123191384
475	83.02454939305906	4.4570476861661765
476	83.02472325858032	4.455010705537171
477	83.0248959260766	4.452976179543381
478	83.02506739733563	4.450944106423822
479	83.0252376741452	4.448914484417511
480	83.02540675829309	4.44688731176346
481	83.02557465156704	4.444862586700685
482	83.02574135575486	4.442840307468202
483	83.02590687264428	4.440820472305027
484	83.02607120402311	4.438803079450173
485	83.02623435167907	4.436788127142657
486	83.02639631739996	4.434775613621492
487	83.02655710297356	4.432765537125697
488	83.0267167101876	4.430757895894282
489	83.02687514082989	4.428752688166266
490	83.02703239668817	4.4267499121806635
491	83.02718847955023	4.424749566176487
492	83.02734339120384	4.422751648392756
493	83.02749713343674	4.420756157068483
494	83.02764970803675	4.418763090442682
495	83.0278011167916	4.416772446754371
496	83.02795136148904	4.414784224242563
497	83.02810044391691	4.412798421146276
498	83.02824836586291	4.410815035704521
499	83.02839512911486	4.408834066156315
500	83.0285407354605	4.406855510740675
501	83.0286851866876	4.404879367696613
502	83.02882848458394	4.402905635263146
503	83.02897063093728	4.40093431167929
504	83.0291116275354	4.3989653951840575
505	83.02925147616607	4.396998884016466
506	83.02939017861705	4.39503477641553
507	83.02952773667612	4.393073070620263
508	83.02966415213102	4.391113764869683
509	83.02979942676957	4.389156857402804
510	83.0299335623795	4.38720234645864
511	83.0300665607486	4.385250230276207
512	83.03019842366461	4.38330050709452
513	83.03032915291533	4.381353175152595
514	83.03045875028853	4.379408232689446
515	83.03058721757195	4.377465677944089
516	83.0307145565534	4.375525509155539
517	83.03084076902061	4.37358772456281
518	83.03096585676137	4.37165232240492
519	83.03108982156346	4.36971930092088
520	83.03121266521462	4.367788658349708
521	83.03133438950266	4.3658603929304185
522	83.0314549962153	4.363934502902026
523	83.03157448714033	4.362010986503549
524	83.03169286406556	4.360089841973997
525	83.03181012877869	4.358171067552389
526	83.03192628306755	4.35625466147774
527	83.03204132871986	4.3543406219890635
528	83.03215526752342	4.352428947325375
529	83.03226810126598	4.350519635725691
530	83.03237983173534	4.348612685429026
531	83.03249046071925	4.346708094674395
532	83.03259999000547	4.344805861700813
533	83.03270842138178	4.342905984747295
534	83.03281575663594	4.341008462052856
535	83.03292199755573	4.339113291856512
536	83.03302714592894	4.337220472397278
537	83.03313120354329	4.335330001914169
538	83.0332341721866	4.3334418786462
539	83.0333360536466	4.331556100832385
540	83.03343684971107	4.3296726667117404
541	83.0335365621678	4.327791574523284
542	83.03363519280454	4.325912822506025
543	83.03373274340906	4.324036408898983
544	83.03382921576913	4.322162331941172
545	83.03392461167253	4.320290589871607
546	83.03401893290702	4.3184211809293025
547	83.03411218126037	4.316554103353274
548	83.03420435852036	4.314689355382539
549	83.03429546647473	4.312826935256109
550	83.03438550691129	4.310966841213001
551	83.03447448161778	4.309109071492231
552	83.03456239238197	4.307253624332812
553	83.03464924099166	4.305400497973761
554	83.03473502923458	4.3035496906540915
555	83.03481975889854	4.30170120061282
556	83.03490343177126	4.299855026088961
557	83.03498604964054	4.29801116532153
558	83.03506761429415	4.296169616549541
559	83.03514812751985	4.2943303780120115
560	83.03522759110542	4.292493447947955
561	83.03530600683862	4.290658824596386
562	83.03538337650723	4.288826506196321
563	83.03545970189901	4.286996490986775
564	83.03553498480173	4.285168777206763
565	83.03560922700316	4.283343363095299
566	83.03568243029108	4.281520246891399
567	83.03575459645323	4.27969942683408
568	83.03582572727743	4.277880901162354
569	83.03589582455139	4.2760646681152386
570	83.03596489006293	4.274250725931747
571	83.03603292559978	4.272439072850895
572	83.03609993294975	4.2706297071117
573	83.03616591390056	4.268822626953173
574	83.03623087024002	4.267017830614333
575	83.0362948037559	4.265215316334192
576	83.03635771623593	4.263415082351767
577	83.03641960946793	4.261617126906074
578	83.03648048523962	4.259821448236126
579	83.03654034533879	4.258028044580939
580	83.03659919155325	4.256236914179528
581	83.0366570256707	4.254448055270908
582	83.03671384947896	4.252661466094096
583	83.03676966476577	4.250877144888104
584	83.03682447331892	4.249095089891949
585	83.03687827692616	4.247315299344647
586	83.03693107737527	4.245537771485211
587	83.03698287645403	4.243762504552659
588	83.0370336759502	4.241989496786003
589	83.03708347765154	4.240218746424258
590	83.03713228334583	4.2384502517064435
591	83.03718009482083	4.236684010871571
592	83.03722691386433	4.234920022158656
593	83.03727274226408	4.233158283806714
594	83.03731758180786	4.23139879405476
595	83.03736143428343	4.22964155114181
596	83.03740430147855	4.227886553306878
597	83.03744618518103	4.2261337987889815
598	83.03748708717859	4.224383285827132
599	83.03752700925904	4.222635012660347
600	83.03756595321012	4.2208889775276415
601	83.03760392081962	4.21914517866803
602	83.03764091387531	4.217403614320529
603	83.03767693416492	4.21566428272415
604	83.03771198347629	4.213927182117913
605	83.03774606359711	4.21219231074083
606	83.03777917631521	4.210459666831918
607	83.03781132341834	4.208729248630189
608	83.03784250669426	4.207001054374663
609	83.03787272793076	4.20527508230435
610	83.03790198891558	4.203551330658271
611	83.03793029143651	4.201829797675434
612	83.03795763728132	4.2001104815948604
613	83.03798402823777	4.198393380655562
614	83.03800946609365	4.196678493096554
615	83.0380339526367	4.194965817156854
616	83.0380574896547	4.193255351075475
617	83.03808007893544	4.191547093091431
618	83.03810172226665	4.189841041443742
619	83.03812242143613	4.188137194371418
620	83.03814217823164	4.186435550113476
621	83.03816099444096	4.184736106908932
622	83.03817887185184	4.183038862996799
623	83.03819581225206	4.181343816616096
624	83.0382118174294	4.179650966005833
625	83.03822688917161	4.177960309405029
626	83.03824102926647	4.176271845052699
627	83.03825423950174	4.174585571187856
628	83.0382665216652	4.172901486049517
629	83.03827787754463	4.1712195878766956
630	83.03828830892776	4.169539874908407
631	83.03829781760241	4.16786234538367
632	83.03830640535631	4.166186997541494
633	83.03831407397723	4.1645138296208986
634	83.03832082525298	4.162842839860897
635	83.0383266609713	4.161174026500504
636	83.03833158291995	4.159507387778737
637	83.03833559288672	4.157842921934607
638	83.03833869265938	4.156180627207135
639	83.03834088402567	4.15452050183533
640	83.03834216877338	4.152862544058212
641	83.0383425486903	4.151206752114794
642	83.03834202556416	4.149553124244091
643	83.03834060118277	4.147901658685118
644	83.03833827733385	4.146252353676891
645	83.0383350558052	4.144605207458425
646	83.03833093838462	4.142960218268735
647	83.03832592685981	4.141317384346836
648	83.0383200230186	4.139676703931743
649	83.03831322864872	4.138038175262472
650	83.03830554553795	4.136401796578037
651	83.03829697547408	4.134767566117454
652	83.03828752024486	4.133135482119737
653	83.03827718163807	4.131505542823903
654	83.03826596144145	4.129877746468966
655	83.0382538614428	4.12825209129394
656	83.03824088342989	4.126628575537843
657	83.03822702919048	4.125007197439688
658	83.03821230051234	4.12338795523849
659	83.03819669918323	4.121770847173266
660	83.03818022699095	4.12015587148303
661	83.03816288572322	4.118543026406797
662	83.03814467716785	4.116932310183581
663	83.0381256031126	4.1153237210524
664	83.03810566534523	4.113717257252267
665	83.03808486565353	4.112112917022198
666	83.03806320582524	4.110510698601207
667	83.03804068764815	4.108910600228311
668	83.03801731291003	4.107312620142524
669	83.03799308339865	4.105716756582861
670	83.03796800090176	4.104123007788338
671	83.03794206720714	4.102531371997969
672	83.03791528410257	4.100941847450771
673	83.03788765337582	4.0993544323857565
674	83.03785917681464	4.0977691250419435
675	83.03782985620681	4.096185923658345
676	83.0377996933401	4.094604826473976
677	83.03776869000228	4.093025831727854
678	83.03773684798114	4.091448937658991
679	83.0377041690644	4.089874142506405
680	83.03767065503988	4.08830144450911
681	83.03763630769531	4.08673084190612
682	83.0376011288185	4.085162332936453
683	83.03756512019716	4.083595915839121
684	83.03752828361911	4.08203158885314
685	83.03749062087212	4.080469350217528
686	83.03745213374393	4.078909198171296
687	83.03741282402234	4.077351130953462
688	83.03737269349509	4.075795146803039
689	83.03733174394995	4.074241243959044
690	83.03728997717474	4.072689420660492
691	83.03724739495715	4.071139675146396
692	83.03720399908502	4.069592005655775
693	83.03715979134608	4.06804641042764
694	83.0371147735281	4.0665028877010085
695	83.03706894741889	4.0649614357148955
696	83.03702231480617	4.063422052708315
697	83.03697487747773	4.061884736920284
698	83.03692663722133	4.060349486589816
699	83.03687759582475	4.058816299955927
700	83.03682775507578	4.057285175257632
701	83.03677711676214	4.055756110733945
702	83.03672568267164	4.054229104623884
703	83.03667345459202	4.052704155166461
704	83.03662043431109	4.051181260600693
705	83.03656662361657	4.049660419165595
706	83.03651202429626	4.048141629100181
707	83.03645663813793	4.046624888643468
708	83.03640046692934	4.045110196034469
709	83.03634351245826	4.0435975495122
710	83.03628577651246	4.042086947315678
711	83.0362272608797	4.040578387683915
712	83.03616796734778	4.039071868855928
713	83.03610789770444	4.037567389070732
714	83.03604705373748	4.036064946567342
715	83.03598543723461	4.034564539584775
716	83.03592304998365	4.033066166362041
717	83.03585989377238	4.03156982513816
718	83.03579597038853	4.030075514152146
719	83.03573128161989	4.028583231643013
720	83.03566582925423	4.0270929758497775
721	83.0355996150793	4.025604745011453
722	83.0355326408829	4.024118537367055
723	83.03546490845278	4.0226343511556015
724	83.03539641957671	4.0211521846161045
725	83.03532717604247	4.019672035987579
726	83.03525717963782	4.018193903509044
727	83.03518643215052	4.016717785419509
728	83.03511493536837	4.015243679957994
729	83.03504269107911	4.013771585363511
730	83.03496970107052	4.012301499875076
731	83.03489596713038	4.010833421731706
732	83.03482149104644	4.009367349172414
733	83.03474627460648	4.007903280436215
734	83.03467031959828	4.006441213762126
735	83.03459362780957	4.00498114738916
736	83.03451620102818	4.003523079556334
737	83.03443804104182	4.002067008502662
738	83.03435914963829	4.000612932467161
739	83.03427952860538	3.9991608496888427
740	83.0341991797308	3.997710758406725
741	83.03411810480239	3.9962626568598223
742	83.03403630560786	3.9948165432871496
743	83.03395378393499	3.9933724159277224
744	83.03387054157159	3.9919302730205555
745	83.03378658030539	3.9904901128046633
746	83.03370190192419	3.989051933519063
747	83.03361650821572	3.9876157334027678
748	83.03353040096778	3.9861815106947933
749	83.03344358196811	3.984749263634156
750	83.03335605300451	3.9833189904598694
751	83.03326781586476	3.9818906894109496
752	83.03317887233658	3.980464358726411
753	83.03308922420779	3.9790399966452683
754	83.03299887326612	3.9776176014065387
755	83.03290782129936	3.9761971712492357
756	83.03281607009528	3.9747787044123752
757	83.03272362144165	3.9733621991349715
758	83.03263047712623	3.9719476536560405
759	83.03253663893679	3.970535066214598
760	83.0324421086611	3.9691244350496566
761	83.03234688808695	3.9677157584002347
762	83.03225097900207	3.9663090345053447
763	83.03215438319428	3.964904261604003
764	83.0320571024513	3.963501437935226
765	83.03195913856092	3.962100561738026
766	83.03186049331093	3.9607016312514194
767	83.03176116848907	3.9593046447144227
768	83.03166116588312	3.957909600366049
769	83.03156048728084	3.9565164964453157
770	83.03145913447003	3.9551253311912355
771	83.03135710923841	3.953736102842825
772	83.03125441337379	3.9523488096390995
773	83.03115104866393	3.950963449819073
774	83.03104701689658	3.9495800216217622
775	83.03094231985955	3.9481985232861803
776	83.03083695934058	3.9468189530513436
777	83.03073093712742	3.945441309156268
778	83.0306242550079	3.9440655898399672
779	83.03051691476972	3.9426917933414574
780	83.0304089182007	3.9413199178997527
781	83.03030026708859	3.939949961753869
782	83.03019096322116	3.9385819231428223
783	83.03008100838619	3.9372158003056255
784	83.02997040437143	3.935851591481296
785	83.02985915296466	3.9344892949088472
786	83.02974725595365	3.933128908827295
787	83.02963471512616	3.931770431475655
788	83.02952153227	3.9304138610929416
789	83.02940770917287	3.9290591959181698
790	83.0292932476226	3.9277064341903563
791	83.02917814940693	3.9263555741485137
792	83.02906241631365	3.9250066140316604
793	83.02894605013049	3.9236595520788082
794	83.02882905264525	3.9223143865289742
795	83.02871142564571	3.9209711156211737
796	83.02859317091962	3.9196297375944202
797	83.02847429025475	3.9182902506877317
798	83.02835478543886	3.91695265314012
799	83.02823465825975	3.915616943190602
800	83.02811391050517	3.9142831190781933
801	83.02799254396288	3.912951179041907
802	83.02787056042068	3.9116211213207617
803	83.02774796166631	3.9102929441537695
804	83.02762474948753	3.908966645779946
805	83.02750092567216	3.907642224438308
806	83.02737649200792	3.9063196783678684
807	83.0272514502826	3.904999005807644
808	83.02712580228398	3.90368020499665
809	83.0269995497998	3.9023632741739
810	83.02687269461785	3.9010482115784115
811	83.02674523852589	3.899735015449197
812	83.02661718331171	3.898423684025273
813	83.02648853076306	3.8971142155456557
814	83.02635928266771	3.895806608249358
815	83.02622944081344	3.8945008603753966
816	83.026099006988	3.8931969701627867
817	83.0259679829792	3.8918949358505417
818	83.02583637057475	3.8905947556776797
819	83.02570417156247	3.8892964278832123
820	83.0255713877301	3.887999950706158
821	83.02543802086541	3.88670532238553
822	83.02530407275621	3.8854125411603433
823	83.02516954519021	3.8841216052696144
824	83.02503443995523	3.8828325129523575
825	83.024898758839	3.881545262447589
826	83.02476250362932	3.880259851994321
827	83.02462567611396	3.878976279831572
828	83.02448827808064	3.8776945441983557
829	83.02435031131719	3.8764146433336863
830	83.02421177761136	3.8751365754765805
831	83.02407267875088	3.873860338866054
832	83.0239330165236	3.8725859317411193
833	83.02379279271722	3.8713133523407945
834	83.02365200911954	3.870042598904093
835	83.02351066751831	3.8687736696700297
836	83.02336876970132	3.8675065628776215
837	83.02322631745633	3.866241276765881
838	83.0230833125711	3.864977809573826
839	83.02293975683344	3.86371615954047
840	83.02279565203106	3.862456324904828
841	83.02265099995178	3.8611983039059163
842	83.02250580238334	3.859942094782749
843	83.0223600611135	3.858687695774343
844	83.02221377793008	3.857435105119711
845	83.0220669546208	3.8561843210578686
846	83.02191959297345	3.8549353418278334
847	83.02177169477578	3.8536881656686175
848	83.02162326181559	3.8524427908192376
849	83.02147429588064	3.851199215518709
850	83.02132479875868	3.849957438006046
851	83.02117477223752	3.848717456520265
852	83.02102421810487	3.847479269300379
853	83.02087313814853	3.8462428745854056
854	83.02072153415631	3.8450082706143585
855	83.0205694079159	3.843775455626253
856	83.02041676121515	3.8425444278601053
857	83.02026359584175	3.8413151855549286
858	83.02010991358355	3.840087726949739
859	83.01995571622825	3.838862050283553
860	83.01980100556365	3.837638153795383
861	83.01964578337754	3.8364160357242474
862	83.01949005145764	3.8351956943091583
863	83.01933381159176	3.833977127789132
864	83.01917706556766	3.832760334403185
865	83.0190198151731	3.83154531239033
866	83.01886206219586	3.8303320599895843
867	83.0187038084237	3.829120575439962
868	83.01854505564441	3.827910856980478
869	83.01838580564572	3.8267029028501485
870	83.01822606021543	3.825496711287987
871	83.0180658211413	3.82429228053301
872	83.0179050902111	3.823089608824233
873	83.01774386921262	3.82188869440067
874	83.0175821599336	3.8206895355013373
875	83.01741996416182	3.8194921303652474
876	83.01725728368505	3.818296477231418
877	83.01709412029105	3.817102574338865
878	83.01693047576762	3.815910419926601
879	83.01676635190249	3.814720012233643
880	83.01660175048346	3.813531349499005
881	83.01643667329827	3.8123444299617026
882	83.01627112213471	3.8111592518607513
883	83.01610509878056	3.809975813435166
884	83.01593860502356	3.8087941129239615
885	83.01577164265152	3.8076141485661528
886	83.01560421345215	3.8064359186007555
887	83.01543631921326	3.8052594212667854
888	83.01526796172264	3.8040846548032565
889	83.01509914276801	3.802911617449184
890	83.01492986413717	3.8017403074435845
891	83.01476012761788	3.800570723025471
892	83.0145899349979	3.7994028624338605
893	83.01441928806503	3.7982367239077672
894	83.01424818860701	3.797072305686206
895	83.01407663841162	3.7959096060081934
896	83.01390463926663	3.794748623112743
897	83.0137321929598	3.793589355238871
898	83.01355930127892	3.7924318006255913
899	83.01338596601173	3.79127595751192
900	83.01321218894604	3.7901218241368726
901	83.01303797186958	3.788969398739464
902	83.01286331657015	3.7878186795587085
903	83.01268822483549	3.786669664833622
904	83.01251269845336	3.78552235280322
905	83.0123367392116	3.7843767417065166
906	83.01216034889791	3.783232829782527
907	83.0119835293001	3.782090615270268
908	83.0118062822059	3.7809500964087532
909	83.0116286094031	3.779811271436998
910	83.01145051267949	3.7786741385940186
911	83.0112719938228	3.7775386961188273
912	83.01109305462084	3.7764049422504424
913	83.01091369686135	3.775272875227878
914	83.01073392233211	3.7741424932901486
915	83.0105537328209	3.7730137946762703
916	83.01037313011545	3.771886777625258
917	83.01019211600358	3.770761440376125
918	83.01001069227303	3.76963778116789
919	83.00982886071156	3.768515798239565
920	83.00964662310699	3.7673954898301676
921	83.00946398124702	3.766276854178711
922	83.00928093691948	3.76515988952421
923	83.0090974919121	3.764044594105682
924	83.00891364801268	3.762930966162141
925	83.00872940700894	3.7618190039326023
926	83.0085447706887	3.76070870565608
927	83.00835974083972	3.75960006957159
928	83.00817431924975	3.7584930939181493
929	83.00798850770659	3.7573877769347694
930	83.00780230799796	3.756284116860468
931	83.00761572191168	3.7551821119342597
932	83.0074287512355	3.754081760395159
933	83.00724139775717	3.7529830604821828
934	83.0070536632645	3.751886010434344
935	83.00686554954521	3.7507906084906586
936	83.00667705838711	3.749696852890143
937	83.00648819157797	3.7486047418718105
938	83.00629895090553	3.7475142736746774
939	83.00610933815759	3.746425446537758
940	83.00591935512188	3.7453382587000683
941	83.0057290035862	3.744252708400623
942	83.00553828533833	3.7431687938784375
943	83.005347202166	3.742086513372527
944	83.00515575585703	3.7410058651219056
945	83.00496394819915	3.739926847365589
946	83.00477178098014	3.738849458342594
947	83.00457925598776	3.7377736962919332
948	83.00438637500979	3.7366995594526227
949	83.00419313983402	3.735627046063679
950	83.00399955224817	3.7345561543641157
951	83.00380561404008	3.7334868825929486
952	83.00361132699744	3.7324192289891913
953	83.00341669290806	3.731353191791861
954	83.00322171355973	3.730288769239973
955	83.00302639074017	3.7292259595725405
956	83.0028307262372	3.72816476102858
957	83.00263472183855	3.727105171847106
958	83.002438379332	3.726047190267134
959	83.00224170050534	3.72499081452768
960	83.00204468714631	3.723936042867757
961	83.0018473410427	3.722882873526383
962	83.00164966398226	3.7218313047425697
963	83.00145165775278	3.720781334755335
964	83.00125332414204	3.7197329618036936
965	83.00105466493777	3.718686184126659
966	83.00085568192776	3.7176409999632494
967	83.00065637689978	3.716597407552477
968	83.00045675164161	3.7155554051333572
969	83.000256807941	3.714514990944908
970	83.00005654758571	3.713476163226141
971	82.99985597236356	3.7124389202160724
972	82.99965508406227	3.7114032601537197
973	82.99945388446963	3.710369181278095
974	82.9992523753734	3.7093366818282156
975	82.99905055856135	3.7083057600430944
976	82.99884843582127	3.7072764141617482
977	82.99864600894091	3.7062486424231924
978	82.99844327970804	3.705222443066441
979	82.99824024991042	3.7041978143305103
980	82.99803692133585	3.7031747544544142
981	82.99783329577208	3.7021532616771684
982	82.99762937500688	3.7011333342377886
983	82.99742516082803	3.7001149703752887
984	82.99722065502327	3.699098168328686
985	82.9970158593804	3.6980829263369928
986	82.99681077568718	3.697069242639226
987	82.99660540573137	3.696057115474401
988	82.99639975130076	3.695046543081532
989	82.9961938141831	3.6940375236996346
990	82.99598759616617	3.6930300555677245
991	82.99578109903773	3.692024136924815
992	82.99557432458555	3.6910197660099238
993	82.99536727459743	3.6900169410620633
994	82.9951599508611	3.6890156603202513
995	82.99495235516434	3.6880159220235016
996	82.99474448929493	3.687017724410829
997	82.99453635504062	3.68602106572125
998	82.9943279541892	3.685025944193778
999	82.99411928852844	3.684032358067429
1000	82.9939103598461	3.683040305581219
1001	82.99370116992993	3.6820497849741614
1002	82.99349172056775	3.681060794485273
1003	82.99328201354729	3.6800733323535675
1004	82.99307205065631	3.679087396818061
1005	82.99286183368262	3.6781029861177688
1006	82.99265136441396	3.6771200984917054
1007	82.99244064463811	3.6761387321788868
1008	82.99222967614284	3.675158885418327
1009	82.9920184607159	3.6741805564490413
1010	82.9918070001451	3.673203743510046
1011	82.99159529621816	3.6722284448403544
1012	82.9913833507229	3.6712546586789836
1013	82.99117116544704	3.670282383264948
1014	82.99095874217838	3.6693116168372626
1015	82.9907460827047	3.668342357634942
1016	82.99053318881374	3.6673746038970023
1017	82.99032006229329	3.666408353862458
1018	82.9901067049311	3.6654436057703257
1019	82.98989311851494	3.664480357859618
1020	82.98967930483262	3.6635186083693525
1021	82.98946526567185	3.6625583555385424
1022	82.98925100282045	3.661599597606204
1023	82.98903651806616	3.6606423328113524
1024	82.98882181319675	3.659686559393002
1025	82.98860689000001	3.6587322755901694
1026	82.9883917502637	3.6577794796418677
1027	82.98817639577558	3.6568281697871132
1028	82.98796082832342	3.655878344264922
1029	82.987745049695	3.6549300013143076
1030	82.98752906167809	3.653983139174285
1031	82.98731286606045	3.653037756083872
1032	82.98709646462986	3.6520938502820806
1033	82.98687985917407	3.6511514200079276
1034	82.98666305148087	3.6502104635004278
1035	82.98644604333802	3.6492709789985964
1036	82.98622883653329	3.648332964741449
1037	82.98601143285445	3.647396418967999
1038	82.98579383408928	3.646461339917264
1039	82.98557604202554	3.6455277258282566
1040	82.98535805845098	3.644595574939994
1041	82.9851398851534	3.643664885491491
1042	82.98492152392056	3.642735655721762
1043	82.98470297654023	3.6418078838698227
1044	82.98448424480019	3.640881568174688
1045	82.98426533048817	3.6399567068753726
1046	82.98404623539196	3.6390332982108933
1047	82.98382696129936	3.638111340420263
1048	82.98360750999811	3.6371908317424975
1049	82.98338788327598	3.636271770416614
1050	82.98316808292074	3.635354154681625
1051	82.98294811072016	3.6344379827765474
1052	82.98272796846203	3.633523252940395
1053	82.98250765793408	3.6326099634121833
1054	82.98228718092412	3.6316981124309287
1055	82.98206653921989	3.630787698235645
1056	82.98184573460918	3.629878719065348
1057	82.98162476887974	3.6289711731590524
1058	82.98140364381935	3.628065058755773
1059	82.98118236121579	3.627160374094526
1060	82.9809609228568	3.6262571174143257
1061	82.98073933053018	3.6253552869541883
1062	82.98051758602368	3.6244548809531274
1063	82.98029569112508	3.623555897650159
1064	82.98007364762215	3.622658335284299
1065	82.97985145730264	3.6217621920945615
1066	82.97962912195436	3.6208674663199614
1067	82.97940664336504	3.6199741561995147
1068	82.97918402332246	3.6190822599722354
1069	82.9789612636144	3.618191775877141
1070	82.97873836602861	3.6173027021532436
1071	82.9785153323529	3.6164150370395607
1072	82.97829216437498	3.6155287787751074
1073	82.97806886388265	3.6146439255988962
1074	82.97784543266371	3.6137604757499457
1075	82.97762187250588	3.612878427467268
1076	82.97739818519696	3.6119977789898807
1077	82.9771743725247	3.6111185285567977
1078	82.9769504362769	3.6102406744070343
1079	82.97672637824127	3.6093642147796063
1080	82.97650220020563	3.6084891479135273
1081	82.97627790395775	3.6076154720478133
1082	82.97605349128537	3.6067431854214806
1083	82.9758289639763	3.605872286273543
1084	82.97560432381826	3.605002772843016
1085	82.97537957259905	3.6041346433689143
1086	82.97515471210644	3.6032678960902533
1087	82.97492974412819	3.6024025292460493
1088	82.97470467045207	3.6015385410753153
1089	82.97447949286585	3.600675929817068
1090	82.97425421315731	3.599814693710323
1091	82.9740288331142	3.598954830994093
1092	82.9738033545243	3.5980963399073964
1093	82.9735777791754	3.597239218689246
1094	82.97335210885524	3.596383465578657
1095	82.97312634535159	3.595529078814647
1096	82.97290049045223	3.5946760566362275
1097	82.97267454594493	3.5938243972824164
1098	82.97244851361746	3.5929740989922276
1099	82.97222239525759	3.592125160004676
1100	82.97199619265308	3.5912775785587785
1101	82.9717699075917	3.5904313528935483
1102	82.97154354186124	3.589586481248002
1103	82.97131709724944	3.5887429618611537
1104	82.97109057554408	3.5879007929720186
1105	82.97086397853296	3.587059972819613
1106	82.9706373080038	3.58622049964295
1107	82.97041056574439	3.585382371681047
1108	82.97018375354251	3.5845455871729177
1109	82.96995687318592	3.5837101443575774
1110	82.9697299264624	3.582876041474042
1111	82.9695029151597	3.5820432767613255
1112	82.9692758410656	3.581211848458444
1113	82.96904870596786	3.580381754804413
1114	82.96882151165427	3.5795529940382464
1115	82.96859425991259	3.5787255643989604
1116	82.96836695253057	3.577899464125569
1117	82.96813959129601	3.577074691457088
1118	82.96791217799667	3.5762512446325334
1119	82.9676847144203	3.575429121890919
1120	82.96745720235471	3.5746083214712607
1121	82.96722964358763	3.573788841612573
1122	82.96700203990684	3.5729706805538712
1123	82.96677439310011	3.572153836534172
1124	82.96654670495522	3.5713383077924883
1125	82.96631897725995	3.5705240925678368
1126	82.96609121180202	3.5697111890992312
1127	82.96586341036925	3.568899595625688
1128	82.96563557474938	3.5680893103862226
1129	82.96540770673019	3.5672803316198483
1130	82.96517980809946	3.566472657565581
1131	82.96495188064493	3.5656662864624376
1132	82.96472392615442	3.564861216549431
1133	82.96449594641564	3.564057446065578
1134	82.9642679432164	3.563254973249892
1135	82.96403991834445	3.562453796341389
1136	82.96381187358757	3.5616539135790855
1137	82.96358381073354	3.560855323201994
1138	82.96335573157009	3.560058023449132
1139	82.96312763788501	3.559262012559513
1140	82.9628995314661	3.5584672887721527
1141	82.9626714141011	3.557673850326067
1142	82.96244328757777	3.55688169546027
1143	82.9622151536839	3.556090822413778
1144	82.96198701420725	3.555301229425605
1145	82.96175887093558	3.5545129147347656
1146	82.96153072565667	3.5537258765802777
1147	82.96130258015832	3.5529401132011533
1148	82.96107443622824	3.55215562283641
1149	82.96084629565425	3.551372403725061
1150	82.96061816022409	3.550590454106122
1151	82.96039003172552	3.5498097722186097
1152	82.96016191194636	3.549030356301537
1153	82.95993380267431	3.5482522045939198
1154	82.9597057056972	3.5474753153347747
1155	82.95947762280278	3.5466996867631146
1156	82.9592495557788	3.5459253171179563
1157	82.95902150641305	3.545152204638314
1158	82.9587934764933	3.544380347563203
1159	82.9585654678073	3.54360974413164
1160	82.95833748214284	3.5428403925826366
1161	82.95810952128768	3.542072291155212
1162	82.9578815870296	3.5413054380883784
1163	82.95765368115636	3.5405398316211523
1164	82.95742580545573	3.5397754699925486
1165	82.95719796171548	3.5390123514415825
1166	82.95697015172338	3.5382504742072696
1167	82.95674237726719	3.5374898365286236
1168	82.95651464013469	3.5367304366446604
1169	82.95628694211366	3.535972272794396
1170	82.95605928499184	3.5352153432168443
1171	82.95583167055703	3.534459646151021
1172	82.95560410059699	3.5337051798359425
1173	82.95537657689947	3.5329519425106213
1174	82.95514910125226	3.532199932414075
1175	82.95492167544313	3.5314491477853167
1176	82.95469430125985	3.5306995868633626
1177	82.95446698049017	3.529951247887229
1178	82.95423971492187	3.5292041290959286
1179	82.95401250634274	3.5284582287284785
1180	82.95378535654052	3.5277135450238926
1181	82.953558267303	3.5269700762211866
1182	82.95333124041792	3.5262278205593764
1183	82.95310427767309	3.525486776277475
1184	82.95287738085626	3.5247469416145005
1185	82.95265055175518	3.5240083148094654
1186	82.95242379215767	3.523270894101386
1187	82.95219710385145	3.522534677729278
1188	82.95197048862431	3.521799663932155
1189	82.95174394826401	3.521065850949034
1190	82.95151748455832	3.520333237018929
1191	82.95129109929503	3.5196018203808546
1192	82.9510647942619	3.5188715992738278
1193	82.95083857124669	3.5181425719368615
1194	82.95061243203716	3.517414736608972
1195	82.9503863784211	3.5166880915291756
1196	82.95016041218629	3.515962634936485
1197	82.94993453512046	3.5152383650699184
1198	82.94970874901142	3.514515280168488
1199	82.94948305564691	3.5137933784712096
1200	82.9492574568147	3.5130726582171
1201	82.9490319543026	3.5123531176451728
1202	82.94880654989832	3.5116347549944438
1203	82.94858124538969	3.5109175685039276
1204	82.94835604256441	3.5102015564126394
1205	82.94813094321032	3.509486716959595
1206	82.94790594911515	3.5087730483838095
1207	82.94768106206666	3.5080605489242975
1208	82.94745628385266	3.5073492168200744
1209	82.94723161626088	3.5066390503101545
1210	82.94700706107912	3.505930047633555
1211	82.94678262009512	3.5052222070292887
1212	82.94655829509666	3.5045155267363723
1213	82.94633408787153	3.503810004993821
1214	82.94611000020748	3.503105640040649
1215	82.9458860338923	3.502402430115872
1216	82.9456621907137	3.5017003734585046
1217	82.94543847245951	3.5009994683075627
1218	82.94521488091749	3.500299712902062
1219	82.94499141787539	3.499601105481015
1220	82.944768085121	3.4989036442834403
1221	82.94454488444207	3.4982073275483505
1222	82.94432181762637	3.4975121535147613
1223	82.9440988864617	3.4968181204216893
1224	82.94387609273579	3.496125226508148
1225	82.94365343823644	3.495433470013153
1226	82.9434309247514	3.4947428491757195
1227	82.94320855406843	3.494053362234862
1228	82.94298632797535	3.4933650074295977
1229	82.94276424825986	3.492677782998939
1230	82.94254231670979	3.491991687181903
1231	82.94232053511287	3.491306718217505
1232	82.9420989052569	3.490622874344758
1233	82.94187742892962	3.48994015380268
1234	82.9416561079188	3.4892585548302835
1235	82.94143494401224	3.488578075666585
1236	82.94121393899768	3.4878987145506004
1237	82.94099309466291	3.4872204697213434
1238	82.94077241279568	3.48654333941783
1239	82.94055189518377	3.4858673218790743
1240	82.94033154361496	3.485192415344092
1241	82.940111359877	3.4845186180518994
1242	82.93989134575767	3.4838459282415104
1243	82.93967150304472	3.4831743441519407
1244	82.93945183352595	3.4825038640222044
1245	82.93923233898913	3.4818344860913175
1246	82.939013021222	3.481166208598296
1247	82.93879388201235	3.480499029782153
1248	82.93857492314794	3.479832947881906
1249	82.93835614641654	3.4791679611365676
1250	82.93813755360594	3.4785040677851544
1251	82.93791914650387	3.4778412660666826
1252	82.93770092689815	3.4771795542201653
1253	82.9374828965765	3.4765189304846187
1254	82.93726505732671	3.4758593930990576
1255	82.93704741093656	3.4752009403024973
1256	82.9368299591938	3.474543570333953
1257	82.93661270388623	3.4738872814324404
1258	82.93639564680157	3.4732320718369727
1259	82.93617878972763	3.472577939786568
1260	82.93596213445217	3.471924883520238
1261	82.93574568276296	3.4712729012770014
1262	82.93552943644777	3.4706219912958702
1263	82.93531339729435	3.469972151815862
1264	82.93509756709051	3.4693233810759905
1265	82.93488194762396	3.4686756773152716
1266	82.93466654068253	3.46802903877272
1267	82.93445134805397	3.4673834636873506
1268	82.93423637152603	3.466738950298179
1269	82.9340216128865	3.466095496844221
1270	82.93380707392312	3.46545310156449
1271	82.93359275642369	3.464811762698002
1272	82.933378662176	3.464171478483774
1273	82.93316479296776	3.463532247160818
1274	82.93295115058679	3.4628940669681514
1275	82.93273773682081	3.4622569361447875
1276	82.93252455345765	3.4616208529297428
1277	82.93231160228503	3.460985815562033
1278	82.93209888509074	3.4603518222806717
1279	82.93188640366256	3.4597188713246756
1280	82.93167415978823	3.4590869609330577
1281	82.93146215525556	3.4584560893448346
1282	82.93125039185226	3.457826254799022
1283	82.93103887136616	3.457197455534634
1284	82.930827595585	3.456569689790687
1285	82.93061656629655	3.4559429558061936
1286	82.93040578528858	3.455317251820171
1287	82.93019525434887	3.454692576071635
1288	82.92998497526517	3.4540689267995983
1289	82.92977494982529	3.4534463022430786
1290	82.92956517981695	3.452824700641089
1291	82.92935566702795	3.4522041202326452
1292	82.92914641324603	3.451584559256764
1293	82.92893742025899	3.4509660159524578
1294	82.9287286898546	3.4503484885587437
1295	82.9285202238206	3.449731975314637
1296	82.9283120239448	3.449116474459151
1297	82.92810409201493	3.448501984231303
1298	82.92789642981879	3.4478885028701063
1299	82.92768903914413	3.447276028614577
1300	82.9274819217787	3.446664559703731
1301	82.92727507951034	3.4460540943765814
1302	82.92706851412674	3.4454446308721463
1303	82.92686222741573	3.444836167429437
1304	82.92665622116503	3.444228702287472
1305	82.92645049716243	3.443622233685265
1306	82.92624505719573	3.443016759861831
1307	82.92603990305265	3.4424122790561857
1308	82.92583503652101	3.441808789507344
1309	82.92563045938851	3.4412062894543203
1310	82.92542617344297	3.440604777136132
1311	82.92522218047218	3.4400042507917914
1312	82.92501848226385	3.4394047086603154
1313	82.92481508060578	3.4388061489807193
1314	82.92461197728575	3.438208569992017
1315	82.92440917409151	3.4376119699332257
1316	82.92420667281084	3.4370163470433575
1317	82.9240044752315	3.43642169956143
1318	82.92380258314127	3.4358280257264577
1319	82.92360099832791	3.435235323777455
1320	82.9233997225792	3.434643591953439
1321	82.92319875768291	3.434052828493422
1322	82.92299810542679	3.433463031636421
1323	82.92279776759864	3.4328741996214522
1324	82.92259774598618	3.4322863306875275
1325	82.92239804237725	3.431699423073666
1326	82.92219865855955	3.4311134750188788
1327	82.9219995963209	3.4305284847621835
1328	82.92180085744904	3.4299444505425956
1329	82.92160244373176	3.429361370599129
1330	82.92140435695681	3.428779243170799
1331	82.92120659891198	3.428198066496621
1332	82.92100917138501	3.42761783881561
1333	82.9208120761637	3.427038558366782
1334	82.9206153150358	3.4264602233891512
1335	82.9204188897891	3.425882832121732
1336	82.92022280221134	3.425306382803542
1337	82.92002705409031	3.4247308736735946
1338	82.91983164721378	3.4241563029709052
1339	82.91963658336951	3.423582668934489
1340	82.91944186434527	3.42300996980336
1341	82.91924749192884	3.4224382038165357
1342	82.91905346790799	3.4218673692130297
1343	82.91885979407046	3.4212974642318583
1344	82.91866647220404	3.4207284871120343
1345	82.91847350409653	3.420160436092575
1346	82.91828089153564	3.4195933094124955
1347	82.9180886363092	3.4190271053108097
1348	82.91789674020491	3.418461822026534
1349	82.9177052050106	3.4178974577986825
1350	82.91751403251402	3.4173340108662704
1351	82.91732322450294	3.416771479468315
1352	82.91713278276512	3.4162098618438277
1353	82.91694270908833	3.4156491562318263
1354	82.91675300526035	3.4150893608713258
1355	82.91656367306896	3.4145304740013405
1356	82.9163747143019	3.413972493860886
1357	82.91618613074696	3.4134154186889774
1358	82.9159979241919	3.412859246724629
1359	82.9158100964245	3.412303976206858
1360	82.91562264923252	3.4117496053746774
1361	82.91543558440371	3.4111961324671043
1362	82.9152489037259	3.4106435557231514
1363	82.91506260898679	3.410091873381836
1364	82.9148767019742	3.4095410836821727
1365	82.91469118447586	3.4089911848631758
1366	82.91450605827957	3.408442175163862
1367	82.91432132517309	3.4078940528232446
1368	82.91413698694419	3.4073468160803393
1369	82.91395304538064	3.4068004631741626
1370	82.91376950227018	3.406254992343728
1371	82.91358635940063	3.4057104018280526
1372	82.91340361855974	3.405166689866149
1373	82.91322128153526	3.4046238546970335
1374	82.91303935011499	3.4040818945597224
1375	82.91285782608668	3.4035408076932288
1376	82.91267671123809	3.4030005923365687
1377	82.91249600735702	3.4024612467287585
1378	82.9123157162312	3.401922769108811
1379	82.91213583964846	3.401385157715744
1380	82.9119563793965	3.40084841078857
1381	82.91177733726312	3.4003125265663057
1382	82.9115987150361	3.3997775032879667
1383	82.9114205145032	3.3992433391925667
1384	82.9112427374522	3.398710032519122
1385	82.91106538567084	3.398177581506647
1386	82.91088846094692	3.3976459843941567
1387	82.9107119650682	3.397115239420667
1388	82.91053589982243	3.396585344825193
1389	82.91036026699742	3.3960562988467498
1390	82.9101850683809	3.395528099724351
1391	82.91001030576066	3.395000745697014
1392	82.90983598092446	3.3944742350037536
1393	82.90966209566007	3.393948565883583
1394	82.90948865175527	3.393423736575519
1395	82.90931565099783	3.3928997453185774
1396	82.90914309517551	3.3923765903517715
1397	82.90897098607607	3.391854269914118
1398	82.9087993254873	3.391332782244631
1399	82.90862811519696	3.390812125582326
1400	82.90845735699281	3.390292298166219
1401	82.90828705266266	3.389773298235323
1402	82.90811720399422	3.389255124028656
1403	82.90794781277529	3.3887377737852304
1404	82.90777888079366	3.388221245744063
1405	82.90761040983705	3.3877055381441687
1406	82.90744240169329	3.387190649224562
1407	82.90727485815009	3.386676577224259
1408	82.90710778099526	3.3861633203822743
1409	82.90694117201654	3.3856508769376226
1410	82.90677503300172	3.3851392451293205
1411	82.90660936573857	3.3846284231963812
1412	82.90644417201484	3.3841184093778214
1413	82.90627945361834	3.3836092019126562
1414	82.9061152123368	3.3831007990398994
1415	82.90595144995798	3.382593198998568
1416	82.90578816826971	3.3820864000276747
1417	82.90562536905969	3.3815804003662366
1418	82.90546305411574	3.3810751982532694
1419	82.9053012252256	3.380570791927786
1420	82.90513988417705	3.3800671796288038
1421	82.90497903275786	3.379564359595336
1422	82.9048186727558	3.3790623300663984
1423	82.90465880595865	3.378561089281008
1424	82.90449943415413	3.3780606354781764
1425	82.90434055913008	3.377560966896922
1426	82.90418218267422	3.377062081776258
1427	82.90402430657434	3.3765639783552
1428	82.90386693261821	3.3760666548727642
1429	82.90371006259359	3.3755701095679638
1430	82.90355369828826	3.375074340679816
1431	82.90339784148998	3.374579346447334
1432	82.90324249398651	3.3740851251095343
1433	82.90308765756565	3.3735916749054327
1434	82.90293333401513	3.3730989940740415
1435	82.90277952512277	3.3726070808543787
1436	82.90262623267628	3.3721159334854582
1437	82.90247345846348	3.371625550206295
1438	82.90232120427211	3.3711359292559058
1439	82.90216947188995	3.3706470688733035
1440	82.90201826310478	3.370158967297504
1441	82.90186757970434	3.369671622767524
1442	82.90171742347643	3.3691850335223763
1443	82.90156779620881	3.368699197801078
1444	82.90141869968923	3.3682141138426425
1445	82.90127013570549	3.367729779886086
1446	82.90112210604534	3.3672461941704244
1447	82.90097461249654	3.3667633549346707
1448	82.9008276568469	3.3662812604178423
1449	82.90068124088414	3.3657999088589525
1450	82.90053536639607	3.3653192984970173
1451	82.90039003517043	3.364839427571053
1452	82.90024524899502	3.364360294320072
1453	82.90010100965758	3.363881896983092
1454	82.89995731894588	3.363404233799127
1455	82.89981417864772	3.362927303007192
1456	82.89967159055082	3.3624511028463027
1457	82.89952955644301	3.361975631555474
1458	82.89938807811201	3.36150088737372
1459	82.89924715734561	3.3610268685400593
1460	82.89910679593159	3.3605535732935023
1461	82.89896699565769	3.3600809998730683
1462	82.89882775831171	3.3596091465177693
1463	82.8986890856814	3.359138011466622
1464	82.89855097955451	3.3586675929586423
1465	82.89841344171887	3.358197889232843
1466	82.8982764739622	3.3577288985282423
1467	82.89814007807229	3.3572606190838523
1468	82.8980042558369	3.3567930491386893
1469	82.89786900904379	3.3563261869317698
1470	82.89773433948076	3.355860030702107
1471	82.89760024893555	3.355394578688718
1472	82.89746673919595	3.354929829130615
1473	82.89733381204971	3.354465780266816
1474	82.89720146928461	3.354002430336336
1475	82.89706971268842	3.3535397775781877
1476	82.89693854404891	3.353077820231388
1477	82.89680796515385	3.3526165565349526
1478	82.896677977791	3.3521559847278954
1479	82.89654858374816	3.3516961030492327
1480	82.89641978481305	3.351236909737978
1481	82.89629158277346	3.350778403033148
1482	82.8961639794172	3.3503205811737575
1483	82.89603697653197	3.3498634423988207
1484	82.89591057590559	3.349406984947355
1485	82.89578477932581	3.3489512070583722
1486	82.8956595885804	3.34849610697089
1487	82.89553500545713	3.3480416829239235
1488	82.89541103174378	3.347587933156486
1489	82.89528766922813	3.347134855907595
1490	82.89516491969789	3.3466824494162637
1491	82.89504278494088	3.346230711921508
1492	82.89492126674489	3.345779641662344
1493	82.89480036689763	3.3453292368777845
1494	82.89468008718691	3.344879495806847
1495	82.89456042940047	3.344430416688546
1496	82.89444139532613	3.343981997761895
1497	82.8943229867516	3.3435342372659123
1498	82.89420520546467	3.3430871334396097
1499	82.89408805325314	3.3426406845220042
1500	82.89397153190474	3.3421948887521116
1501	82.89385564320727	3.341749744368945
1502	82.89374038894847	3.341305249611522
1503	82.89362577091612	3.3408614027188546
1504	82.89351179089802	3.340418201929961
1505	82.89339845068187	3.3399756454838547
1506	82.89328575205552	3.3395337316195515
1507	82.89317369680668	3.3390924585760655
1508	82.89306228672314	3.3386518245924135
1509	82.89295152359269	3.3382118279076085
1510	82.89284140920306	3.337772466760669
1511	82.89273194534205	3.337333739390606
1512	82.8926231337974	3.3368956440364386
1513	82.8925149763569	3.3364581789371788
1514	82.89240747480835	3.336021342331843
1515	82.89230063093946	3.3355851324594474
1516	82.89219444653804	3.3351495475590047
1517	82.89208892339182	3.334714585869532
1518	82.89198406328863	3.3342802456300444
1519	82.89187986801618	3.3338465250795557
1520	82.89177633936227	3.3334134224570833
1521	82.89167347911467	3.33298093600164
1522	82.89157128906113	3.332549063952241
1523	82.89146977098945	3.3321178045479036
1524	82.89136892668736	3.331687156027641
1525	82.89126875794267	3.33125711663047
1526	82.89116926654313	3.3308276845954037
1527	82.8910704542765	3.330398858161459
1528	82.89097232293057	3.3299706355676504
1529	82.89087487429309	3.3295430150529928
1530	82.89077811015183	3.329115994856502
1531	82.89068203229459	3.3286895732171917
1532	82.8905866425091	3.3282637483740785
1533	82.89049194258317	3.327838518566178
1534	82.89039793430452	3.327413882032503
1535	82.89030461946095	3.326989837012071
1536	82.89021199984023	3.3265663817438966
1537	82.89012007723012	3.3261435144669935
1538	82.89002885341841	3.325721233420379
1539	82.88993833019285	3.3252995368430667
1540	82.8898485093412	3.3248784229740718
1541	82.88975939265126	3.324457890052411
1542	82.88967098191075	3.3240379363170978
1543	82.88958327890751	3.323618560007148
1544	82.88949628542925	3.323199759361576
1545	82.88941000326376	3.3227815326193983
1546	82.88932443419881	3.322363878019629
1547	82.88923958002216	3.321946793801284
1548	82.88915544252161	3.321530278203378
1549	82.8890720234849	3.321114329464926
1550	82.88898932469982	3.320698945824943
1551	82.8889073479541	3.3202841255224453
1552	82.88882609503554	3.319869866796446
1553	82.88874556773193	3.319456167885963
1554	82.888665767831	3.319043027030008
1555	82.88858669712054	3.3186304424675996
1556	82.8885083573883	3.3182184124377505
1557	82.88843075042207	3.3178069351794774
1558	82.88835387800962	3.317396008931794
1559	82.88827774193871	3.316985631933718
1560	82.88820234399712	3.3165758024242606
1561	82.88812768597259	3.3161665186424414
1562	82.88805376965294	3.3157577788272716
1563	82.88798059682588	3.315349581217768
1564	82.88790816927923	3.314941924052947
1565	82.88783648880073	3.3145348055718213
1566	82.88776555717816	3.3141282240134085
1567	82.88769537619929	3.3137221776167216
1568	82.88762594765188	3.3133166646207766
1569	82.88755727332371	3.312911683264589
1570	82.88748935500256	3.3125072317871735
1571	82.88742219447617	3.3121033084275466
1572	82.88735579353235	3.311699911424721
1573	82.88729015395882	3.3112970390177128
1574	82.88722527754337	3.310894689445539
1575	82.8871611660738	3.3104928609472117
1576	82.88709782133782	3.310091551761748
1577	82.88703524512326	3.3096907601281633
1578	82.88697343921784	3.309290484285471
1579	82.88691240540936	3.3088907224726887
1580	82.88685214548559	3.308491472928829
1581	82.88679266123428	3.308092733892908
1582	82.88673395444323	3.3076945036039422
1583	82.88667602690016	3.3072967803009448
1584	82.8866188803929	3.3068995622229322
1585	82.88656251670916	3.306502847608918
1586	82.88650693763675	3.3061066346979193
1587	82.88645214496343	3.305710921728951
1588	82.88639814047696	3.3053157069410264
1589	82.88634492596512	3.304920988573163
1590	82.88629250321567	3.304526764864374
1591	82.88624087401638	3.304133034053675
1592	82.88619004015504	3.303739794380083
1593	82.8861400034194	3.3033470440826105
1594	82.88609076559723	3.3029547814002735
1595	82.8860423284763	3.3025630045720886
1596	82.88599469384438	3.302171711837069
1597	82.88594786348925	3.3017809014342316
1598	82.88590183919865	3.30139057160259
1599	82.8858566227604	3.301000720581159
1600	82.88581221596223	3.300611346608957
1601	82.8857686205919	3.300222447924994
1602	82.88572583843722	3.299834022768291
1603	82.88568387128593	3.299446069377858
1604	82.88564272092583	3.2990585859927126
1605	82.88560238914464	3.2986715708518703
1606	82.88556287773017	3.2982850221943454
1607	82.88552418847017	3.297898938259153
1608	82.8854863231524	3.297513317285309
1609	82.88544928356468	3.2971281575118265
1610	82.88541307149471	3.2967434571777243
1611	82.88537768873032	3.296359214522014
1612	82.88534313705924	3.295975427783713
1613	82.88530941826924	3.295592095201835
1614	82.88527653414813	3.295209215015396
1615	82.88524448648364	3.2948267854634112
1616	82.88521327706356	3.2944448047848947
1617	82.88518290767563	3.2940632712188624
1618	82.88515338010764	3.2936821830043304
1619	82.88512469614739	3.293301538380312
1620	82.88509685758258	3.2929213355858247
1621	82.88506986620105	3.2925415728598804
1622	82.88504372379052	3.2921622484414965
1623	82.88501843213878	3.2917833605696885
1624	82.8849939930336	3.29140490748347
1625	82.88497040826275	3.291026887421858
1626	82.88494767961399	3.290649298623865
1627	82.88492580887508	3.2902721393285077
1628	82.88490479783384	3.289895407774803
1629	82.88488464827797	3.289519102201763
1630	82.88486536199528	3.289143220848404
1631	82.88484694077356	3.2887677619537414
1632	82.88482938640051	3.2883927237567905
1633	82.88481270066397	3.2880181044965666
1634	82.88479688535168	3.2876439024120834
1635	82.8847819422514	3.2872701157423574
1636	82.88476787315092	3.286896742726404
1637	82.88475467983798	3.286523781603237
1638	82.8847423641004	3.286151230611873
1639	82.8847309277259	3.285779087991326
1640	82.88472037250226	3.2854073519806115
1641	82.88471070021727	3.285036020818746
1642	82.88470191265868	3.284665092744741
1643	82.88469401161427	3.284294565997617
1644	82.8846869988718	3.2839244388163835
1645	82.88468087621905	3.2835547094400597
1646	82.88467564544379	3.283185376107659
1647	82.88467130833378	3.2828164370581976
1648	82.88466786667679	3.2824478905306895
1649	82.88466532226059	3.2820797347641504
1650	82.88466367687298	3.281711967997594
1651	82.88466293230167	3.281344588470039
1652	82.88466309033446	3.2809775944204973
1653	82.88466415275913	3.280610984087986
1654	82.88466612136344	3.280244755711518
1655	82.88466899793517	3.2798789075301107
1656	82.88467278426207	3.2795134377827777
1657	82.8846774821319	3.2791483447085357
1658	82.88468309333247	3.2787836265463977
1659	82.88468961965152	3.278419281535382
1660	82.88469706287684	3.2780553079145
1661	82.88470542479617	3.27769170392277
1662	82.88471470719729	3.277328467799205
1663	82.88472491186799	3.2769655977828216
1664	82.88473604059602	3.2766030921126337
1665	82.88474809516916	3.2762409490276583
1666	82.88476107737516	3.275879166766909
1667	82.88477498900181	3.2755177435694
1668	82.88478983183688	3.2751566776741483
1669	82.88480560766813	3.274795967320169
1670	82.88482231828333	3.2744356107464765
1671	82.88483996547023	3.2740756061920866
1672	82.88485855101665	3.2737159518960133
1673	82.88487807671031	3.2733566460972723
1674	82.88489854433901	3.27299768703488
1675	82.8849199556905	3.2726390729478494
1676	82.88494231255257	3.272280802075197
1677	82.88496561671298	3.271922872655938
1678	82.88498986995947	3.2715652829290867
1679	82.88501507407985	3.2712080311336598
1680	82.88504123086189	3.27085111550867
1681	82.88506834209332	3.2704945342931344
1682	82.88509640956195	3.2701382857260684
1683	82.88512543505553	3.2697823680464855
1684	82.88515542036183	3.269426779493402
1685	82.88518636726863	3.2690715183058328
1686	82.8852182775637	3.268716582722792
1687	82.88525115303479	3.268361970983297
1688	82.88528499546968	3.268007681326361
1689	82.88531980665614	3.267653711991001
1690	82.88535558838196	3.2673000612162295
1691	82.88539234243486	3.2669467272410633
1692	82.88543007060267	3.266593708304519
1693	82.8854687746731	3.2662410026456077
1694	82.88550845643397	3.2658886085033494
1695	82.88554911767301	3.2655365241167544
1696	82.885590760178	3.265184747724842
1697	82.88563338573674	3.264833277566625
1698	82.88567699613697	3.2644821118811196
1699	82.88572159316647	3.264131248907339
1700	82.88576717861298	3.263780686884302
1701	82.8858137542643	3.2634304240510197
1702	82.88586132190822	3.263080458646511
1703	82.88590988333246	3.2627307889097876
1704	82.88595944032483	3.262381413079867
1705	82.88600999467306	3.2620323293957636
1706	82.88606154816495	3.2616835360964926
1707	82.88611410258827	3.2613350314210687
1708	82.88616765973077	3.2609868136085085
1709	82.88622222138024	3.260638880897824
1710	82.88627778932442	3.2602912315280346
1711	82.8863343653511	3.2599438637381515
1712	82.88639195124807	3.2595967757671938
1713	82.88645054880307	3.2592499658541723
1714	82.88651015980388	3.258903432238105
1715	82.88657078603825	3.258557173158007
1716	82.88663242929398	3.2582111868528925
1717	82.88669509135882	3.257865471561776
1718	82.88675877402054	3.2575200255236756
1719	82.88682347906693	3.2571748469776027
1720	82.88688920828572	3.2568299341625755
1721	82.88695596346473	3.2564852853176065
1722	82.88702374639168	3.256140898681713
1723	82.88709255885436	3.2557967724939094
1724	82.88716240264057	3.25545290499321
1725	82.88723327953802	3.2551092944186317
1726	82.88730519133453	3.2547659390091885
1727	82.88737813981784	3.254422837003895
1728	82.88745212677573	3.2540799866417682
1729	82.88752715399598	3.2537373861618213
1730	82.88760322326632	3.2533950338030713
1731	82.88768033637459	3.2530529278045317
1732	82.88775849510849	3.2527110664052175
1733	82.8878377012558	3.2523694478441456
1734	82.88791795660434	3.2520280703603297
1735	82.88799926294182	3.251686932192787
1736	82.88808162205606	3.2513460315805287
1737	82.88816503573479	3.2510053667625733
1738	82.8882495057658	3.2506649359779356
1739	82.88833503393684	3.250324737465629
1740	82.8884216220357	3.2499847694646693
1741	82.88850927185014	3.249645030214075
1742	82.88859798516792	3.2493055179528554
1743	82.88868776377684	3.248966230920031
1744	82.88877860946464	3.248627167354612
1745	82.8888705240191	3.248288325495617
1746	82.888963509228	3.247949703582061
1747	82.88905756687909	3.247611299852958
1748	82.88915269876016	3.2472731125473233
1749	82.88924890665895	3.246935139904173
1750	82.88934619236325	3.2465973801625196
1751	82.88944455766084	3.2462598315613835
1752	82.88954400433946	3.245922492339773
1753	82.88964453418691	3.24558536073671
1754	82.88974614899092	3.245248434991203
1755	82.88984885053931	3.2449117133422734
1756	82.88995264061981	3.2445751940289322
1757	82.89005752102021	3.244238875290196
1758	82.89016349352828	3.2439027553650797
1759	82.89027055993176	3.2435668324925997
1760	82.89037872201847	3.243231104911768
1761	82.89048798157613	3.2428955708616045
1762	82.89059834039253	3.2425602285811186
1763	82.89070980025545	3.2422250763093303
1764	82.89082236295265	3.2418901122852524
1765	82.89093603027189	3.2415553347479005
1766	82.89105080400095	3.2412207419362904
1767	82.89116668592759	3.2408863320894357
1768	82.89128367783961	3.2405521034463534
1769	82.89140178152473	3.240218054246057
1770	82.89152099877077	3.239884182727563
1771	82.89164133136546	3.2395504871298857
1772	82.89176278109659	3.23921696569204
1773	82.89188534975193	3.238883616653042
1774	82.89200903911923	3.2385504382519064
1775	82.89213385098628	3.2382174287276477
1776	82.89225978714084	3.2378845863192818
1777	82.89238684937068	3.2375519092658243
1778	82.89251503946359	3.2372193958062896
1779	82.89264435920731	3.236887044179694
1780	82.89277481038962	3.23655485262505
1781	82.89290639479829	3.236222819381375
1782	82.8930391142211	3.2358909426876834
1783	82.89317297044578	3.235559220782991
1784	82.89330796526014	3.235227651906312
1785	82.89344410045196	3.2348962342966616
1786	82.89358137780896	3.2345649661930564
1787	82.89371979911895	3.23423384583451
1788	82.89385936616968	3.233902871460038
1789	82.89400008074892	3.233572041308656
1790	82.89414194464446	3.2332413536193783
1791	82.89428495964404	3.23291080663122
1792	82.89442912753546	3.232580398583198
1793	82.89457445010646	3.2322501277143245
1794	82.89472092914482	3.231919992263619
1795	82.89486856643833	3.231589990470091
1796	82.89501736377473	3.23126012057276
1797	82.8951673229418	3.2309303808106398
1798	82.89531844572731	3.230600769422746
1799	82.89547073391903	3.2302712846480914
1800	82.89562418930474	3.2299419247256953
1801	82.89577881367218	3.229612687894568
1802	82.89593460880917	3.2292835723937303
1803	82.89609157650341	3.2289545764621916
1804	82.89624971854273	3.228625698338971
1805	82.89640903671487	3.228296936263082
1806	82.8965695328076	3.227968288473541
1807	82.89673120860871	3.2276397532093606
1808	82.89689406590595	3.227311328709559
1809	82.8970581064871	3.226983013213148
1810	82.8972233321399	3.2266548049591477
1811	82.89738974465216	3.2263267021865674
1812	82.89755734581165	3.2259987031344277
1813	82.8977261374061	3.2256708060417383
1814	82.89789612122331	3.225343009147519
1815	82.89806729905102	3.2250153106907837
1816	82.89823967267704	3.2246877089105452
1817	82.89841324388912	3.224360202045821
1818	82.89858801447502	3.2240327883356263
1819	82.89876398622255	3.223705466018975
1820	82.8989411609194	3.2233782333348837
1821	82.89911954035341	3.2230510885223658
1822	82.89929912631234	3.2227240298204376
1823	82.89947992058394	3.2223970554681145
1824	82.89966192495599	3.22207016370441
1825	82.89984514121625	3.2217433527683417
1826	82.90002957115249	3.221416620898922
1827	82.90021521655248	3.221089966335168
1828	82.900402079204	3.220763387316095
1829	82.90059016089482	3.220436882080717
1830	82.90077946341269	3.2201104488680503
1831	82.90096998854541	3.2197840859171087
1832	82.90116173808072	3.219457791466908
1833	82.9013547138064	3.2191315637564646
1834	82.90154891751023	3.2188054010247904
1835	82.90174435097995	3.2184793015109046
1836	82.90194101600338	3.218153263453819
1837	82.90213891436824	3.21782728509255
1838	82.90233804786232	3.2175013646661133
1839	82.9025384182734	3.2171755004135245
1840	82.90274002738921	3.216849690573795
1841	82.90294287699757	3.216523933385946
1842	82.90314696888622	3.2161982270889875
1843	82.90335230484293	3.2158725699219377
1844	82.90355888665549	3.215546960123809
1845	82.90376671611163	3.2152213959336193
1846	82.90397579499917	3.214895875590382
1847	82.90418612510584	3.214570397333114
1848	82.90439770821943	3.214244959400828
1849	82.90461054612769	3.213919560032542
1850	82.9048246406184	3.213594197467267
1851	82.90503999347935	3.2132688699440237
1852	82.90525660649828	3.2129435757018214
1853	82.90547448146297	3.2126183129796813
1854	82.90569362016119	3.2122930800166127
1855	82.9059140243807	3.2119678750516343
1856	82.9061356959093	3.2116426963237608
1857	82.90635863653472	3.211317542072007
1858	82.90658284804476	3.2109924105353866
1859	82.90680833222717	3.2106672999529176
1860	82.90703509086973	3.210342208563613
1861	82.90726312576021	3.2100171346064896
1862	82.90749243868636	3.2096920763205596
1863	82.90772303143598	3.2093670319448417
1864	82.90795490579681	3.20904199971835
1865	82.90818806355664	3.2087169778800972
1866	82.90842250650323	3.2083919646691017
1867	82.90865823642436	3.208066958324377
1868	82.9088952551078	3.2077419570849375
1869	82.90913356434129	3.2074169591898007
1870	82.90937316591263	3.20709196287798
1871	82.90961406160957	3.2067669663884915
1872	82.9098562532199	3.2064419679603495
1873	82.91009974253139	3.2061169658325683
1874	82.91034453133177	3.205791958244166
1875	82.91059062140887	3.205466943434155
1876	82.91083801455041	3.205141919641552
1877	82.91108671254418	3.2048168851053713
1878	82.91133671717795	3.204491838064628
1879	82.91158803023947	3.204166776758338
1880	82.91184065351655	3.2038416994255154
1881	82.9120945887969	3.2035166043051766
1882	82.91234983786835	3.203191489636336
1883	82.91260640251865	3.202866353658008
1884	82.91286428453554	3.2025411946092106
1885	82.91312348570683	3.202216010728955
1886	82.91338400782027	3.2018908002562583
1887	82.91364585266362	3.201565561430137
1888	82.91390902202468	3.201240292489605
1889	82.91417351769118	3.200914991673677
1890	82.91443934145093	3.200589657221368
1891	82.91470649509166	3.200264287371693
1892	82.91497498040117	3.199938880363669
1893	82.91524479916721	3.199613434436309
1894	82.91551595317756	3.1992879478286307
1895	82.91578844422	3.198962418779645
1896	82.91606227408226	3.198636845528372
1897	82.91633744455217	3.198311226313823
1898	82.91661395741744	3.197985559375016
1899	82.91689181446587	3.1976598429509635
1900	82.91717101748523	3.1973340752806836
1901	82.91745156826327	3.1970082546031877
1902	82.9177334685878	3.1966823791574956
1903	82.91801672024653	3.1963564471826174
1904	82.91830132502727	3.1960304569175726
1905	82.9185872847178	3.195704406601373
1906	82.91887460110586	3.1953782944730365
1907	82.91916327597923	3.195052118771576
1908	82.91945331112568	3.1947258777360097
1909	82.91974470833297	3.1943995696053475
1910	82.92003746938889	3.194073192618611
1911	82.9203315960812	3.1937467450148094
1912	82.92062709019767	3.1934202250329626
1913	82.92092395352604	3.1930936309120823
1914	82.92122218785414	3.1927669608911855
1915	82.92152179496969	3.1924402132092875
1916	82.92182277666048	3.192113386105402
1917	82.92212513471428	3.191786477818545
1918	82.92242887091884	3.1914594865877315
1919	82.92273398706195	3.191132410651977
1920	82.92304048493136	3.190805248250297
1921	82.92334836631487	3.1904779976217053
1922	82.92365763300023	3.1901506570052174
1923	82.9239682867752	3.1898232246398504
1924	82.92428032942759	3.189495698764617
1925	82.92459376274512	3.189168077618534
1926	82.92490858851556	3.188840359440614
1927	82.92522480852674	3.1885125424698746
1928	82.92554242456636	3.1881846249453316
1929	82.92586143842223	3.187856605105997
1930	82.9261818518821	3.1875284811908893
1931	82.92650366673375	3.187200251439022
1932	82.92682688476496	3.186871914089409
1933	82.92715150776347	3.186543467381069
1934	82.92747753751708	3.1862149095530135
1935	82.92780497581353	3.18588623884426
1936	82.92813382444061	3.1855574534938214
1937	82.92846408518608	3.1852285517407153
1938	82.92879575983771	3.1848995318239552
1939	82.92912885018329	3.184570391982558
1940	82.92946335801055	3.1842411304555354
1941	82.92979928510731	3.183911745481908
1942	82.93013663326128	3.183582235300684
1943	82.93047540426026	3.183252598150886
1944	82.93081559989204	3.182922832271523
1945	82.93115722194436	3.182592935901613
1946	82.93150027220501	3.1822629072801716
1947	82.93184475246174	3.1819327446462125
1948	82.93219066450233	3.1816024462387515
1949	82.93253801011454	3.181272010296804
1950	82.93288679108615	3.1809414350593843
1951	82.93323700920493	3.180610718765509
1952	82.93358866625864	3.180279859654191
1953	82.93394176403505	3.179948855964449
1954	82.93429630432196	3.1796177059352932
1955	82.93465228890709	3.179286407805743
1956	82.93500971957825	3.1789549598148117
1957	82.93536859812318	3.178623360201515
1958	82.93572892632966	3.178291607204868
1959	82.93609070598546	3.1779596990638854
1960	82.93645393887836	3.1776276340175813
1961	82.93681862679612	3.177295410304975
1962	82.9371847715265	3.176963026165077
1963	82.93755237485729	3.1766304798369043
1964	82.93792143857625	3.1762977695594725
1965	82.93829196447113	3.175964893571795
1966	82.93866395432974	3.17563185011289
1967	82.93903740993981	3.1752986374217698
1968	82.93941233308915	3.1749652537374504
1969	82.93978872556549	3.1746316972989486
1970	82.9401665891566	3.1742979663452764
1971	82.9405459256503	3.173964059115452
1972	82.9409267368343	3.173629973848488
1973	82.9413090244964	3.173295708783401
1974	82.94169279042437	3.1729612621592067
1975	82.94207803640596	3.1726266322149184
1976	82.94246476422896	3.1722918171895533
1977	82.94285297568113	3.1719568153221243
1978	82.94324267255026	3.1716216248516482
1979	82.94363385662406	3.1712862440171405
1980	82.94402652969038	3.170950671057615
1981	82.94442069353693	3.1706149042120866
1982	82.94481634995148	3.170278941719573
1983	82.94521350072185	3.1699427818190866
1984	82.94561214763577	3.1696064227496437
1985	82.94601229248102	3.169269862750259
1986	82.94641393704535	3.168933100059948
1987	82.94681708311656	3.1685961329177266
1988	82.9472217324824	3.1682589595626096
1989	82.94762788693065	3.1679215782336096
1990	82.94803554824908	3.1675839871697455
1991	82.94844471822543	3.167246184610029
1992	82.94885539864751	3.1669081687934804
1993	82.94926759130308	3.1665699379591077
1994	82.9496812979799	3.1662314903459334
1995	82.95009652046573	3.165892824192966
1996	82.95051326054835	3.1655539377392254
1997	82.95093152001553	3.165214829223724
1998	82.95135130065506	3.1648754968854793
1999	82.95177260425467	3.164535938963503
2000	82.95219543260217	3.1641961536968153
2001	82.95261978748529	3.1638561393244267
2002	82.95304567069182	3.1635158940853554
2003	82.95347308400953	3.1631754162186136
2004	82.95390202922619	3.1628347039632194
2005	82.95433250812957	3.162493755558186
2006	82.95476452250742	3.1621525692425294
2007	82.95519807414755	3.161811143255264
2008	82.95563316483768	3.1614694758354065
2009	82.9560697963656	3.1611275652219697
2010	82.9565079705191	3.1607854096539723
2011	82.95694768908592	3.160443007370425
2012	82.95738895385387	3.160100356610347
2013	82.95783176661067	3.1597574556127506
2014	82.9582761291441	3.159414302616652
2015	82.95872204324196	3.159070895861067
2016	82.95916951069199	3.1587272335850085
2017	82.95961853328198	3.1583833140274953
2018	82.96006911279969	3.1580391354275394
2019	82.96052125103287	3.1576946960241563
2020	82.96097494976932	3.1573499940563634
2021	82.9614302107968	3.1570050277631725
2022	82.96188703590308	3.1566597953836015
2023	82.96234542687591	3.1563142951566654
2024	82.9628053855031	3.1559685253213776
2025	82.96326691357237	3.155622484116755
2026	82.96373001287152	3.1552761697818115
2027	82.96419468518833	3.1549295805555624
2028	82.96466093231054	3.1545827146770242
2029	82.96512875602595	3.1542355703852096
2030	82.96559815812229	3.153888145919136
2031	82.96606914038735	3.1535404395178173
2032	82.96654170460893	3.153192449420269
2033	82.96701585257475	3.1528441738655073
2034	82.9674915860726	3.152495611092545
2035	82.96796890689025	3.152146759340399
2036	82.96844781681547	3.1517976168480843
2037	82.96892831763603	3.151448181854616
2038	82.96941041113969	3.1510984525990087
2039	82.96989409911424	3.150748427320278
2040	82.97037938334744	3.150398104257438
2041	82.97086626562704	3.150047481649507
2042	82.97135474774085	3.149696557735495
2043	82.97184483147659	3.1493453307544232
2044	82.97233651862207	3.1489937989453005
2045	82.97282981096502	3.148641960547147
2046	82.97332471029327	3.148289813798976
2047	82.97382121839453	3.1479373569398024
2048	82.9743193370566	3.147584588208641
2049	82.97481906806723	3.147231505844508
2050	82.97532041321422	3.146878108086417
2051	82.97582337428531	3.1465243931733875
2052	82.97632795306828	3.1461703593444277
2053	82.9768341513509	3.1458160048385593
2054	82.97734197092095	3.1454613278947923
2055	82.97785141356617	3.145106326752146
2056	82.97836248107437	3.1447509996496326
2057	82.97887517523327	3.1443953448262687
2058	82.97938949783068	3.1440393605210684
2059	82.97990545065437	3.143683044973049
2060	82.98042303549208	3.143326396421222
2061	82.9809422541316	3.1429694131046078
2062	82.98146310836069	3.142612093262216
2063	82.98198559996712	3.142254435133064
2064	82.98250973073868	3.1418964369561686
2065	82.98303550246311	3.141538096970543
2066	82.98356291692821	3.141179413415203
2067	82.98409197592171	3.140820384529163
2068	82.98462268123141	3.1404610085514393
2069	82.98515503464508	3.1401012837210467
2070	82.98568903795046	3.1397412082769995
2071	82.98622469293537	3.1393807804583145
2072	82.98676200138752	3.139019998504004
2073	82.98730096509473	3.1386588606530865
2074	82.98784158584473	3.138297365144575
2075	82.9883838654253	3.1379355102174853
2076	82.98892780562424	3.137573294110834
2077	82.98947340822929	3.137210715063633
2078	82.99002067502823	3.1368477713148994
2079	82.99056960780882	3.1364844611036493
2080	82.99112020835882	3.1361207826688955
2081	82.99167247846604	3.1357567342496546
2082	82.99222641991821	3.1353923140849425
2083	82.99278203450312	3.1350275204137716
2084	82.99333932400853	3.1346623514751606
2085	82.9938982902222	3.134296805508122
2086	82.99445893493193	3.133930880751673
2087	82.99502125992547	3.1335645754448254
2088	82.99558526699057	3.1331978878265985
2089	82.99615095791503	3.1328308161360043
2090	82.99671833448663	3.1324633586120596
2091	82.9972873984931	3.1320955134937782
2092	82.99785815172221	3.1317272790201782
2093	82.99843059596178	3.131358653430269
2094	82.99900473299952	3.130989634963074
2095	82.99958056462326	3.1306202218576
2096	83.00015809262071	3.130250412352867
2097	83.00073731877967	3.1298802046878893
2098	83.00131824488791	3.1295095971016824
2099	83.00190087273319	3.1291385878332596
2100	83.00248520410328	3.128767175121639
2101	83.00307124078596	3.128395357205831
