321	252.6700333787814	4.909750423860269
322	252.66487489558338	4.905864068879432
323	252.6597235939458	4.9019847967461505
324	252.65457946868082	4.898112601345458
325	252.64944251460042	4.894247476562386
326	252.64431272651672	4.89038941628197
327	252.63919009924174	4.88653841438924
328	252.63407462758755	4.882694464769231
329	252.6289663063662	4.878857561306974
330	252.6238651303898	4.875027697887505
331	252.6187710944703	4.871204868395855
332	252.6136841934199	4.867389066717057
333	252.60860442205055	4.863580286736143
334	252.60353177517433	4.859778522338148
335	252.59846624760334	4.855983767408104
336	252.5934078341496	4.852196015831044
337	252.5883565296252	4.848415261492
338	252.58331232884214	4.844641498276006
339	252.57827522661256	4.840874720068095
340	252.57324521774845	4.837114920753299
341	252.5682222970619	4.8333620942166515
342	252.563206459365	4.829616234343186
343	252.55819769946976	4.825877335017935
344	252.55319601218824	4.822145390125931
345	252.54820139233252	4.818420393552207
346	252.54321383471463	4.814702339181797
347	252.53823333414672	4.810991220899733
348	252.53325988544074	4.807287032591047
349	252.5282934834088	4.803589768140773
350	252.5233341228629	4.7998994214339445
351	252.5183817986152	4.796215986355595
352	252.5134365054777	4.792539456790754
353	252.50849823826246	4.788869826624458
354	252.50356699178155	4.785207089741738
355	252.49864276084702	4.781551240027628
356	252.49372554027093	4.777902271367161
357	252.48881532486536	4.774260177645369
358	252.48391210944231	4.770624952747285
359	252.4790158888139	4.766996590557942
360	252.47412665779217	4.763375084962374
361	252.4692444111892	4.759760429845613
362	252.46436914381704	4.756152619092693
363	252.4595008504877	4.752551646588644
364	252.45463952601327	4.7489575062185025
365	252.4497851652058	4.7453701918673
366	252.44493776287743	4.741789697420069
367	252.4400973138401	4.738216016761842
368	252.43526381290593	4.734649143777654
369	252.43043725488698	4.731089072352535
370	252.42561763459528	4.727535796371521
371	252.42080494684296	4.723989309719643
372	252.41599918644198	4.720449606281934
373	252.41120034820446	4.716916679943429
374	252.40640842694242	4.713390524589158
375	252.40162341746796	4.709871134104154
376	252.39684531459318	4.706358502373454
377	252.39207411313	4.702852623282086
378	252.3873098078906	4.699353490715085
379	252.38255239368698	4.695861098557485
380	252.37780186533124	4.692375440694318
381	252.37305821763545	4.688896511010617
382	252.3683214454116	4.685424303391413
383	252.36359154347176	4.681958811721742
384	252.35886850662806	4.678500029886635
385	252.35415232969248	4.675047951771127
386	252.34944300747716	4.671602571260247
387	252.34474053479408	4.668163882239033
388	252.34004490645532	4.664731878592514
389	252.33535611727297	4.661306554205725
390	252.33067416205907	4.657887902963696
391	252.3259990356257	4.654475918751465
392	252.32133073278487	4.651070595454061
393	252.31666924834866	4.6476719269565185
394	252.31201457712913	4.6442799071438685
395	252.30736671393836	4.640894529901146
396	252.30272565358842	4.637515789113385
397	252.2980913908913	4.634143678665615
398	252.29346392065912	4.630778192442871
399	252.28884323770393	4.6274193243301855
400	252.28422933683777	4.624067068212592
401	252.2796222128727	4.620721417975123
402	252.27502186062083	4.6173823675028105
403	252.27042827489413	4.61404991068069
404	252.26584145050472	4.610724041393792
405	252.26126138226462	4.607404753527149
406	252.25668806498598	4.604092040965797
407	252.25212149348076	4.600785897594766
408	252.24756166256103	4.59748631729909
409	252.24300856703888	4.5941932939638015
410	252.23846220172638	4.5909068214739355
411	252.23392256143555	4.587626893714523
412	252.22938964097847	4.584353504570597
413	252.2248634351672	4.581086647927189
414	252.22034393881378	4.577826317669335
415	252.21583114673035	4.574572507682067
416	252.21132505372884	4.571325211850417
417	252.20682565462138	4.568084424059418
418	252.20233294422005	4.564850138194104
419	252.19784691733685	4.561622348139507
420	252.1933675687839	4.558401047780659
421	252.1888948933732	4.555186231002597
422	252.18442888591684	4.551977891690349
423	252.1799695412269	4.5487760237289505
424	252.1755168541154	4.545580621003434
425	252.17107081939443	4.5423916773988315
426	252.16663143187603	4.5392091868001785
427	252.16219868637225	4.536033143092505
428	252.15777257769517	4.532863540160845
429	252.15335310065683	4.5297003718902324
430	252.14894025006936	4.5265436321656995
431	252.1445340207447	4.523393314872278
432	252.14013440749497	4.5202494138950025
433	252.13574140513222	4.517111923118906
434	252.13135500846855	4.5139808364290195
435	252.12697521231598	4.510856147710378
436	252.12260201148658	4.507737850848013
437	252.11823540079237	4.504625939726958
438	252.11387537504547	4.501520408232247
439	252.10952192905788	4.498421250248911
440	252.10517505764173	4.495328459661984
441	252.10083475560901	4.4922420303565
442	252.09650101777183	4.48916195621749
443	252.09217383894222	4.486088231129987
444	252.08785321393225	4.483020848979025
445	252.083539137554	4.479959803649637
446	252.07923160461945	4.476905089026856
447	252.07493060994074	4.473856698995712
448	252.0706361483299	4.470814627441242
449	252.066348214599	4.467778868248477
450	252.0620668035601	4.4647494153024505
451	252.05779191002523	4.461726262488194
452	252.05352352880647	4.458709403690742
453	252.04926165471588	4.455698832795129
454	252.0450062825655	4.452694543686384
455	252.04075740716746	4.4496965302495415
456	252.03651502333372	4.446704786369636
457	252.03227912587639	4.443719305931698
458	252.02804970960753	4.4407400828207635
459	252.0238267693392	4.437767110921861
460	252.01961029988345	4.434800384120028
461	252.01540029605232	4.431839896300295
462	252.0111967526579	4.428885641347694
463	252.00699966451222	4.425937613147262
464	252.0028090264274	4.422995805584028
465	251.99862483321542	4.420060212543026
466	251.9944470796884	4.417130827909289
467	251.99027576065834	4.414207645567849
468	251.98611087093735	4.411290659403742
469	251.9819524053375	4.408379863301999
470	251.97780035867078	4.405475251147651
471	251.9736547257493	4.402576816825734
472	251.96951550138513	4.39968455422128
473	251.96538268039026	4.396798457219321
474	251.96125625757688	4.39391851970489
475	251.9571362277569	4.391044735563021
476	251.95302258574245	4.388177098678748
477	251.9489153263456	4.3853156029371005
478	251.94481444437838	4.382460242223114
479	251.9407199346529	4.37961101042182
480	251.93663179198114	4.376767901418253
481	251.9325500111752	4.373930909097444
482	251.92847458704716	4.371100027344429
483	251.92440551440905	4.368275250044238
484	251.92034278807296	4.365456571081905
485	251.91628640285091	4.362643984342462
486	251.91223635355496	4.359837483710944
487	251.9081926349972	4.357037063072381
488	251.90415524198966	4.35424271631181
489	251.90012416934442	4.35145443731426
490	251.89609941187354	4.348672219964765
491	251.89208096438907	4.3458960581483606
492	251.88806882170306	4.343125945750076
493	251.88406297862755	4.340361876654946
494	251.88006342997468	4.337603844748003
495	251.87607017055643	4.334851843914281
496	251.8720831951849	4.332105868038811
497	251.86810249867213	4.329365911006628
498	251.86412807583017	4.326631966702763
499	251.8601599214711	4.323904029012251
500	251.85619803040697	4.3211820918201225
501	251.85224239744986	4.318466149011412
502	251.84829301741178	4.315756194471152
503	251.84434988510483	4.313052222084378
504	251.8404129953411	4.310354225736118
505	251.83648234293256	4.307662199311409
506	251.8325579226913	4.304976136695282
507	251.82863972942943	4.30229603177277
508	251.82472775795895	4.299621878428906
509	251.82082200309196	4.296953670548724
510	251.8169224596405	4.294291402017256
511	251.81302912241662	4.291635066719535
512	251.8091419862324	4.288984658540594
513	251.8052610458999	4.286340171365466
514	251.80138629623116	4.283701599079183
515	251.79751773203822	4.281068935566781
516	251.79365534813317	4.278442174713289
517	251.7897991393281	4.2758213104037415
518	251.78594910043503	4.273206336523173
519	251.782105226266	4.270597246956614
520	251.7782675116331	4.267994035589099
521	251.77443595134838	4.26539669630566
522	251.77061054022388	4.262805222991331
523	251.76679127307173	4.260219609531143
524	251.7629781447039	4.257639849810131
525	251.75917114993248	4.255065937713328
526	251.75537028356956	4.252497867125766
527	251.75157554042715	4.249935631932476
528	251.7477869153174	4.247379226018495
529	251.74400440305223	4.244828643268853
530	251.7402279984438	4.2422838775685845
531	251.73645769630411	4.23974492280272
532	251.73269349144527	4.237211772856297
533	251.72893537867935	4.234684421614343
534	251.72518335281836	4.232162862961896
535	251.72143740867438	4.229647090783984
536	251.71769754105944	4.227137098965644
537	251.71396374478564	4.224632881391907
538	251.71023601466504	4.222134431947806
539	251.70651434550967	4.219641744518373
540	251.7027987321316	4.217154812988644
541	251.6990891693429	4.214673631243651
542	251.6953856519556	4.212198193168423
543	251.69168817478183	4.209728492647999
544	251.68799673263356	4.207264523567407
545	251.68431132032288	4.204806279811683
546	251.68063193266187	4.202353755265857
547	251.67695856446255	4.199906943814965
548	251.67329121053706	4.197465839344039
549	251.66962986569737	4.1950304357381105
550	251.66597452475557	4.192600726882213
551	251.66232518252372	4.190176706661381
552	251.65868183381386	4.187758368960646
553	251.65504447343812	4.185345707665042
554	251.65141309620847	4.182938716659599
555	251.64778769693703	4.180537389829356
556	251.6441682704358	4.178141721059339
557	251.64055481151692	4.175751704234585
558	251.6369473149924	4.173367333240125
559	251.6333457756743	4.170988601960993
560	251.62975018837466	4.168615504282224
561	251.62616054790558	4.166248034088845
562	251.62257684907908	4.163886185265896
563	251.61899908670728	4.161529951698405
564	251.61542725560219	4.159179327271407
565	251.61186135057585	4.156834305869935
566	251.60830136644034	4.154494881379021
567	251.60474729800777	4.152161047683698
568	251.60119914009013	4.149832798668999
569	251.59765688749948	4.147510128219957
570	251.59412053504795	4.145193030221606
571	251.59059007754752	4.142881498558978
572	251.58706550981032	4.1405755271171065
573	251.5835468266483	4.138275109781023
574	251.58003402287363	4.135980240435762
575	251.57652709329832	4.133690912966355
576	251.57302603273445	4.131407121257836
577	251.56953083599407	4.129128859195237
578	251.56604149788922	4.126856120663593
579	251.56255801323198	4.124588899547936
580	251.5590803768344	4.122327189733296
581	251.55560858350853	4.12007098510471
582	251.5521426280665	4.1178202795472085
583	251.54868250532024	4.115575066945826
584	251.5452282100819	4.113335341185595
585	251.54177973716352	4.111101096151547
586	251.53833708137714	4.108872325728718
587	251.53490023753488	4.106649023802137
588	251.53146920044873	4.104431184256839
589	251.52804396493076	4.102218800977858
590	251.52462452579306	4.100011867850226
591	251.52121087784766	4.097810378758975
592	251.51780301590665	4.095614327589138
593	251.51440093478206	4.09342370822575
594	251.51100462928596	4.091238514553842
595	251.5076140942304	4.089058740458446
596	251.50422932442746	4.086884379824598
597	251.5008503146892	4.084715426537329
598	251.49747705982765	4.082551874481672
599	251.49410955465487	4.080393717542661
600	251.49074779398293	4.078240949605327
601	251.4873917726239	4.076093564554705
602	251.48404148538987	4.073951556275826
603	251.48069692709282	4.0718149186537245
604	251.47735809254485	4.069683645573432
605	251.47402497655804	4.067557730919984
606	251.4706975739444	4.065437168578411
607	251.46737587951606	4.063321952433745
608	251.464059888085	4.061212076371023
609	251.4607495944633	4.059107534275276
610	251.45744499346304	4.057008320031533
611	251.4541460798963	4.054914427524833
612	251.45085284857512	4.052825850640206
613	251.44756529431152	4.050742583262685
614	251.44428341191758	4.048664619277303
615	251.4410071962054	4.046591952569093
616	251.437736641987	4.044524577023088
617	251.43447174407444	4.042462486524322
618	251.4312124972798	4.040405674957826
619	251.4279588964151	4.038354136208634
620	251.42471093629243	4.036307864161778
621	251.42146861172387	4.034266852702293
622	251.4182319175214	4.032231095715209
623	251.4150008484972	4.030200587085561
624	251.41177539946318	4.0281753206983835
625	251.40855556523152	4.026155290438706
626	251.40534134061426	4.024140490191563
627	251.40213272042342	4.022130913841987
628	251.39892969947107	4.020126555275013
629	251.39573227256926	4.01812740837567
630	251.39254043453008	4.016133467028993
631	251.38935418016558	4.0141447251200155
632	251.3861735042878	4.0121611765337715
633	251.38299840170882	4.010182815155291
634	251.37982886724066	4.008209634869608
635	251.37666489569543	4.006241629561757
636	251.3735064818852	4.004278793116768
637	251.37035362062196	4.002321119419678
638	251.3672063067178	4.000368602355515
639	251.3640645349848	3.998421235809316
640	251.360928300235	3.9964790136661126
641	251.3577975972805	3.994541929810936
642	251.35467242093327	3.992609978128822
643	251.35155276600543	3.9906831525048023
644	251.34843862730904	3.9887614468239105
645	251.34532999965614	3.986844854971176
646	251.34222687785882	3.9849333708316372
647	251.3391292567291	3.9830269882903235
648	251.33603713107905	3.981125701232269
649	251.33295049572075	3.979229503542505
650	251.32986934546622	3.9773383891060674
651	251.3267936751276	3.975452351807987
652	251.32372347951684	3.9735713855332966
653	251.32065875344605	3.97169548416703
654	251.31759949172732	3.9698246415942204
655	251.31454568917266	3.9679588516999003
656	251.31149734059417	3.9660981083691023
657	251.30845444080387	3.9642424054868584
658	251.30541698461383	3.9623917369382045
659	251.30238496683612	3.960546096608171
660	251.29935838228278	3.958705478381792
661	251.29633722576594	3.9568698761440992
662	251.29332149209756	3.9550392837801267
663	251.29031117608972	3.9532136951749077
664	251.28730627255453	3.951393104213473
665	251.284306776304	3.949577504780859
666	251.28131268215026	3.9477668907620953
667	251.27832398490526	3.9459612560422177
668	251.27534067938115	3.944160594506255
669	251.2723627603899	3.9423649000392453
670	251.2693902227437	3.940574166526218
671	251.2664230612545	3.938788387852208
672	251.26346127073438	3.9370075579022457
673	251.26050484599543	3.9352316705613664
674	251.25755378184968	3.9334607197146023
675	251.25460807310924	3.931694699246987
676	251.25166771458606	3.9299336030435508
677	251.2487327010923	3.9281774249893298
678	251.24580302744	3.9264261589693557
679	251.24287868844118	3.9246797988686617
680	251.23995967890795	3.9229383385722794
681	251.23704599365234	3.921201771965243
682	251.2341376274864	3.919470092932586
683	251.2312345752222	3.91774329535934
684	251.22833683167178	3.9160213731305387
685	251.22544439164727	3.9143043201312144
686	251.22255724996066	3.9125921302464017
687	251.219675401424	3.9108847973611303
688	251.2167988408494	3.9091823153604364
689	251.2139275630489	3.9074846781293515
690	251.21106156283457	3.905791879552909
691	251.20820083501843	3.90410391351614
692	251.20534537441256	3.9024207739040806
693	251.20249517582903	3.9007424546017613
694	251.19965023407988	3.899068949494217
695	251.19681054397722	3.8974002524664773
696	251.19397610033303	3.8957363574035786
697	251.1911468979594	3.8940772581905523
698	251.18832293166844	3.892422948712432
699	251.18550419627212	3.8907734228542488
700	251.1826906865826	3.8891286745010385
701	251.17988239741183	3.8874886975378318
702	251.17707932357195	3.885853485849662
703	251.17428145987498	3.884223033321563
704	251.17148880113297	3.882597333838567
705	251.16870134215804	3.8809763812857074
706	251.1659190777622	3.8793601695480158
707	251.16314200275752	3.877748692510527
708	251.16037011195604	3.876141944058273
709	251.15760340016985	3.874539918076287
710	251.15484186221101	3.8729426084496006
711	251.15208549289153	3.871350009063249
712	251.14933428702352	3.8697621138022638
713	251.146588239419	3.8681789165516784
714	251.14384734489008	3.8666004111965244
715	251.1411115982488	3.8650265916218367
716	251.1383809943072	3.863457451712647
717	251.13565552787733	3.861892985353989
718	251.13293519377126	3.8603331864308945
719	251.13021998680108	3.8587780488283974
720	251.12750990177884	3.8572275664315305
721	251.12480493351657	3.855681733125326
722	251.12210507682633	3.8541405427948177
723	251.11941032652018	3.8526039893250394
724	251.11672067741023	3.851072066601022
725	251.11403612430848	3.8495447685077986
726	251.11135666202702	3.8480220889304038
727	251.10868228537788	3.8465040217538693
728	251.10601298917314	3.8449905608632284
729	251.1033487682249	3.8434817001435135
730	251.10068961734513	3.8419774334797583
731	251.09803553134591	3.840477754756996
732	251.09538650503936	3.8389826578602584
733	251.0927425332375	3.8374921366745784
734	251.0901036107524	3.8360061850849907
735	251.0874697323961	3.8345247969765266
736	251.08484089298068	3.8330479662342194
737	251.08221708731818	3.831575686743102
738	251.07959831022066	3.8301079523882073
739	251.0769845565002	3.828644757054569
740	251.07437582096884	3.827186094627219
741	251.07177209843866	3.8257319589911902
742	251.06917338372168	3.824282344031517
743	251.06657967163	3.8228372436332307
744	251.06399095697566	3.8213966516813644
745	251.0614072345707	3.819960562060952
746	251.05882849922722	3.8185289686570263
747	251.05625474575726	3.81710186535462
748	251.05368596897284	3.8156792460387647
749	251.05112216368613	3.8142611045944954
750	251.04856332470905	3.812847434906844
751	251.04600944685376	3.8114382308608437
752	251.04346052493227	3.8100334863415264
753	251.04091655375663	3.8086331952339267
754	251.038377528139	3.807237351423077
755	251.0358434428913	3.8058459487940097
756	251.03331429282565	3.8044589812317575
757	251.0307900727541	3.8030764426213546
758	251.02827077748873	3.8016983268478333
759	251.02575640184162	3.8003246277962264
760	251.02324694062477	3.798955339351566
761	251.02074238865023	3.7975904553988866
762	251.01824274073013	3.7962299698232207
763	251.0157479916765	3.7948738765096
764	251.0132581363014	3.7935221693430594
765	251.01077316941686	3.7921748422086305
766	251.00829308583496	3.7908318889913466
767	251.00581788036774	3.78949330357624
768	251.0033475478273	3.788159079848345
769	251.00088208302572	3.786829211692694
770	250.99842148077497	3.7855036929943195
771	250.99596573588715	3.7841825176382535
772	250.99351484317432	3.7828656795095315
773	250.99106879744855	3.7815531724931843
774	250.98862759352193	3.7802449904742463
775	250.98619122620644	3.778941127337748
776	250.9837596903142	3.7776415769687253
777	250.98133298065724	3.77634633325221
778	250.97891109204764	3.7750553900732347
779	250.97649401929743	3.7737687413168315
780	250.9740817572187	3.772486380868035
781	250.97167430062348	3.771208302611878
782	250.96927164432384	3.7699345004333917
783	250.9668737831319	3.768664968217611
784	250.9644807118596	3.767399699849568
785	250.96209242531907	3.7661386892142965
786	250.95970891832238	3.7648819301968266
787	250.95733018568154	3.763629416682195
788	250.9549562222087	3.7623811425554323
789	250.9525870227158	3.7611371017015722
790	250.95022258201496	3.7598972880056465
791	250.94786289491825	3.7586616953526906
792	250.94550795623772	3.7574303176277355
793	250.94315776078543	3.7562031487158145
794	250.9408123033734	3.7549801825019595
795	250.93847157881376	3.7537614128712056
796	250.9361355819185	3.752546833708585
797	250.9338043074997	3.7513364388991297
798	250.93147775036948	3.7501302223278725
799	250.92915590533983	3.748928177879848
800	250.9268387672228	3.7477302994400885
801	250.92452633083047	3.746536580893626
802	250.92221859097492	3.7453470161254936
803	250.91991554246823	3.7441615990207255
804	250.9176171801224	3.7429803234643537
805	250.9153234987495	3.7418031833414105
806	250.91303449316158	3.7406301725369304
807	250.91075015817074	3.739461284935946
808	250.90847048858905	3.738296514423489
809	250.9061954792285	3.737135854884592
810	250.9039251249012	3.7359793002042907
811	250.90165942041918	3.734826844267616
812	250.89939836059452	3.7336784809596013
813	250.89714194023932	3.732534204165278
814	250.89489015416555	3.731394007769682
815	250.8926429971853	3.7302578856578443
816	250.89040046411066	3.729125831714798
817	250.88816254975367	3.727997839825576
818	250.8859292489264	3.726873903875212
819	250.88370055644089	3.7257540177487387
820	250.8814764671092	3.7246381753311884
821	250.8792569757434	3.7235263705075936
822	250.87704207715552	3.722418597162989
823	250.8748317661577	3.721314849182406
824	250.8726260375619	3.7202151204508778
825	250.87042488618025	3.7191194048534384
826	250.86822830682473	3.71802769627512
827	250.86603629430752	3.7169399886009553
828	250.86384884344056	3.7158562757159763
829	250.86166594903597	3.7147765515052185
830	250.8594876059058	3.7137008098537128
831	250.8573138088621	3.712629044646493
832	250.85514455271698	3.711561249768591
833	250.8529798322824	3.7104974191050406
834	250.85081964237048	3.709437546540875
835	250.84866397779328	3.7083816259611275
836	250.84651283336285	3.7073296512508285
837	250.84436620389127	3.706281616295014
838	250.84222408419055	3.705237514978715
839	250.8400864690728	3.7041973411869655
840	250.83795335335003	3.703161088804797
841	250.83582473183435	3.702128751717245
842	250.83370059933782	3.7011003238093396
843	250.83158095067242	3.700075798966115
844	250.82946578065028	3.699055171072605
845	250.82735508408345	3.6980384340138412
846	250.82524885578397	3.6970255816748576
847	250.82314709056396	3.696016607940685
848	250.82104978323537	3.6950115066963596
849	250.81895692861033	3.6940102718269117
850	250.8168685215009	3.6930128972173755
851	250.81478455671913	3.692019376752783
852	250.81270502907708	3.691029704318168
853	250.8106299333868	3.6900438737985635
854	250.80855926446034	3.6890618790790017
855	250.80649301710977	3.6880837140445153
856	250.80443118614716	3.6871093725801387
857	250.8023737663846	3.686138848570904
858	250.80032075263406	3.685172135901844
859	250.79827213970765	3.684209228457991
860	250.79622792241744	3.683250120124379
861	250.79418809557546	3.682294804786041
862	250.79215265399384	3.6813432763280085
863	250.79012159248452	3.6803955286353167
864	250.78809490585965	3.6794515555929967
865	250.78607258893126	3.6785113510860823
866	250.78405463651143	3.6775749089996057
867	250.7820410434122	3.6766422232186002
868	250.7800318044456	3.6757132876281
869	250.77802691442375	3.6747880961131356
870	250.77602636815865	3.673866642558741
871	250.7740301604624	3.67294892084995
872	250.77203828614705	3.672034924871795
873	250.77005074002466	3.671124648509309
874	250.76806751690728	3.6702180856475235
875	250.76608861160696	3.6693152301714735
876	250.76411401893577	3.6684160759661912
877	250.76214373370578	3.6675206169167094
878	250.76017775072904	3.6666288469080603
879	250.75821606481762	3.6657407598252782
880	250.75625867078355	3.664856349553396
881	250.75430556343895	3.663975609977445
882	250.7523567375958	3.663098534982459
883	250.75041218806618	3.662225118453472
884	250.74847190966216	3.661355354275516
885	250.74653589719583	3.6604892363336226
886	250.74460414547923	3.659626758512828
887	250.7426766493244	3.658767914698162
888	250.7407534035434	3.6579126987746595
889	250.7388344029483	3.6570611046273522
890	250.73691964235115	3.6562131261412736
891	250.73500911656407	3.655368757201457
892	250.733102820399	3.6545279916929347
893	250.7312007486681	3.6536908235007393
894	250.72930289618338	3.6528572465099045
895	250.72740925775693	3.652027254605464
896	250.72551982820082	3.6512008416724484
897	250.72363460232702	3.6503780015958927
898	250.72175357494768	3.649558728260829
899	250.7198767408748	3.64874301555229
900	250.7180040949205	3.6479308573553095
901	250.71613563189683	3.647122247554919
902	250.7142713466158	3.6463171800361533
903	250.71241123388947	3.645515648684044
904	250.71055528852995	3.644717647383624
905	250.70870350534926	3.643923170019927
906	250.70685587915952	3.643132210477986
907	250.7050124047727	3.6423447626428334
908	250.70317307700088	3.6415608203995014
909	250.70133789065616	3.6407803776330243
910	250.69950684055058	3.6400034282284346
911	250.69767992149625	3.6392299660707654
912	250.6958571283051	3.6384599850450488
913	250.6940384557893	3.6376934790363187
914	250.69222389876086	3.6369304419296076
915	250.69041345203186	3.6361708676099482
916	250.68860711041438	3.6354147499623735
917	250.6868048687204	3.634662082871917
918	250.68500672176205	3.633912860223611
919	250.68321266435137	3.6331670759024894
920	250.68142269130044	3.632424723793583
921	250.6796367974213	3.631685797781927
922	250.67785497752598	3.630950291752554
923	250.67607722642657	3.630218199590495
924	250.67430353893513	3.629489515180786
925	250.67253390986372	3.6287642324084572
926	250.6707683340244	3.6280423451585437
927	250.66900680622922	3.627323847316076
928	250.6672493212902	3.626608732766089
929	250.66549587401948	3.6258969953936155
930	250.66374645922906	3.625188629083688
931	250.66200107173105	3.6244836277213377
932	250.66025970633746	3.6237819851916004
933	250.65852235786033	3.6230836953795085
934	250.6567890211118	3.6223887521700937
935	250.6550596909039	3.621697149448389
936	250.6533343620486	3.6210088810994288
937	250.6516130293581	3.6203239410082446
938	250.64989568764435	3.61964232305987
939	250.64818233171945	3.618964021139337
940	250.6464729563955	3.61828902913168
941	250.64476755648448	3.617617340921931
942	250.64306612679852	3.6169489503951238
943	250.6413686621496	3.6162838514362896
944	250.63967515734984	3.6156220379304633
945	250.63798560721133	3.614963503762677
946	250.63630000654604	3.6143082428179616
947	250.63461835016608	3.613656248981354
948	250.6329406328835	3.6130075161378845
949	250.63126684951035	3.612362038172588
950	250.62959699485873	3.6117198089704936
951	250.62793106374065	3.6110808224166386
952	250.62626905096818	3.6104450723960535
953	250.6246109513534	3.6098125527937728
954	250.62295675970833	3.6091832574948266
955	250.6213064708451	3.608557180384251
956	250.61966007957568	3.607934315347077
957	250.6180175807122	3.607314656268339
958	250.61637896906666	3.6066981970330674
959	250.61474423945117	3.606084931526298
960	250.6131133866778	3.605474853633062
961	250.61148640555854	3.604867957238394
962	250.60986329090548	3.6042642362273245
963	250.6082440375307	3.6036636844848884
964	250.60662864024624	3.603066295896118
965	250.6050170938642	3.602472064346045
966	250.60340939319659	3.6018809837197048
967	250.60180553305545	3.6012930479021295
968	250.60020550825288	3.600708250778351
969	250.59860931360095	3.600126586233402
970	250.5970169439117	3.599548048152317
971	250.59542839399717	3.598972630420129
972	250.59384365866944	3.59840032692187
973	250.59226273274058	3.5978311315425717
974	250.59068561102262	3.597265038167269
975	250.58911228832767	3.596702040680994
976	250.5875427594677	3.5961421329687813
977	250.58597701925487	3.5955853089156604
978	250.58441506250117	3.5950315624066675
979	250.58285688401867	3.5944808873268337
980	250.58130247861948	3.5939332775611934
981	250.57975184111558	3.593388726994777
982	250.57820496631908	3.5928472295126204
983	250.576661849042	3.5923087789997545
984	250.57512248409648	3.591773369341213
985	250.5735868662945	3.5912409944220287
986	250.57205499044812	3.5907116481272356
987	250.57052685136944	3.590185324341865
988	250.56900244387052	3.5896620169509497
989	250.5674817627634	3.589141719839524
990	250.56596480286012	3.5886244268926206
991	250.56445155897276	3.588110131995272
992	250.56294202591337	3.58759882903251
993	250.56143619849402	3.58709051188937
994	250.5599340715268	3.5865851744508834
995	250.5584356398237	3.586082810602084
996	250.55694089819684	3.5855834142280023
997	250.55544984145823	3.585086979213674
998	250.55396246441995	3.5845934994441317
999	250.5524787618941	3.5841029688044075
1000	250.55099872869266	3.5836153811795337
1001	250.54952235962773	3.583130730454545
1002	250.54804964951137	3.5826490105144733
1003	250.54658059315565	3.582170215244351
1004	250.54511518537262	3.5816943385292115
1005	250.54365342097435	3.5812213742540893
1006	250.54219529477285	3.580751316304015
1007	250.5407408015802	3.5802841585640226
1008	250.5392899362085	3.5798198949191447
1009	250.5378426934698	3.579358519254415
1010	250.5363990681761	3.5789000254548657
1011	250.53495905513952	3.5784444074055295
1012	250.5335226491721	3.57799165899144
1013	250.5320898450859	3.5775417740976305
1014	250.530660637693	3.5770947466091325
1015	250.5292350218054	3.5766505704109797
1016	250.52781299223517	3.5762092393882052
1017	250.52639454379442	3.575770747425842
1018	250.52497967129517	3.5753350884089232
1019	250.52356836954954	3.5749022562224804
1020	250.5221606333695	3.5744722447515485
1021	250.52075645756716	3.574045047881159
1022	250.51935583695456	3.5736206594963456
1023	250.51795876634375	3.57319907348214
1024	250.51656524054687	3.572780283723577
1025	250.51517525437586	3.5723642841056886
1026	250.51378880264284	3.5719510685135067
1027	250.5124058801599	3.571540630832066
1028	250.511026481739	3.5711329649463988
1029	250.50965060219232	3.570728064741538
1030	250.50827823633185	3.5703259241025154
1031	250.50690937896962	3.5699265369143656
1032	250.50554402491775	3.569529897062121
1033	250.50418216898828	3.569135998430814
1034	250.5028238059933	3.5687448349054782
1035	250.5014689307448	3.5683564003711465
1036	250.50011753805487	3.5679706887128524
1037	250.49876962273558	3.567587693815627
1038	250.49742517959902	3.567207409564504
1039	250.49608420345717	3.566829829844517
1040	250.49474668912214	3.5664549485406996
1041	250.49341263140596	3.5660827595380824
1042	250.49208202512074	3.5657132567217
1043	250.49075486507851	3.565346433976585
1044	250.4894311460913	3.564982285187771
1045	250.4881108629712	3.5646208042402883
1046	250.48679401053028	3.564261985019173
1047	250.48548058358057	3.563905821409457
1048	250.4841705769342	3.563552307296173
1049	250.4828639854031	3.5632014365643534
1050	250.48156080379943	3.5628532030990323
1051	250.48026102693518	3.562507600785242
1052	250.4789646496225	3.5621646235080155
1053	250.4776716666734	3.561824265152385
1054	250.4763820728999	3.5614865196033847
1055	250.47509586311412	3.5611513807460473
1056	250.47381303212808	3.5608188424654053
1057	250.47253357475387	3.56048889864649
1058	250.47125748580353	3.5601615431743383
1059	250.46998476008912	3.55983676993398
1060	250.4687153924227	3.559514572810449
1061	250.4674493776163	3.5591949456887777
1062	250.46618671048205	3.5588778824539995
1063	250.46492738583197	3.5585633769911484
1064	250.4636713984781	3.5582514231852542
1065	250.46241874323252	3.557942014921354
1066	250.4611694149073	3.5576351460844777
1067	250.45992340831444	3.55733081055966
1068	250.4586807182661	3.557029002231931
1069	250.45744133957425	3.5567297149863273
1070	250.456205267051	3.55643294270788
1071	250.45497249550837	3.5561386792816223
1072	250.45374301975843	3.555846918592586
1073	250.45251683461328	3.555557654525806
1074	250.45129393488494	3.555270880966314
1075	250.45007431538545	3.554986591799143
1076	250.44885797092692	3.5547047809093257
1077	250.44764489632138	3.554425442181896
1078	250.44643508638092	3.554148569501887
1079	250.44522853591752	3.553874156754331
1080	250.4440252397433	3.5536021978242593
1081	250.44282519267034	3.553332686596707
1082	250.44162838951064	3.553065616956707
1083	250.44043482507632	3.552800982789292
1084	250.4392444941794	3.5525387779794935
1085	250.43805739163193	3.5522789964123462
1086	250.436873512246	3.5520216319728823
1087	250.43569285083362	3.551766678546134
1088	250.43451540220696	3.5515141300171362
1089	250.43334116117794	3.5512639802709205
1090	250.4321701225587	3.55101622319252
1091	250.43100228116126	3.5507708526669663
1092	250.42983763179774	3.550527862579296
1093	250.42867616928012	3.550287246814538
1094	250.4275178884205	3.5500489992577284
1095	250.42636278403094	3.5498131137938964
1096	250.42521085092352	3.5495795843080793
1097	250.4240620839103	3.5493484046853068
1098	250.42291647780326	3.5491195688106143
1099	250.4217740274145	3.548893070569031
1100	250.42063472755612	3.5486689038455945
1101	250.41949857304016	3.5484470625253346
1102	250.41836555867866	3.5482275404932855
1103	250.4172356792837	3.5480103316344787
1104	250.4161089296673	3.5477954298339487
1105	250.41498530464156	3.5475828289767284
1106	250.4138647990185	3.5473725229478488
1107	250.41274740761028	3.5471645056323458
1108	250.41163312522883	3.546958770915251
1109	250.41052194668626	3.5467553126815963
1110	250.40941386679464	3.546554124816415
1111	250.408308880366	3.5463552012047415
1112	250.40720698221247	3.5461585357316077
1113	250.40610816714604	3.545964122282046
1114	250.40501242997877	3.5457719547410895
1115	250.40391976552274	3.5455820269937726
1116	250.40283016859001	3.5453943329251265
1117	250.40174363399268	3.5452088664201855
1118	250.4006601565427	3.54502562136398
1119	250.39957973105223	3.5448445916415467
1120	250.39850235233325	3.544665771137916
1121	250.3974280151979	3.544489153738122
1122	250.39635671445822	3.544314733327195
1123	250.3952884449262	3.544142503790172
1124	250.39422320141395	3.543972459012083
1125	250.39316097873356	3.543804592877962
1126	250.392101771697	3.543638899272842
1127	250.39104557511646	3.5434753720817564
1128	250.3899923838039	3.5433140051897363
1129	250.3889421925714	3.5431547924818165
1130	250.387894996231	3.5429977278430282
1131	250.3868507895948	3.5428428051584064
1132	250.38580956747484	3.542690018312983
1133	250.3847713246832	3.54253936119179
1134	250.38373605603186	3.542390827679862
1135	250.38270375633297	3.5422444116622316
1136	250.38167442039855	3.542100107023931
1137	250.3806480430407	3.541957907649992
1138	250.37962461907142	3.5418178074254505
1139	250.3786041433028	3.5416798002353382
1140	250.37758661054687	3.5415438799646877
1141	250.37657201561575	3.5414100404985303
1142	250.37556035332142	3.541278275721902
1143	250.374551618476	3.5411485795198345
1144	250.37354580589152	3.5410209457773605
1145	250.37254291038005	3.5408953683795112
1146	250.37154292675368	3.5407718412113236
1147	250.3705458498244	3.5406503581578272
1148	250.36955167440428	3.5405309131040563
1149	250.36856039530545	3.5404134999350436
1150	250.3675720073399	3.5402981125358233
1151	250.36658650531973	3.540184744791426
1152	250.36560388405695	3.540073390586885
1153	250.36462413836367	3.539964043807235
1154	250.36364726305192	3.5398566983375086
1155	250.36267325293377	3.539751348062737
1156	250.3617021028213	3.539647986867954
1157	250.36073380752651	3.539546608638193
1158	250.3597683618615	3.5394472072584877
1159	250.35880576063835	3.5393497766138684
1160	250.35784599866906	3.5392543105893695
1161	250.3568890707658	3.5391608030700246
1162	250.35593497174045	3.5390692479408665
1163	250.3549836964052	3.5389796390869277
1164	250.3540352395721	3.5388919703932404
1165	250.35308959605317	3.538806235744839
1166	250.35214676066053	3.5387224290267554
1167	250.35120672820614	3.5386405441240227
1168	250.35026949350214	3.5385605749216738
1169	250.34933505136055	3.5384825153047426
1170	250.34840339659345	3.538406359158261
1171	250.3474745240129	3.538332100367261
1172	250.34654842843096	3.538259732816778
1173	250.34562510465966	3.538189250391843
1174	250.34470454751107	3.53812064697749
1175	250.34378675179727	3.538053916458751
1176	250.34287171233032	3.537989052720659
1177	250.34195942392228	3.537926049648249
1178	250.34104988138515	3.5378649011265515
1179	250.34014307953106	3.5378056010405996
1180	250.339239013172	3.537748143275427
1181	250.33833767712014	3.537692521716068
1182	250.33743906618744	3.537638730247553
1183	250.336543175186	3.537586762754915
1184	250.33564999892786	3.537536613123188
1185	250.33475953222506	3.5374882752374064
1186	250.33387176988975	3.5374417429826
1187	250.3329867067339	3.5373970102438053
1188	250.33210433756958	3.5373540709060514
1189	250.33122465720885	3.537312918854373
1190	250.33034766046381	3.537273547973804
1191	250.3294733421465	3.537235952149376
1192	250.32860169706896	3.537200125266123
1193	250.32773272004326	3.5371660612090765
1194	250.32686640588145	3.5371337538632703
1195	250.32600274939563	3.5371031971137374
1196	250.3251417453978	3.537074384845511
1197	250.32428338870005	3.5370473109436227
1198	250.32342767411444	3.537021969293107
1199	250.322574596453	3.536998353778996
1200	250.32172415052787	3.5369764582863232
1201	250.320876331151	3.536956276700121
1202	250.3200311331345	3.5369378029054213
1203	250.31918855129047	3.5369210307872594
1204	250.3183485804309	3.536905954230667
1205	250.31751121536792	3.5368925671206766
1206	250.3166764509135	3.5368808633423225
1207	250.31584428187975	3.536870836780636
1208	250.31501470307873	3.536862481320651
1209	250.3141877093225	3.5368557908473996
1210	250.31336329542313	3.5368507592459166
1211	250.31254145619266	3.536847380401233
1212	250.31172218644312	3.5368456481983825
1213	250.31090548098663	3.536845556522397
1214	250.3100913346352	3.536847099258312
1215	250.30927974220094	3.5368502702911577
1216	250.30847069849585	3.5368550635059686
1217	250.30766419833202	3.5368614727877765
1218	250.30686023652152	3.536869492021616
1219	250.30605880787635	3.5368791150925185
1220	250.3052599072087	3.5368903358855186
1221	250.30446352933046	3.536903148285646
1222	250.30366966905382	3.5369175461779374
1223	250.30287832119075	3.536933523447423
1224	250.30208948055338	3.5369510739791385
1225	250.30130314195375	3.536970191658113
1226	250.3005193002039	3.536990870369383
1227	250.29973795011585	3.537013103997979
1228	250.29895908650175	3.5370368864289357
1229	250.2981827041736	3.5370622115472847
1230	250.29740879794352	3.5370890732380604
1231	250.29663736262347	3.5371174653862947
1232	250.2958683930256	3.537147381877018
1233	250.29510188396188	3.537178816595269
1234	250.29433783024444	3.537211763426077
1235	250.29357622668536	3.5372462162544758
1236	250.2928170680966	3.537282168965496
1237	250.29206034929032	3.537319615444175
1238	250.29130606507852	3.537358549575542
1239	250.29055421027326	3.537398965244632
1240	250.28980477968665	3.5374408563364748
1241	250.28905776813068	3.5374842167361082
1242	250.28831317041744	3.537529040328562
1243	250.287570981359	3.5375753209988696
1244	250.2868311957674	3.5376230526320627
1245	250.28609380845478	3.5376722291131775
1246	250.28535881423306	3.5377228443272446
1247	250.28462620791436	3.5377748921592964
1248	250.28389598431076	3.537828366494368
1249	250.28316813823434	3.53788326121749
1250	250.2824426644971	3.537939570213698
1251	250.28171955791112	3.537997287368022
1252	250.28099881328845	3.538056406565496
1253	250.28028042544116	3.538116921691155
1254	250.27956438918136	3.538178826630029
1255	250.278850699321	3.5382421152671526
1256	250.27813935067223	3.5383067814875573
1257	250.27743033804705	3.538372819176278
1258	250.27672365625756	3.5384402222183478
1259	250.27601930011585	3.5385089844987947
1260	250.27531726443388	3.538579099902659
1261	250.27461754402378	3.5386505623149684
1262	250.27392013369757	3.5387233656207586
1263	250.27322502826738	3.5387975037050596
1264	250.2725322225452	3.538872970452907
1265	250.2718417113431	3.5389497597493325
1266	250.27115348947314	3.5390278654793708
1267	250.2704675517474	3.539107281528051
1268	250.26978389297793	3.539188001780411
1269	250.26910250797678	3.5392700201214793
1270	250.268423391556	3.5393533304362923
1271	250.2677465385277	3.5394379266098794
1272	250.26707194370388	3.5395238025272775
1273	250.2663996018966	3.539610952073516
1274	250.265729507918	3.5396993691336296
1275	250.26506165658006	3.5397890475926523
1276	250.2643960426948	3.5398799813356145
1277	250.2637326610744	3.539972164247551
1278	250.26307150653082	3.540065590213493
1279	250.26241257387622	3.540160253118475
1280	250.26175585792254	3.5402561468475295
1281	250.2611013534819	3.5403532652856895
1282	250.26044905536634	3.5404516023179875
1283	250.25979895838796	3.5405511518294577
1284	250.2591510573588	3.5406519077051315
1285	250.25850534709087	3.540753863830042
1286	250.25786182239628	3.5408570140892226
1287	250.25722047808708	3.5409613523677073
1288	250.25658130897534	3.5410668725505268
1289	250.25594430987312	3.5411735685227153
1290	250.25530947559244	3.541281434169305
1291	250.2546768009454	3.5413904633753304
1292	250.254046280744	3.541500650025823
1293	250.25341790980036	3.5416119880058163
1294	250.25279168292656	3.541724471200342
1295	250.2521675949346	3.541838093494437
1296	250.25154564063655	3.5419528487731293
1297	250.25092581484446	3.5420687309214545
1298	250.25030811237048	3.5421857338244433
1299	250.24969252802651	3.542303851367133
1300	250.24907905662474	3.542423077434552
1301	250.24846769297716	3.5425434059117356
1302	250.24785843189588	3.542664830683715
1303	250.24725126819294	3.5427873456355257
1304	250.24664619668036	3.542910944652199
1305	250.24604321217024	3.543035621618767
1306	250.2454423094746	3.5431613704202656
1307	250.24484348340556	3.543288184941725
1308	250.24424672877518	3.543416059068177
1309	250.24365204039546	3.5435449866846596
1310	250.24305941307847	3.543674961676201
1311	250.24246884163628	3.5438059779278364
1312	250.24188032088097	3.5439380293245972
1313	250.2412938456246	3.5440711097515183
1314	250.2407094106792	3.544205213093631
1315	250.2401270108568	3.544340333235969
1316	250.23954664096954	3.5444764640635644
1317	250.2389682958294	3.5446135994614507
1318	250.23839197024853	3.544751733314662
1319	250.2378176590389	3.5448908595082296
1320	250.23724535701263	3.5450309719271864
1321	250.23667505898172	3.545172064456566
1322	250.2361067597583	3.545314130981402
1323	250.2355404541544	3.5454571653867264
1324	250.23497613698203	3.5456011615575727
1325	250.23441380305331	3.545746113378972
1326	250.23385344718028	3.54589201473596
1327	250.233295064175	3.546038859513567
1328	250.23273864884953	3.5461866415968277
1329	250.23218419601594	3.5463353548707754
1330	250.23163170048625	3.546484993220441
1331	250.23108115707254	3.5466355505308593
1332	250.23053256058688	3.5467870206870624
1333	250.22998590584135	3.546939397574084
1334	250.22944118764795	3.547092675076955
1335	250.2288984008188	3.5472468470807104
1336	250.2283575401659	3.5474019074703826
1337	250.22781860050134	3.547557850131005
1338	250.2272815766372	3.54771466894761
1339	250.2267464633855	3.5478723578052285
1340	250.22621325555832	3.548030910588898
1341	250.22568194796773	3.5481903211836476
1342	250.22515253542574	3.5483505834745124
1343	250.2246250127445	3.5485116913465222
1344	250.22409937473594	3.5486736386847144
1345	250.22357561621223	3.5488364193741186
1346	250.22305373198537	3.5490000272997677
1347	250.22253371686747	3.5491644563466975
1348	250.22201556567057	3.5493297003999387
1349	250.2214992732067	3.5494957533445257
1350	250.2209848342879	3.549662609065488
1351	250.22047224372628	3.549830261447863
1352	250.21996149633392	3.5499987043766805
1353	250.2194525869228	3.550167931736976
1354	250.21894551030505	3.55033793741378
1355	250.2184402612927	3.5505087152921266
1356	250.21793683469778	3.550680259257048
1357	250.21743522533242	3.5508525631935792
1358	250.2169354280086	3.5510256209867483
1359	250.21643743753845	3.5511994265215945
1360	250.21594124873397	3.5513739736831473
1361	250.21544685640725	3.5515492563564397
1362	250.2149542553704	3.5517252684265044
1363	250.21446344043537	3.551902003778376
1364	250.21397440641425	3.5520794562970868
1365	250.21348714811916	3.5522576198676683
1366	250.2130016603621	3.552436488375155
1367	250.21251793795517	3.552616055704579
1368	250.2120359757104	3.552796315740973
1369	250.21155576843984	3.5529772623693714
1370	250.21107731095557	3.5531588894748056
1371	250.21060059806968	3.55334119094231
1372	250.21012562459418	3.5535241606569166
1373	250.20965238534112	3.553707792503656
1374	250.2091808751226	3.5538920803675667
1375	250.20871108875065	3.554077018133677
1376	250.20824302103733	3.5542625996870223
1377	250.20777666679476	3.554448818912632
1378	250.2073120208349	3.5546356696955446
1379	250.20684907796988	3.5548231459207886
1380	250.20638783301172	3.5550112414733985
1381	250.2059282807725	3.5551999502384057
1382	250.20547041606432	3.5553892661008466
1383	250.20501423369913	3.555579182945751
1384	250.20455972848907	3.5557696946581543
1385	250.20410689524618	3.5559607951230854
1386	250.20365572878254	3.556152478225582
1387	250.2032062239102	3.5563447378506736
1388	250.2027583754412	3.556537567883394
1389	250.20231217818758	3.556730962208778
1390	250.20186762696142	3.5569249147118556
1391	250.20142471657482	3.557119419277663
1392	250.2009834418398	3.55731446979123
1393	250.2005437975684	3.557510060137591
1394	250.20010577857272	3.5577061842017783
1395	250.1996693796648	3.557902835868827
1396	250.1992345956567	3.558100009023766
1397	250.19880142136049	3.5582976975516325
1398	250.1983698515882	3.5584958953374572
1399	250.19793988115194	3.558694596266273
1400	250.19751150486368	3.5588937942231134
1401	250.1970847175356	3.559093483093011
1402	250.19665951397968	3.5592936567609983
1403	250.19623588900797	3.5594943091121096
1404	250.19581383743255	3.559695434031376
1405	250.1953933540655	3.559897025403833
1406	250.19497443371887	3.5600990771145105
1407	250.19455707120468	3.5603015830484432
1408	250.19414126133503	3.5605045370906643
1409	250.193726998922	3.560707933126207
1410	250.19331427877756	3.5609117650401014
1411	250.1929030957139	3.561116026717383
1412	250.19249344454292	3.5613207120430843
1413	250.1920853200768	3.5615258149022395
1414	250.19167871712756	3.561731329179878
1415	250.19127363050728	3.561937248761037
1416	250.190870055028	3.562143567530746
1417	250.19046798550178	3.562350279374039
1418	250.19006741674067	3.56255737817595
1419	250.18966834355672	3.5627648578215103
1420	250.189270760762	3.5629727121957546
1421	250.18887466316866	3.5631809351837145
1422	250.1884800455886	3.563389520670423
1423	250.18808690283396	3.563598462540913
1424	250.1876952297168	3.563807754680219
1425	250.18730502104918	3.5640173909733717
1426	250.18691627164318	3.5642273653054053
1427	250.1865289763108	3.5644376715613517
1428	250.18614312986412	3.564648303626246
1429	250.1857587271152	3.56485925538512
1430	250.1853757628761	3.5650705207230047
1431	250.18499423195894	3.5652820935249343
1432	250.1846141291757	3.565493967675945
1433	250.18423544933844	3.5657061370610648
1434	250.18385818725926	3.5659185955653294
1435	250.1834823377502	3.5661313370737697
1436	250.18310789562338	3.5663443554714225
1437	250.18273485569074	3.566557644643316
1438	250.1823632127644	3.5667711984744863
1439	250.18199296165642	3.566985010849964
1440	250.18162409717885	3.567199075654786
1441	250.1812566141438	3.5674133867739806
1442	250.18089050736324	3.567627938092583
1443	250.1805257716493	3.5678427234956263
1444	250.180162401814	3.568057736868143
1445	250.1798003926694	3.5682729720951665
1446	250.1794397390276	3.5684884230617273
1447	250.17908043570063	3.568704083652862
1448	250.17872247750054	3.568919947753603
1449	250.1783658592394	3.569136009248979
1450	250.17801057572925	3.5693522620240286
1451	250.1776566217822	3.569568699963781
1452	250.17730399221026	3.569785316953272
1453	250.1769526818255	3.5700021068775296
1454	250.17660268543997	3.5702190636215922
1455	250.17625399786579	3.5704361810704914
1456	250.17590661391492	3.5706534531092577
1457	250.1755605283995	3.5708708736229253
1458	250.17521573613155	3.571088436496527
1459	250.17487223192313	3.571306135615098
1460	250.17453001058632	3.571523964863668
1461	250.17418906693317	3.571741918127271
1462	250.17384939577573	3.57195998929094
1463	250.17351099192607	3.572178172239711
1464	250.17317385019624	3.5723964608586107
1465	250.17283796539832	3.5726148490326772
1466	250.17250333234432	3.5728333306469406
1467	250.17216994584635	3.5730518995864373
1468	250.17183780071645	3.573270549736194
1469	250.17150689176665	3.5734892749812506
1470	250.1711772138091	3.573708069206636
1471	250.17084876165575	3.5739269262973843
1472	250.17052153011872	3.5741458401385264
1473	250.17019551401003	3.574364804615098
1474	250.1698707081418	3.574583813612132
1475	250.16954710732605	3.57480286101466
1476	250.16922470637482	3.5750219407077135
1477	250.1689035001002	3.5752410465763296
1478	250.16858348331425	3.575460172505538
1479	250.168264650829	3.5756793123803727
1480	250.16794699745657	3.5758984600858645
1481	250.16763051800893	3.576117609507051
1482	250.1673152072982	3.576336754528961
1483	250.1670010601364	3.576555889036629
1484	250.16668807133567	3.5767750069150863
1485	250.166376235708	3.57699410204937
1486	250.16606554806543	3.5772131683245085
1487	250.16575600322008	3.577432199625536
1488	250.16544759598395	3.5776511898374883
1489	250.16514032116916	3.577870132845393
1490	250.16483417358774	3.578089022534289
1491	250.16452914805174	3.578307852789204
1492	250.16422523937322	3.5785266174951746
1493	250.16392244236422	3.5787453105372315
1494	250.16362075183687	3.57896392580041
1495	250.16332016260318	3.5791824571697397
1496	250.1630206694752	3.5794008985302566
1497	250.162722267265	3.579619243766991
1498	250.1624249507846	3.579837486764979
1499	250.16212871484615	3.58005562140925
1500	250.16183355426168	3.5802736415848395
1501	250.16153946384318	3.580491541176779
1502	250.16124643840277	3.5807093140701034
1503	250.1609544727525	3.5809269541498425
1504	250.1606635617044	3.581144455301032
1505	250.1603737000706	3.5813618114087045
1506	250.1600848826631	3.5815790163578907
1507	250.15979710429397	3.581796064033626
1508	250.15951035977525	3.582012948320943
1509	250.15922464391906	3.5822296631048736
1510	250.15893995153738	3.5824462022704497
1511	250.1586562774423	3.5826625597027077
1512	250.1583736164459	3.582878729286678
1513	250.15809196336022	3.5830947049073947
1514	250.15781131299735	3.583310480449888
1515	250.15753166016933	3.583526049799195
1516	250.15725299968818	3.5837414068403444
1517	250.156975326366	3.5839565454583746
1518	250.15669863501483	3.584171459538312
1519	250.15642292044677	3.584386142965195
1520	250.15614817747385	3.5846005896240536
1521	250.1558744009081	3.5848147933999233
1522	250.1556015855616	3.5850287481778316
1523	250.15532972624644	3.5852424478428175
1524	250.15505881777466	3.5854558862799104
1525	250.1547888549583	3.5856690573741448
1526	250.15451983260945	3.5858819550105525
1527	250.15425174554014	3.5860945730741682
1528	250.15398458856242	3.586306905450023
1529	250.1537183564884	3.5865189460231495
1530	250.1534530441301	3.586730688678583
1531	250.15318864629958	3.586942127301354
1532	250.1529251578089	3.5871532557764985
1533	250.15266257347014	3.587364067989045
1534	250.15240088809537	3.5875745578240306
1535	250.1521400964966	3.5877847191664864
1536	250.1518801934859	3.5879945459014446
1537	250.15162117387536	3.5882040319139397
1538	250.151363032477	3.588413171089004
1539	250.15110576410294	3.58862195731167
1540	250.1508493635652	3.588830384466971
1541	250.15059382567577	3.58903844643994
1542	250.15033914524682	3.5892461371156097
1543	250.15008531709037	3.589453450379014
1544	250.1498323360185	3.589660380115183
1545	250.1495801968432	3.5898669202091518
1546	250.1493288943766	3.5900730645459555
1547	250.1490784234307	3.590278807010623
1548	250.1488287788176	3.59048414148819
1549	250.1485799553494	3.5906890618636873
1550	250.14833194783807	3.590893562022151
1551	250.1480847510957	3.591097635848609
1552	250.14783835993438	3.5913012772280983
1553	250.14759276916612	3.5915044800456504
1554	250.14734797360305	3.5917072381863
1555	250.14710396805714	3.591909545535078
1556	250.1468607473405	3.592111395977017
1557	250.1466183062652	3.592312783397151
1558	250.1463766396433	3.592513701680514
1559	250.1461357422868	3.592714144712137
1560	250.14589560900782	3.592914106377053
1561	250.14565623461837	3.593113580560295
1562	250.14541761393056	3.593312561146899
1563	250.14517974175646	3.5935110420218934
1564	250.14494261290804	3.593709017070313
1565	250.14470622219744	3.5939064801771927
1566	250.1444705644367	3.594103425227562
1567	250.14423563443785	3.5942998461064573
1568	250.144001427013	3.594495736698908
1569	250.14376793697417	3.5946910908899494
1570	250.14353515913342	3.594885902564613
1571	250.14330308830282	3.5950801656079334
1572	250.14307171929443	3.595273873904941
1573	250.14284104692032	3.5954670213406734
1574	250.14261106599253	3.595659601800158
1575	250.1423817713231	3.595851609168431
1576	250.14215315772412	3.5960430373305234
1577	250.14192522000766	3.596233880171472
1578	250.1416979529858	3.596424131576305
1579	250.1414713514705	3.5966137854300575
1580	250.14124541027388	3.596802835617763
1581	250.141020124208	3.5969912760244545
1582	250.14079548808496	3.597179100535162
1583	250.14057149671677	3.5973663030349217
1584	250.14034814491546	3.5975528774087637
1585	250.14012542749316	3.597738817541726
1586	250.13990333926188	3.5979241173188354
1587	250.13968187503366	3.5981087706251285
1588	250.13946102962066	3.5982927713456374
1589	250.13924079783482	3.5984761133653964
1590	250.13902117448828	3.598658790569435
1591	250.13880215439303	3.5988407968427887
1592	250.13858373236118	3.599022126070491
1593	250.13836590320483	3.5992027721375726
1594	250.13814866173593	3.599382728929067
1595	250.1379320027666	3.599561990330009
1596	250.1377159211089	3.5997405502254294
1597	250.13750041157488	3.5999184025003634
1598	250.13728546897664	3.600095541039841
1599	250.13707108812616	3.600271959728897
1600	250.13685726383557	3.6004476524525635
1601	250.13664399091687	3.600622613095874
1602	250.13643126418214	3.6007968355438624
1603	250.1362190784435	3.6009703136815587
1604	250.1360074285129	3.6011430413939993
1605	250.13579630920248	3.601315012566215
1606	250.13558571532425	3.6014862210832392
1607	250.13537564169033	3.6016566608301037
1608	250.13516608311275	3.601826325691846
1609	250.13495703440353	3.6019952095534906
1610	250.13474849037476	3.6021633063000795
1611	250.1345404458385	3.6023306098166405
1612	250.13433289560686	3.6024971139882083
1613	250.13412583449178	3.602662812699813
1614	250.13391925730542	3.6028276998364923
1615	250.1337131588598	3.6029917692832742
1616	250.13350753396696	3.6031550149251954
1617	250.13330237743904	3.6033174306472873
1618	250.133097684088	3.6034790103345826
1619	250.13289344872595	3.6036397478721147
1620	250.13268966616494	3.603799637144917
1621	250.132486331217	3.603958672038021
1622	250.1322834386943	3.6041168464364617
1623	250.13208098340874	3.6042741542252696
1624	250.1318789601725	3.6044305892894797
1625	250.13167736379754	3.6045861455141233
1626	250.13147618909602	3.6047408167842336
1627	250.13127543087995	3.6048945969848445
1628	250.1310750839614	3.605047480000989
1629	250.1308751431524	3.605199459717699
1630	250.13067560326505	3.6053505300200075
1631	250.13047645911138	3.6055006847929496
1632	250.1302777055035	3.6056499179215544
1633	250.13007933725336	3.6057982232908588
1634	250.1298813491731	3.6059455947858923
1635	250.12968373607478	3.606092026291691
1636	250.12948649277044	3.6062375116932843
1637	250.12928961407218	3.6063820448757102
1638	250.12909309479198	3.606525619723994
1639	250.12889692974196	3.606668230123178
1640	250.12870111373414	3.6068098699582856
1641	250.1285056415806	3.606950533114358
1642	250.12831050809345	3.6070902134764222
1643	250.12811570808466	3.6072289049295154
1644	250.12792123636632	3.6073666013586667
1645	250.12772708775051	3.6075032966489116
1646	250.12753325704927	3.607638984685283
1647	250.12733973907467	3.6077736593528136
1648	250.12714652863875	3.607907314536534
1649	250.1269536205536	3.6080399441214803
1650	250.12676100963125	3.6081715419926845
1651	250.12656869068377	3.6083021020351786
1652	250.12637665852324	3.608431618133996
1653	250.12618490796166	3.60856008417417
1654	250.12599343381115	3.6086874940407334
1655	250.12580223088372	3.608813841618719
1656	250.12561129399148	3.6089391207931607
1657	250.12542061794647	3.6090633254490885
1658	250.12523019756074	3.6091864494715398
1659	250.12504002764635	3.609308486745542
1660	250.12485010301535	3.6094294311561357
1661	250.1246604184798	3.6095492765883446
1662	250.12447096885182	3.6096680169272095
1663	250.1242817489434	3.609785646057757
1664	250.12409275356657	3.609902157865027
1665	250.12390397753347	3.610017546234045
1666	250.12371541565616	3.6101318050498508
1667	250.12352706274663	3.6102449281974702
1668	250.12333891361695	3.6103569095619443
1669	250.1231509630792	3.6104677430282988
1670	250.1229632059455	3.6105774224815708
1671	250.12277563702781	3.6106859418067905
1672	250.12258825113824	3.610793294888994
1673	250.12240104308884	3.610899475613211
1674	250.12221400769167	3.611004477864477
1675	250.12202713975876	3.6111082955278238
1676	250.12184043410224	3.611210922488285
1677	250.1216538855341	3.6113123526308915
1678	250.12146748886641	3.611412579840679
1679	250.12128123891125	3.6115115980026786
1680	250.12109513048068	3.611609401001924
1681	250.12090915838675	3.6117059827234472
1682	250.12072331744153	3.611801337052283
1683	250.12053760245703	3.6118954578734623
1684	250.1203520082454	3.6119883390720195
1685	250.1201665296186	3.6120799745329872
1686	250.11998116138878	3.612170358141396
1687	250.11979589836793	3.612259483782284
1688	250.11961073536813	3.612347345340678
1689	250.11942566720143	3.6124339367016165
1690	250.11924068867992	3.612519251750127
1691	250.11905579461566	3.6126032843712497
1692	250.11887097982066	3.6126860284500095
1693	250.11868623910703	3.612767477871445
1694	250.11850156728678	3.612847626520584
1695	250.118316959172	3.6129264682824673
1696	250.1181324095748	3.6130039970421195
1697	250.11794791330715	3.6130802066845793
1698	250.11776346518113	3.6131550910948755
1699	250.1175790600088	3.613228644158045
1700	250.11739469260226	3.613300859759116
1701	250.11721035777356	3.613371731783125
1702	250.1170260503347	3.6134412541151057
1703	250.11684176509777	3.61350942064009
1704	250.11665749687486	3.6135762252431083
1705	250.116473240478	3.6136416618091958
1706	250.1162889907193	3.6137057242233857
1707	250.11610474241073	3.613768406370711
1708	250.1159204903644	3.613829702136203
1709	250.11573622939235	3.613889605404895
1710	250.11555195430668	3.6139481100618216
1711	250.11536765991943	3.614005209992015
1712	250.11518334104264	3.614060899080506
1713	250.11499899248835	3.6141151712123323
1714	250.11481460906867	3.614168020272522
1715	250.11463018559564	3.6142194401461096
1716	250.1144457168813	3.614269424718129
1717	250.11426119773773	3.614317967873611
1718	250.114076622977	3.614365063497593
1719	250.11389198741114	3.6144107054751022
1720	250.11370728585226	3.614454887691177
1721	250.11352251311234	3.614497604030844
1722	250.11333766400347	3.614538848379144
1723	250.11315273333773	3.6145786146211023
1724	250.11296771592717	3.6146168966417576
1725	250.1127826065839	3.6146536883261375
1726	250.11259740011985	3.6146889835592813
1727	250.11241209134718	3.6147227762262157
1728	250.11222667507792	3.6147550602119773
1729	250.11204114612414	3.6147858294015998
1730	250.11185549929792	3.614815077680113
1731	250.11166972941126	3.614842798932551
1732	250.11148383127625	3.6148689870439483
1733	250.11129779970494	3.6148936358993353
1734	250.11111162950942	3.6149167393837485
1735	250.11092531550176	3.614938291382216
1736	250.11073885249394	3.614958285779775
1737	250.11055223529806	3.6149767164614555
1738	250.1103654587262	3.6149935773122936
1739	250.11017851759038	3.615008862217318
1740	250.10999140670273	3.6150225650615653
1741	250.10980412087525	3.615034679730066
1742	250.10961665492	3.615045200107856
1743	250.10942900364904	3.6150541200799644
1744	250.10924116187442	3.6150614335314253
1745	250.10905312440826	3.6150671343472762
1746	250.10886488606258	3.615071216412542
1747	250.1086764416494	3.615073673612264
1748	250.10848778598083	3.6150744998314677
1749	250.1082989138689	3.615073688955191
1750	250.10810982012572	3.6150712348684633
1751	250.10792049956328	3.615067131456322
1752	250.10773094699368	3.615061372603796
1753	250.10754115722898	3.615053952195921
1754	250.1073511250812	3.6150448641177255
1755	250.10716084536247	3.6150341022542505
1756	250.10697031288478	3.6150216604905197
1757	250.10677952246022	3.6150075327115716
1758	250.10658846890084	3.614991712802438
1759	250.1063971470187	3.614974194648151
1760	250.1062055516259	3.6149549721337446
1761	250.1060136775344	3.6149340391442517
1762	250.10582151955637	3.6149113895647047
1763	250.1056290725038	3.6148870172801373
1764	250.10543633118877	3.6148609161755814
1765	250.10524329042337	3.61483308013607
1766	250.1050499450196	3.614803503046636
1767	250.10485628978952	3.6147721787923146
1768	250.10466231954524	3.6147391012581354
1769	250.10446802909883	3.614704264329133
1770	250.10427341326226	3.6146676618903393
1771	250.10407846684765	3.614629287826788
1772	250.10388318466707	3.6145891360235143
1773	250.10368756153252	3.6145472003655468
1774	250.10349159225618	3.6145034747379214
1775	250.10329527164996	3.6144579530256693
1776	250.103098594526	3.614410629113828
1777	250.10290155569635	3.614361496887421
1778	250.10270414997305	3.614310550231492
1779	250.10250637216822	3.614257783031066
1780	250.10230821709385	3.6142031891711803
1781	250.102109679562	3.614146762536865
1782	250.10191075438476	3.6140884970131566
1783	250.1017114363742	3.6140283864850837
1784	250.10151172034236	3.613966424837683
1785	250.1013116011013	3.6139026059559836
1786	250.10111107346304	3.6138369237250223
1787	250.1009101322397	3.6137693720298305
1788	250.1007087722433	3.6136999447554414
1789	250.10050698828596	3.613628635786885
1790	250.10030477517967	3.6135554390092004
1791	250.10010212773648	3.6134803483074154
1792	250.09989904076852	3.6134033575665625
1793	250.09969550908778	3.6133244606716795
1794	250.0994915275064	3.6132436515077946
1795	250.09928709083636	3.6131609239599434
1796	250.09908219388973	3.6130762719131577
1797	250.0988768314786	3.6129896892524713
1798	250.098670998415	3.6129011698629157
1799	250.09846468951105	3.6128107076295253
1800	250.09825789957873	3.61271829643733
1801	250.09805062343014	3.61262393017137
1802	250.0978428558773	3.61252760271667
1803	250.09763459173234	3.6124293079582683
1804	250.09742582580728	3.6123290397811925
1805	250.09721655291418	3.6122267920704814
1806	250.09700676786508	3.6121225587111647
1807	250.09679646547204	3.6120163335882776
1808	250.09658564054715	3.611908110586848
1809	250.0963742879025	3.6117978835919162
1810	250.09616240235005	3.611685646488509
1811	250.09594997870192	3.6115713931616624
1812	250.09573701177018	3.6114551174964067
1813	250.09552349636687	3.6113368133777803
1814	250.09530942730404	3.6112164746908095
1815	250.09509479939376	3.6110940953205297
1816	250.0948796074481	3.610969669151976
1817	250.09466384627908	3.6108431900701796
1818	250.09444751069879	3.610714651960174
1819	250.09423059551932	3.610584048706991
1820	250.09401309555267	3.610451374195664
1821	250.09379500561093	3.610316622311226
1822	250.09357632050614	3.610179786938711
1823	250.0933570350504	3.610040861963149
1824	250.0931371440557	3.6098998412695757
1825	250.09291664233416	3.6097567187430255
1826	250.0926955246978	3.609611488268526
1827	250.0924737859587	3.6094641437311146
1828	250.09225142092896	3.609314679015822
1829	250.09202842442056	3.6091630880076826
1830	250.09180479124558	3.6090093645917283
1831	250.0915805162161	3.608853502652992
1832	250.09135559414418	3.6086954960765105
1833	250.0911300198419	3.608535338747309
1834	250.09090378812127	3.6083730245504277
1835	250.09067689379435	3.6082085473708942
1836	250.09044933167323	3.6080419010937463
1837	250.09022109656996	3.607873079604011
1838	250.0899921832966	3.607702076786728
1839	250.0897625866652	3.607528886526924
1840	250.08953230148782	3.607353502709639
1841	250.08930132257652	3.6071759192198978
1842	250.08906964474338	3.6069961299427376
1843	250.08883726280044	3.6068141287631925
1844	250.08860417155975	3.6066299095662946
1845	250.08837036583338	3.606443466237075
1846	250.08813584043338	3.606254792660567
1847	250.0879005901718	3.6060638827218057
1848	250.08766460986078	3.605870730305823
1849	250.08742789431227	3.605675329297652
1850	250.08719043833838	3.605477673582323
1851	250.08695223675116	3.605277757044872
1852	250.08671328436267	3.605075573570332
1853	250.08647357598502	3.6048711170437326
1854	250.08623310643017	3.604664381350112
1855	250.08599187051024	3.604455360374499
1856	250.08574986303728	3.6042440480019264
1857	250.08550707882333	3.6040304381174297
1858	250.0852635126805	3.6038145246060402
1859	250.0850191594208	3.6035963013527934
1860	250.0847740138563	3.603375762242717
1861	250.08452807079908	3.6031529011608483
1862	250.08428132506114	3.6029277119922187
1863	250.08403377145464	3.602700188621863
1864	250.08378540479157	3.60247032493481
1865	250.08353621988397	3.602238114816098
1866	250.08328621154394	3.602003552150753
1867	250.08303537458352	3.601766630823816
1868	250.0827837038148	3.6015273447203144
1869	250.0825311940498	3.6012856877252823
1870	250.0822778401006	3.601041653723753
1871	250.08202363677924	3.6007952366007596
1872	250.08176857889782	3.600546430241334
1873	250.08151266126836	3.600295228530512
1874	250.0812558787029	3.6000416253533243
1875	250.08099822601358	3.5997856145948033
1876	250.08073969801237	3.5995271901399835
1877	250.0804802895114	3.599266345873895
1878	250.0802199953227	3.599003075681575
1879	250.0799588102583	3.5987373734480546
1880	250.07969672913026	3.598469233058364
1881	250.07943374675068	3.5981986483975397
1882	250.07916985793165	3.5979256133506143
1883	250.07890505748514	3.597650121802618
1884	250.07863934022328	3.597372167638587
1885	250.07837270095806	3.5970917447435524
1886	250.07810513450158	3.5968088470025465
1887	250.07783663566596	3.596523468300605
1888	250.07756719926314	3.596235602522757
1889	250.07729682010526	3.5959452435540404
1890	250.07702549300433	3.595652385279484
1891	250.07675321277245	3.59535702158412
1892	250.07647997422168	3.595059146352985
1893	250.07620577216406	3.59475875347111
1894	250.0759306014116	3.5944558368235286
1895	250.07565445677648	3.5941503902952734
1896	250.07537733307063	3.593842407771376
1897	250.07509922510624	3.5935318831368717
1898	250.07482012769523	3.5932188102767926
1899	250.07454003564976	3.592903183076171
1900	250.07425894378184	3.592584995420041
1901	250.07397684690355	3.592264241193434
1902	250.07369373982695	3.5919409142813836
1903	250.0734096173641	3.5916150085689225
1904	250.07312447432702	3.5912865179410853
1905	250.0728383055278	3.5909554362829024
1906	250.0725511057785	3.5906217574794077
1907	250.07226286989123	3.5902854754156346
1908	250.07197359267795	3.5899465839766163
1909	250.07168326895078	3.589605077047386
1910	250.07139189352176	3.5892609485129747
1911	250.07109946120295	3.588914192258416
1912	250.07080596680646	3.5885648021687437
1913	250.07051140514426	3.58821277212899
1914	250.07021577102844	3.587858096024187
1915	250.0699190592711	3.5875007677393724
1916	250.06962126468423	3.587140781159572
1917	250.06932238207997	3.5867781301698245
1918	250.06902240627034	3.5864128086551585
1919	250.06872133206735	3.586044810500612
1920	250.06841915428313	3.5856741295912102
1921	250.06811586772972	3.585300759811995
1922	250.0678114672192	3.584924695047994
1923	250.06750594756357	3.584545929184241
1924	250.06719930357494	3.58416445610577
1925	250.0668915300653	3.583780269697613
1926	250.06658262184683	3.583393363844801
1927	250.06627257373148	3.5830037324323705
1928	250.06596138053135	3.582611369345353
1929	250.0656490370585	3.5822162684687817
1930	250.065335538125	3.581818423687689
1931	250.0650208785429	3.5814178288871075
1932	250.06470505312424	3.581014477952071
1933	250.06438805668108	3.5806083647676115
1934	250.06406988402549	3.580199483218764
1935	250.06375052996952	3.5797878271905588
1936	250.0634299893253	3.57937339056803
1937	250.0631082569048	3.57895616723621
1938	250.0627853275201	3.578536151080134
1939	250.06246119598325	3.5781133359848316
1940	250.06213585710634	3.577687715835339
1941	250.06180930570142	3.577259284516686
1942	250.06148153658054	3.576828035913906
1943	250.06115254455577	3.5763939639120355
1944	250.06082232443916	3.5759570623961032
1945	250.06049087104276	3.575517325251143
1946	250.06015817917867	3.57507474636219
1947	250.05982424365888	3.574629319614276
1948	250.0594890592955	3.5741810388924327
1949	250.05915262090056	3.5737298980816914
1950	250.05881492328618	3.5732758910670905
1951	250.05847596126438	3.5728190117336602
1952	250.05813572964718	3.572359253966431
1953	250.05779422324667	3.5718966116504416
1954	250.0574514368749	3.5714310786707193
1955	250.05710736534397	3.5709626489122983
1956	250.05676200346593	3.5704913162602137
1957	250.0564153460528	3.5700170745994964
1958	250.05606738791664	3.56953991781518
1959	250.05571812386953	3.569059839792298
1960	250.05536754872352	3.568576834415883
1961	250.0550156572907	3.5680908955709665
1962	250.05466244438313	3.5676020171425833
1963	250.0543079048128	3.567110193015766
1964	250.0539520333918	3.566615417075547
1965	250.05359482493222	3.5661176832069588
1966	250.05323627424613	3.5656169852950352
1967	250.05287637614552	3.5651133172248097
1968	250.0525151254425	3.5646066728813137
1969	250.05215251694912	3.5640970461495804
1970	250.05178854547742	3.5635844309146436
1971	250.0514232058395	3.5630688210615364
1972	250.0510564928474	3.5625502104752904
1973	250.05068840131315	3.562028593040941
1974	250.05031892604885	3.561503962643518
1975	250.04994806186653	3.5609763131680547
1976	250.04957580357828	3.560445638499587
1977	250.0492021459961	3.5599119325231445
1978	250.04882708393214	3.5593751891237617
1979	250.04845061219837	3.558835402186471
1980	250.04807272560691	3.5582925655963074
1981	250.04769341896977	3.5577466732383023
1982	250.04731268709904	3.557197718997487
1983	250.04693052480678	3.5566456967588955
1984	250.04654692690505	3.5560906004075625
1985	250.04616188820592	3.55553242382852
1986	250.0457754035214	3.5549711609068013
1987	250.04538746766357	3.5544068055274356
1988	250.0449980754445	3.5538393515754607
1989	250.04460722167627	3.5532687929359077
1990	250.04421490117093	3.5526951234938084
1991	250.0438211087405	3.552118337134198
1992	250.04342583919706	3.5515384277421074
1993	250.0430290873527	3.550955389202571
1994	250.04263084801943	3.550369215400619
1995	250.04223111600936	3.549779900221289
1996	250.04182988613448	3.5491874375496106
1997	250.0414271532069	3.548591821270618
1998	250.04102291203867	3.5479930452693407
1999	250.04061715744186	3.547391103430818
2000	250.04020988422855	3.5467859896400777
2001	250.03980108721072	3.5461776977821553
2002	250.03939076120048	3.545566221742082
2003	250.0389789010099	3.544951555404891
2004	250.038565501451	3.5443336926556186
2005	250.03815055733588	3.543712627379293
2006	250.0377340634766	3.543088353460947
2007	250.03731601468516	3.5424608647856175
2008	250.03689640577366	3.5418301552383373
2009	250.03647523155416	3.541196218704136
2010	250.03605248683877	3.540559049068048
2011	250.03562816643944	3.5399186402151055
2012	250.0352022651683	3.5392749860303447
2013	250.03477477783738	3.5386280803987935
2014	250.03434569925878	3.537977917205489
2015	250.03391502424455	3.5373244903354633
2016	250.03348274760668	3.5366677936737467
2017	250.0330488641573	3.536007821105374
2018	250.03261336870844	3.5353445665153793
2019	250.03217625607218	3.534678023788795
2020	250.0317375210606	3.5340081868106537
2021	250.0312971584857	3.5333350494659856
2022	250.03085516315954	3.5326586056398277
2023	250.03041152989422	3.5319788492172117
2024	250.02996625350178	3.5312957740831705
2025	250.02951932879432	3.5306093741227347
2026	250.02907075058383	3.52991964322094
2027	250.0286205136824	3.5292265752628196
2028	250.02816861290208	3.5285301641334055
2029	250.02771504305497	3.5278304037177284
2030	250.02725979895308	3.5271272879008264
2031	250.02680287540846	3.526420810567728
2032	250.02634426723324	3.5257109656034653
2033	250.0258839692394	3.5249977468930767
2034	250.02542197623907	3.5242811483215886
2035	250.02495828304424	3.5235611637740396
2036	250.024492884467	3.5228377871354595
2037	250.02402577531944	3.5221110122908836
2038	250.02355695041356	3.5213808331253413
2039	250.0230864045615	3.5206472435238685
2040	250.0226141325752	3.5199102373714966
2041	250.02214012926683	3.51916980855326
2042	250.02166438944838	3.5184259509541893
2043	250.02118690793193	3.5176786584593214
2044	250.02070767952958	3.516927924953682
2045	250.02022669905335	3.5161737443223124
2046	250.01974396131527	3.5154161104502415
2047	250.01925946112743	3.514655017222502
2048	250.0187731933019	3.513890458524126
2049	250.01828515265078	3.5131224282401496
2050	250.01779533398602	3.5123509202556025
2051	250.01730373211973	3.5115759284555215
2052	250.016810341864	3.5107974467249345
2053	250.01631515803086	3.5100154689488785
2054	250.0158181754324	3.5092299890123835
2055	250.0153193888806	3.508441000800485
2056	250.0148187931876	3.5076484981982143
2057	250.01431638316544	3.506852475090606
2058	250.01381215362613	3.5060529253626895
2059	250.01330609938185	3.5052498428995023
2060	250.01279821524452	3.504443221586074
2061	250.01228849602626	3.5036330553074397
2062	250.01177693653912	3.5028193379486314
2063	250.01126353159515	3.502002063394678
2064	250.0107482760065	3.501181225530621
2065	250.0102311645851	3.500356818241488
2066	250.00971219214304	3.4995288354123124
2067	250.0091913534924	3.4986972709281257
2068	250.00866864344528	3.497862118673965
2069	250.0081440568137	3.49702337253486
2070	250.00761758840972	3.496181026395844
2071	250.00708923304538	3.495335074141949
2072	250.00655898553273	3.4944855096582117
2073	250.0060268406839	3.4936323268296614
2074	250.0054927933109	3.4927755195413317
2075	250.00495683822578	3.491915081678257
2076	250.0044189702406	3.4910510071254683
2077	250.00387918416743	3.490183289768
2078	250.00333747481835	3.489311923490884
2079	250.0027938370054	3.488436902179155
2080	250.00224826554063	3.487558219717845
2081	250.0017007552361	3.4866758699919855
2082	250.0011513009039	3.48578984688661
2083	250.00059989735607	3.4849001442867538
2084	250.00004653940462	3.4840067560774477
2085	249.9994912218617	3.483109676143724
2086	249.99893393953928	3.482208898370616
2087	249.99837468724948	3.481304416643159
2088	249.99781345980438	3.480396224846384
2089	249.99725025201593	3.4794843168653227
2090	249.9966850586963	3.478568686585011
2091	249.9961178746575	3.4776493278904783
2092	249.99554869471157	3.4767262346667596
2093	249.99497751367065	3.475799400798889
2094	249.9944043263467	3.474868820171898
2095	249.99382912755186	3.4739344866708195
2096	249.99325191209812	3.4729963941806874
2097	249.99267267479757	3.4720545365865334
2098	249.9920914104623	3.4711089077733908
2099	249.99150811390433	3.4701595016262923
