71	203.3301024472337	6.477929756713067
72	203.32935234143253	6.477791747867114
73	203.328602228323	6.477653917907374
74	203.32785210782328	6.47751626684669
75	203.32710197985156	6.477378794697904
76	203.32635184432604	6.477241501473855
77	203.32560170116489	6.477104387187386
78	203.32485155028624	6.476967451851339
79	203.32410139160834	6.476830695478553
80	203.32335122504935	6.47669411808187
81	203.32260105052742	6.476557719674131
82	203.32185086796076	6.476421500268178
83	203.32110067726754	6.476285459876853
84	203.32035047836592	6.476149598512997
85	203.3196002711741	6.476013916189449
86	203.31885005561026	6.4758784129190525
87	203.31809983159255	6.475743088714648
88	203.31734959903915	6.475607943589076
89	203.3165993578683	6.475472977555179
90	203.31584910799813	6.475338190625799
91	203.31509884934684	6.4752035828137755
92	203.31434858183258	6.47506915413195
93	203.31359830537355	6.474934904593164
94	203.31284801988792	6.474800834210259
95	203.31209772529388	6.474666942996077
96	203.3113474215096	6.474533230963458
97	203.31059710845327	6.474399698125243
98	203.30984678604304	6.474266344494274
99	203.3090964541971	6.474133170083393
100	203.30834611283362	6.474000174905439
101	203.30759576187083	6.473867358973256
102	203.3068454012269	6.4737347222996835
103	203.30609503081993	6.473602264897563
104	203.30534465056817	6.473469986779736
105	203.30459426038982	6.473337887959044
106	203.303843860203	6.473205968448328
107	203.30309344992588	6.473074228260428
108	203.30234302947667	6.472942667408189
109	203.30159259877354	6.472811285904448
110	203.3008421577347	6.4726800837620475
111	203.3000917062783	6.472549060993829
112	203.29934124432253	6.472418217612636
113	203.29859077178557	6.472287553631307
114	203.29784028858558	6.472157069062683
115	203.29708979464073	6.472026763919607
116	203.29633928986925	6.471896638214919
117	203.29558877418927	6.471766691961461
118	203.29483824751898	6.471636925172074
119	203.29408770977656	6.471507337859601
120	203.2933371608802	6.471377930036879
121	203.2925866007481	6.471248701716753
122	203.2918360292984	6.471119652912063
123	203.29108544644927	6.47099078363565
124	203.29033485211895	6.470862093900355
125	203.28958424622556	6.470733583719022
126	203.28883362868729	6.470605253104488
127	203.28808299942233	6.470477102069597
128	203.28733235834883	6.47034913062719
129	203.286581705385	6.4702213387901075
130	203.28583104044904	6.47009372657119
131	203.2850803634591	6.4699662939832825
132	203.28432967433335	6.469839041039221
133	203.28357897298997	6.469711967751851
134	203.28282825934716	6.469585074134011
135	203.2820775333231	6.469458360198544
136	203.28132679483593	6.469331825958291
137	203.28057604380388	6.4692054714260925
138	203.2798252801451	6.46907929661479
139	203.27907450377774	6.468953301537225
140	203.27832371462003	6.468827486206239
141	203.27757291259013	6.468701850634672
142	203.27682209760624	6.468576394835368
143	203.2760712695865	6.468451118821165
144	203.27532042844913	6.468326022604906
145	203.27456957411226	6.468201106199432
146	203.2738187064941	6.468076369617584
147	203.27306782551284	6.4679518128722036
148	203.27231693108664	6.467827435976131
149	203.27156602313366	6.467703238942211
150	203.27081510157208	6.46757922178328
151	203.27006416632014	6.467455384512182
152	203.26931321729597	6.467331727141758
153	203.26856225441776	6.467208249684848
154	203.26781127760367	6.467084952154295
155	203.2670602867719	6.466961834562941
156	203.26630928184065	6.4668388969236235
157	203.26555826272804	6.466716139249187
158	203.2648072293523	6.466593561552472
159	203.2640561816316	6.466471163846318
160	203.26330511948404	6.46634894614357
161	203.26255404282793	6.466226908457066
162	203.26180295158136	6.466105050799649
163	203.26105184566256	6.465983373184158
164	203.2603007249897	6.465861875623437
165	203.2595495894809	6.465740558130325
166	203.2587984390544	6.465619420717665
167	203.25804727362836	6.4654984633982995
168	203.25729609312097	6.465377686185065
169	203.2565448974504	6.465257089090807
170	203.2557936865348	6.465136672128365
171	203.25504246029237	6.465016435310581
172	203.25429121864133	6.464896378650295
173	203.25353996149983	6.46477650216035
174	203.252788688786	6.464656805853586
175	203.25203740041812	6.464537289742845
176	203.2512860963143	6.464417953840967
177	203.2505347763927	6.464298798160796
178	203.24978344057152	6.46417982271517
179	203.24903208876898	6.464061027516932
180	203.24828072090318	6.463942412578922
181	203.2475293368924	6.463823977913983
182	203.24677793665472	6.4637057235349555
183	203.2460265201084	6.463587649454681
184	203.24527508717156	6.463469755686
185	203.24452363776243	6.4633520422417545
186	203.24377217179912	6.463234509134785
187	203.24302068919988	6.463117156377933
188	203.24226918988285	6.462999983984041
189	203.2415176737662	6.462882991965948
190	203.2407661407681	6.462766180336498
191	203.2400145908068	6.46264954910853
192	203.23926302380042	6.462533098294886
193	203.23851143966715	6.462416827908406
194	203.2377598383252	6.462300737961934
195	203.23700821969268	6.462184828468309
196	203.2362565836878	6.462069099440375
197	203.23550493022879	6.461953550890969
198	203.23475325923377	6.461838182832935
199	203.23400157062093	6.461722995279114
200	203.23324986430845	6.4616079882423465
201	203.2324981402145	6.461493161735476
202	203.2317463982573	6.461378515771341
203	203.23099463835496	6.461264050362783
204	203.23024286042573	6.461149765522645
205	203.22949106438776	6.461035661263767
206	203.2287392501592	6.460921737598991
207	203.22798741765828	6.460807994541158
208	203.22723556680316	6.460694432103109
209	203.226483697512	6.460581050297685
210	203.225731809703	6.460467849137728
211	203.22497990329433	6.460354828636078
212	203.22422797820417	6.460241988805578
213	203.22347603435068	6.460129329659067
214	203.2227240716521	6.4600168512093905
215	203.22197209002653	6.459904553469385
216	203.2212200893922	6.4597924364518935
217	203.22046806966728	6.459680500169758
218	203.21971603076994	6.459568744635818
219	203.21896397261835	6.459457169862917
220	203.2182118951307	6.459345775863896
221	203.21745979822518	6.459234562651593
222	203.21670768181994	6.459123530238854
223	203.2159555458332	6.4590126786385165
224	203.21520339018312	6.458902007863424
225	203.21445121478786	6.458791517926416
226	203.21369901956564	6.4586812088403365
227	203.21294680443458	6.458571080618023
228	203.2121945693129	6.45846113327232
229	203.2114423141188	6.458351366816067
230	203.21069003877042	6.458241781262106
231	203.2099377431859	6.458132376623277
232	203.2091854272835	6.458023152912424
233	203.20843309098137	6.457914110142386
234	203.2076807341977	6.457805248326004
235	203.20692835685063	6.457696567476121
236	203.20617595885838	6.457588067605576
237	203.20542354013912	6.457479748727212
238	203.204671100611	6.457371610853871
239	203.20391864019223	6.457263653998392
240	203.20316615880097	6.457155878173617
241	203.20241365635542	6.457048283392387
242	203.2016611327737	6.456940869667545
243	203.20090858797408	6.456833637011932
244	203.20015602187468	6.456726585438386
245	203.1994034343937	6.456619714959753
246	203.1986508254493	6.45651302558887
247	203.1978981949597	6.45640651733858
248	203.19714554284303	6.456300190221725
249	203.1963928690175	6.456194044251147
250	203.19564017340127	6.4560880794396835
251	203.19488745591252	6.45598229580018
252	203.19413471646942	6.455876693345474
253	203.19338195499017	6.45577127208841
254	203.19262917139295	6.455666032041827
255	203.19187636559593	6.455560973218568
256	203.1911235375173	6.455456095631473
257	203.19037068707524	6.455351399293384
258	203.1896178141879	6.455246884217142
259	203.18886491877348	6.455142550415587
260	203.18811200075015	6.455038397901562
261	203.1873590600361	6.45493442668791
262	203.1866060965495	6.454830636787467
263	203.18585311020854	6.454727028213078
264	203.18510010093138	6.454623600977583
265	203.1843470686362	6.454520355093824
266	203.18359401324122	6.454417290574643
267	203.1828409346646	6.4543144074328795
268	203.18208783282446	6.4542117056813755
269	203.18133470763905	6.454109185332972
270	203.18058155902654	6.454006846400511
271	203.17982838690506	6.4539046888968326
272	203.17907519119282	6.453802712834779
273	203.17832197180803	6.453700918227192
274	203.17756872866883	6.453599305086911
275	203.1768154616934	6.4534978734267785
276	203.17606217079992	6.453396623259636
277	203.17530885590662	6.4532955545983235
278	203.1745555169316	6.453194667455683
279	203.17380215379308	6.453093961844557
280	203.17304876640924	6.452993437777784
281	203.17229535469826	6.452893095268208
282	203.17154191857827	6.452792934328668
283	203.17078845796752	6.452692954972007
284	203.17003497278415	6.452593157211066
285	203.16928146294634	6.4524935410586854
286	203.1685279283723	6.4523941065277075
287	203.1677743689802	6.452294853630971
288	203.16702078468816	6.452195782381321
289	203.16626717541445	6.452096892791596
290	203.16551354107716	6.451998184874639
291	203.16475988159453	6.45189965864329
292	203.1640061968847	6.451801314110391
293	203.16325248686587	6.451703151288782
294	203.16249875145624	6.451605170191305
295	203.16174499057396	6.451507370830802
296	203.16099120413722	6.451409753220113
297	203.16023739206418	6.451312317372081
298	203.15948355427304	6.4512150632995455
299	203.15872969068198	6.451117991015349
300	203.15797580120915	6.451021100532332
301	203.15722188577277	6.450924391863335
302	203.156467944291	6.450827865021201
303	203.15571397668197	6.4507315200187705
304	203.15495998286394	6.450635356868885
305	203.15420596275507	6.450539375584385
306	203.1534519162735	6.450443576178111
307	203.15269784333745	6.450347958662907
308	203.15194374386508	6.4502525230516135
309	203.15118961777458	6.45015726935707
310	203.1504354649841	6.450062197592119
311	203.14968128541184	6.4499673077696
312	203.148927078976	6.449872599902357
313	203.14817284559467	6.44977807400323
314	203.14741858518616	6.449683730085061
315	203.14666429766856	6.44958956816069
316	203.1459099829601	6.449495588242958
317	203.14515564097889	6.449401790344708
318	203.14440127164318	6.449308174478779
319	203.1436468748711	6.4492147406580145
320	203.14289245058086	6.449121488895256
321	203.14213799869063	6.4490284192033425
322	203.14138351911856	6.448935531595116
323	203.14062901178286	6.448842826083418
324	203.13987447660173	6.4487503026810895
325	203.1391199134933	6.448657961400973
326	203.1383653223758	6.448565802255909
327	203.13761070316735	6.448473825258738
328	203.13685605578615	6.448382030422302
329	203.13610138015042	6.448290417759442
330	203.1353466761783	6.448198987282999
331	203.13459194378797	6.448107739005815
332	203.13383718289762	6.448016672940732
333	203.13308239342538	6.447925789100589
334	203.1323275752895	6.447835087498229
335	203.13157272840817	6.447744568146492
336	203.1308178526995	6.44765423105822
337	203.1300629480817	6.447564076246254
338	203.12930801447294	6.447474103723437
339	203.1285530517914	6.4473843135026065
340	203.1277980599553	6.447294705596606
341	203.12704303888276	6.447205280018278
342	203.12628798849198	6.447116036780462
343	203.12553290870116	6.447026975896
344	203.12477779942841	6.446938097377733
345	203.124022660592	6.446849401238501
346	203.12326749211007	6.446760887491148
347	203.1225122939008	6.446672556148513
348	203.12175706588238	6.446584407223438
349	203.12100180797293	6.446496440728764
350	203.12024652009072	6.446408656677334
351	203.11949120215385	6.446321055081986
352	203.11873585408054	6.446233635955564
353	203.11798047578898	6.446146399310908
354	203.1172250671973	6.446059345160859
355	203.1164696282237	6.445972473518259
356	203.1157141587864	6.44588578439595
357	203.11495865880354	6.445799277806771
358	203.1142031281933	6.445712953763565
359	203.11344756687387	6.445626812279173
360	203.11269197476344	6.445540853366436
361	203.11193635178014	6.445455077038194
362	203.11118069784217	6.445369483307292
363	203.11042501286775	6.445284072186568
364	203.109669296775	6.445198843688864
365	203.10891354948214	6.4451137978270205
366	203.10815777090735	6.44502893461388
367	203.1074019609688	6.444944254062284
368	203.10664611958464	6.444859756185073
369	203.10589024667308	6.444775440995088
370	203.1051343421523	6.4446913085051705
371	203.10437840594045	6.444607358728162
372	203.10362243795575	6.444523591676904
373	203.10286643811634	6.444440007364237
374	203.10211040634042	6.444356605803003
375	203.10135434254616	6.444273387006043
376	203.10059824665177	6.444190350986197
377	203.0998421185754	6.444107497756309
378	203.0990859582352	6.444024827329217
379	203.0983297655494	6.443942339717767
380	203.09757354043617	6.4438600349347945
381	203.09681728281367	6.443777912993144
382	203.09606099260012	6.443695973905656
383	203.09530466971364	6.443614217685172
384	203.09454831407243	6.4435326443445335
385	203.09379192559464	6.443451253896582
386	203.09303550419853	6.443370046354158
387	203.09227904980222	6.443289021730102
388	203.09152256232392	6.4432081800372565
389	203.09076604168177	6.443127521288463
390	203.09000948779396	6.443047045496562
391	203.0892529005787	6.442966752674396
392	203.08849627995414	6.442886642834804
393	203.08773962583848	6.442806715990629
394	203.08698293814987	6.442726972154712
395	203.08622621680647	6.442647411339893
396	203.08546946172652	6.442568033559015
397	203.08471267282818	6.442488838824919
398	203.0839558500296	6.4424098271504455
399	203.083198993249	6.442330998548436
400	203.08244210240454	6.442252353031732
401	203.08168517741439	6.442173890613174
402	203.08092821819673	6.442095611305604
403	203.08017122466973	6.442017515121864
404	203.0794141967516	6.441939602074793
405	203.07865713436047	6.441861872177235
406	203.0779000374146	6.441784325442028
407	203.0771429058321	6.441706961882017
408	203.07638573953116	6.44162978151004
409	203.07562853842998	6.441552784338941
410	203.07487130244672	6.441475970381559
411	203.07411403149956	6.441399339650736
412	203.0733567255067	6.441322892159313
413	203.0725993843863	6.441246627920132
414	203.07184200805654	6.441170546946035
415	203.07108459643555	6.4410946492498615
416	203.07032714944162	6.441018934844453
417	203.06956966699286	6.440943403742652
418	203.06881214900744	6.4408680559572975
419	203.06805459540357	6.440792891501233
420	203.0672970060994	6.440717910387299
421	203.06653938101314	6.440643112628337
422	203.06578172006297	6.440568498237188
423	203.065024023167	6.440494067226693
424	203.06426629024352	6.4404198196096925
425	203.0635085212106	6.440345755399029
426	203.06275071598648	6.440271874607545
427	203.06199287448933	6.44019817724808
428	203.06123499663732	6.440124663333474
429	203.06047708234865	6.44005133287657
430	203.05971913154147	6.43997818589021
431	203.058961144134	6.4399052223872335
432	203.05820312004437	6.439832442380483
433	203.05744505919077	6.4397598458828
434	203.0566869614914	6.439687432907024
435	203.05592882686443	6.439615203465997
436	203.055170655228	6.439543157572561
437	203.05441244650038	6.4394712952395565
438	203.05365420059968	6.439399616479826
439	203.0528959174441	6.439328121306209
440	203.05213759695178	6.439256809731548
441	203.05137923904095	6.4391856817686834
442	203.0506208436298	6.439114737430457
443	203.04986241063642	6.439043976729709
444	203.0491039399791	6.438973399679284
445	203.04834543157594	6.438903006292019
446	203.0475868853451	6.438832796580758
447	203.04682830120487	6.43876277055834
448	203.04606967907336	6.438692928237609
449	203.04531101886874	6.438623269631404
450	203.04455232050918	6.438553794752568
451	203.04379358391293	6.4384845036139415
452	203.04303480899807	6.438415396228365
453	203.04227599568284	6.43834647260868
454	203.04151714388544	6.4382777327677285
455	203.040758253524	6.438209176718352
456	203.03999932451666	6.438140804473392
457	203.0392403567817	6.438072616045687
458	203.03848135023725	6.438004611448081
459	203.0377223048015	6.4379367906934135
460	203.03696322039258	6.437869153794528
461	203.03620409692874	6.437801700764264
462	203.03544493432813	6.437734431615463
463	203.03468573250893	6.437667346360967
464	203.0339264913893	6.437600445013617
465	203.03316721088743	6.437533727586253
466	203.0324078909215	6.437467194091717
467	203.0316485314097	6.437400844542851
468	203.0308891322702	6.437334678952497
469	203.03012969342117	6.437268697333494
470	203.0293702147808	6.437202899698684
471	203.0286106962673	6.437137286060908
472	203.0278511377988	6.4370718564330085
473	203.02709153929348	6.437006610827826
474	203.02633190066956	6.436941549258202
475	203.02557222184518	6.436876671736977
476	203.02481250273848	6.436811978276993
477	203.02405274326776	6.436747468891091
478	203.0232929433511	6.436683143592113
479	203.02253310290672	6.436619002392899
480	203.02177322185278	6.4365550453062905
481	203.02101330010746	6.43649127234513
482	203.02025333758897	6.436427683522257
483	203.01949333421544	6.4363642788505135
484	203.01873328990507	6.436301058342742
485	203.01797320457607	6.436238022011781
486	203.01721307814657	6.4361751698704746
487	203.01645291053472	6.436112501931662
488	203.01569270165882	6.436050018208186
489	203.01493245143695	6.435987718712886
490	203.0141721597873	6.435925603458606
491	203.0134118266281	6.435863672458185
492	203.01265145187747	6.435801925724465
493	203.01189103545363	6.435740363270287
494	203.01113057727474	6.435678985108492
495	203.01037007725895	6.4356177912519215
496	203.0096095353245	6.435556781713418
497	203.0088489513895	6.435495956505821
498	203.0080883253722	6.435435315641973
499	203.00732765719073	6.435374859134714
500	203.00656694676331	6.435314586996886
501	203.00580619400807	6.4352544992413305
502	203.00504539884324	6.435194595880888
503	203.00428456118692	6.435134876928402
504	203.0035236809574	6.4350753423967095
505	203.00276275807275	6.435015992298656
506	203.0020017924512	6.434956826647079
507	203.00124078401095	6.434897845454824
508	203.00047973267013	6.4348390487347285
509	202.99971863834696	6.434780436499636
510	202.99895750095962	6.434722008762387
511	202.99819632042625	6.434663765535823
512	202.99743509666507	6.434605706832785
513	202.99667382959422	6.434547832666113
514	202.9959125191319	6.4344901430486505
515	202.9951511651963	6.434432637993239
516	202.99438976770557	6.434375317512717
517	202.9936283265779	6.434318181619927
518	202.99286684173148	6.434261230327711
519	202.9921053130845	6.43420446364891
520	202.99134374055512	6.434147881596365
521	202.99058212406152	6.434091484182918
522	202.98982046352188	6.4340352714214095
523	202.98905875885436	6.43397924332468
524	202.98829700997717	6.433923399905572
525	202.98753521680848	6.433867741176926
526	202.98677337926645	6.433812267151584
527	202.9860114972693	6.433756977842387
528	202.98524957073514	6.4337018732621765
529	202.9844875995822	6.433646953423793
530	202.98372558372867	6.4335922183400776
531	202.9829635230927	6.433537668023872
532	202.9822014175925	6.433483302488018
533	202.98143926714621	6.433429121745357
534	202.98067707167203	6.4333751258087295
535	202.97991483108814	6.433321314690976
536	202.9791525453127	6.433267688404939
537	202.97839021426392	6.43321424696346
538	202.97762783785993	6.4331609903793785
539	202.97686541601897	6.433107918665539
540	202.97610294865916	6.43305503183478
541	202.97534043569874	6.433002329899942
542	202.97457787705585	6.4329498128738685
543	202.97381527264866	6.4328974807694
544	202.9730526223954	6.432845333599378
545	202.97228992621416	6.432793371376644
546	202.97152718402322	6.432741594114038
547	202.97076439574067	6.432690001824402
548	202.97000156128473	6.4326385945205775
549	202.9692386805736	6.432587372215405
550	202.96847575352544	6.432536334921727
551	202.96771278005843	6.4324854826523845
552	202.96694976009076	6.432434815420217
553	202.96618669354055	6.432384333238067
554	202.96542358032607	6.432334036118776
555	202.96466042036542	6.432283924075186
556	202.96389721357681	6.432233997120137
557	202.96313395987846	6.4321842552664705
558	202.96237065918845	6.432134698527028
559	202.96160731142504	6.43208532691465
560	202.9608439165064	6.432036140442178
561	202.9600804743507	6.4319871391224535
562	202.9593169848761	6.4319383229683185
563	202.9585534480008	6.431889691992614
564	202.95778986364297	6.43184124620818
565	202.9570262317208	6.431792985627859
566	202.95626255215242	6.431744910264492
567	202.95549882485608	6.43169702013092
568	202.9547350497499	6.431649315239985
569	202.95397122675212	6.431601795604527
570	202.95320735578088	6.431554461237388
571	202.95244343675435	6.431507312151409
572	202.95167946959074	6.4314603483594315
573	202.9509154542082	6.431413569874296
574	202.95015139052495	6.431366976708846
575	202.9493872784591	6.43132056887592
576	202.9486231179289	6.431274346388361
577	202.94785890885248	6.431228309259009
578	202.94709465114803	6.431182457500706
579	202.94633034473372	6.431136791126294
580	202.94556598952778	6.431091310148613
581	202.94480158544832	6.431046014580505
582	202.94403713241357	6.431000904434811
583	202.9432726303417	6.430955979724371
584	202.94250807915088	6.430911240462028
585	202.94174347875926	6.430866686660623
586	202.94097882908508	6.430822318332998
587	202.94021413004646	6.430778135491993
588	202.93944938156162	6.430734138150449
589	202.9386845835487	6.430690326321207
590	202.93791973592593	6.4306467000171095
591	202.93715483861143	6.430603259250997
592	202.93638989152345	6.430560004035712
593	202.93562489458012	6.430516934384094
594	202.9348598476996	6.430474050308986
595	202.93409475080014	6.430431351823227
596	202.93332960379985	6.430388838939661
597	202.93256440661693	6.430346511671126
598	202.9317991591696	6.430304370030467
599	202.93103386137594	6.430262414030523
600	202.93026851315423	6.430220643684134
601	202.9295031144226	6.430179059004144
602	202.92873766509925	6.430137660003393
603	202.92797216510235	6.430096446694722
604	202.92720661435007	6.430055419090974
605	202.9264410127606	6.430014577204987
606	202.9256753602521	6.429973921049605
607	202.92490965674276	6.429933450637668
608	202.92414390215077	6.429893165982018
609	202.9233780963943	6.429853067095496
610	202.92261223939153	6.429813153990944
611	202.92184633106064	6.4297734266812006
612	202.92108037131982	6.429733885179109
613	202.92031436008722	6.429694529497511
614	202.91954829728104	6.429655359649248
615	202.91878218281946	6.429616375647159
616	202.91801601662067	6.429577577504088
617	202.9172497986028	6.429538965232874
618	202.91648352868407	6.4295005388463595
619	202.91571720678263	6.429462298357385
620	202.91495083281671	6.429424243778793
621	202.91418440670444	6.429386375123423
622	202.91341792836403	6.429348692404118
623	202.91265139771366	6.429311195633718
624	202.91188481467145	6.429273884825065
625	202.91111817915566	6.429236759991
626	202.9103514910844	6.429199821144365
627	202.90958475037593	6.429163068297999
628	202.90881795694835	6.429126501464746
629	202.90805111071987	6.429090120657445
630	202.90728421160864	6.429053925888939
631	202.9065172595329	6.429017917172069
632	202.90575025441078	6.428982094519674
633	202.9049831961605	6.428946457944599
634	202.90421608470018	6.428911007459683
635	202.90344891994803	6.428875743077767
636	202.90268170182225	6.428840664811693
637	202.901914430241	6.428805772674301
638	202.90114710512245	6.428771066678435
639	202.9003797263848	6.428736546836934
640	202.89961229394618	6.42870221316264
641	202.89884480772483	6.428668065668393
642	202.8980772676389	6.4286341043670365
643	202.8973096736066	6.42860032927141
644	202.89654202554604	6.428566740394356
645	202.89577432337546	6.428533337748715
646	202.89500656701304	6.428500121347328
647	202.89423875637692	6.428467091203037
648	202.89347089138528	6.428434247328682
649	202.89270297195634	6.428401589737105
650	202.8919349980082	6.4283691184411484
651	202.89116696945914	6.4283368334536535
652	202.8903988862273	6.428304734787459
653	202.88963074823084	6.4282728224554075
654	202.88886255538796	6.428241096470341
655	202.88809430761683	6.4282095568451
656	202.88732600483561	6.428178203592526
657	202.8865576469625	6.428147036725461
658	202.8857892339157	6.428116056256744
659	202.88502076561332	6.428085262199218
660	202.8842522419736	6.428054654565725
661	202.8834836629147	6.428024233369104
662	202.88271502835482	6.427993998622198
663	202.88194633821212	6.4279639503378485
664	202.88117759240475	6.427934088528895
665	202.88040879085094	6.42790441320818
666	202.87963993346887	6.4278749243885445
667	202.87887102017666	6.427845622082829
668	202.87810205089252	6.427816506303877
669	202.87733302553465	6.427787577064528
670	202.87656394402123	6.427758834377623
671	202.87579480627036	6.4277302782560035
672	202.87502561220032	6.427701908712511
673	202.87425636172927	6.427673725759988
674	202.87348705477532	6.427645729411274
675	202.87271769125672	6.427617919679211
676	202.87194827109164	6.427590296576639
677	202.87117879419824	6.427562860116401
678	202.87040926049468	6.427535610311337
679	202.8696396698992	6.427508547174289
680	202.8688700223299	6.427481670718099
681	202.868100317705	6.427454980955607
682	202.8673305559427	6.427428477899655
683	202.86656073696116	6.427402161563084
684	202.86579086067854	6.427376031958733
685	202.86502092701306	6.4273500890994475
686	202.86425093588284	6.427324332998065
687	202.86348088720612	6.427298763667431
688	202.86271078090104	6.427273381120382
689	202.8619406168858	6.427248185369762
690	202.86117039507857	6.427223176428411
691	202.86040011539748	6.427198354309171
692	202.8596297777608	6.427173719024884
693	202.85885938208668	6.427149270588391
694	202.85808892829326	6.427125009012531
695	202.85731841629877	6.427100934310148
696	202.85654784602133	6.427077046494082
697	202.85577721737917	6.427053345577174
698	202.85500653029044	6.427029831572266
699	202.85423578467334	6.4270065044922
700	202.85346498044603	6.426983364349814
701	202.85269411752668	6.426960411157953
702	202.8519231958335	6.426937644929456
703	202.85115221528469	6.426915065677166
704	202.85038117579836	6.426892673413923
705	202.8496100772927	6.426870468152568
706	202.84883891968596	6.426848449905943
707	202.84806770289626	6.4268266186868885
708	202.84729642684178	6.426804974508247
709	202.8465250914407	6.426783517382859
710	202.8457536966112	6.426762247323565
711	202.84498224227147	6.426741164343208
712	202.8442107283397	6.426720268454628
713	202.84343915473403	6.426699559670666
714	202.84266752137268	6.426679038004164
715	202.84189582817382	6.426658703467964
716	202.8411240750556	6.426638556074906
717	202.84035226193623	6.426618595837831
718	202.83958038873388	6.426598822769581
719	202.83880845536675	6.426579236882997
720	202.83803646175295	6.42655983819092
721	202.83726440781072	6.426540626706192
722	202.8364922934582	6.426521602441655
723	202.83572011861364	6.426502765410148
724	202.83494788319513	6.426484115624513
725	202.8341755871209	6.426465653097591
726	202.83340323030916	6.4264473778422255
727	202.832630812678	6.426429289871256
728	202.83185833414566	6.426411389197524
729	202.83108579463033	6.42639367583387
730	202.83031319405012	6.4263761497931355
731	202.82954053232328	6.426358811088162
732	202.82876780936792	6.426341659731792
733	202.8279950251023	6.426324695736866
734	202.82722217944456	6.4263079191162245
735	202.82644927231289	6.426291329882709
736	202.82567630362544	6.4262749280491605
737	202.8249032733004	6.426258713628421
738	202.82413018125598	6.426242686633331
739	202.8233570274103	6.426226847076733
740	202.8225838116816	6.426211194971468
741	202.821810533988	6.426195730330376
742	202.82103719424774	6.426180453166299
743	202.82026379237897	6.4261653634920775
744	202.81949032829985	6.426150461320554
745	202.8187168019286	6.42613574666457
746	202.81794321318336	6.426121219536966
747	202.81716956198233	6.4261068799505825
748	202.81639584824367	6.426092727918261
749	202.8156220718856	6.4260787634528445
750	202.81484823282625	6.426064986567172
751	202.81407433098383	6.426051397274087
752	202.81330036627648	6.426037995586429
753	202.81252633862243	6.4260247815170395
754	202.81175224793984	6.42601175507876
755	202.8109780941469	6.425998916284432
756	202.81020387716177	6.425986265146897
757	202.80942959690262	6.425973801678995
758	202.80865525328764	6.42596152589357
759	202.807880846235	6.425949437803459
760	202.80710637566293	6.4259375374215075
761	202.80633184148957	6.4259258247605535
762	202.80555724363302	6.4259142998334395
763	202.8047825820116	6.425902962653009
764	202.80400785654342	6.425891813232099
765	202.80323306714666	6.425880851583553
766	202.80245821373953	6.425870077720212
767	202.80168329624016	6.4258594916549185
768	202.80090831456675	6.425849093400512
769	202.80013326863747	6.425838882969835
770	202.79935815837052	6.425828860375727
771	202.79858298368407	6.425819025631031
772	202.7978077444963	6.425809378748588
773	202.79703244072536	6.425799919741239
774	202.79625707228948	6.425790648621825
775	202.7954816391068	6.425781565403188
776	202.79470614109553	6.425772670098167
777	202.7939305781738	6.425763962719606
778	202.79315495025986	6.425755443280345
779	202.79237925727182	6.425747111793226
780	202.7916034991279	6.425738968271089
781	202.79082767574627	6.425731012726778
782	202.7900517870451	6.42572324517313
783	202.78927583294254	6.425715665622989
784	202.78849981335682	6.425708274089196
785	202.78772372820615	6.425701070584592
786	202.78694757740863	6.425694055122017
787	202.78617136088246	6.425687227714316
788	202.78539507854583	6.425680588374326
789	202.78461873031694	6.425674137114891
790	202.78384231611392	6.42566787394885
791	202.78306583585498	6.425661798889046
792	202.7822892894583	6.42565591194832
793	202.78151267684203	6.425650213139514
794	202.78073599792438	6.425644702475468
795	202.77995925262354	6.425639379969023
796	202.77918244085768	6.425634245633021
797	202.77840556254495	6.425629299480303
798	202.77762861760354	6.425624541523709
799	202.77685160595166	6.425619971776085
800	202.77607452750746	6.425615590250266
801	202.7752973821891	6.425611396959097
802	202.7745201699148	6.425607391915418
803	202.7737428906027	6.425603575132071
804	202.77296554417103	6.4255999466218965
805	202.77218813053793	6.425596506397738
806	202.77141064962157	6.425593254472433
807	202.77063310134017	6.425590190858824
808	202.76985548561188	6.425587315569754
809	202.7690778023549	6.425584628618063
810	202.76830005148736	6.4255821300165925
811	202.7675222329275	6.425579819778184
812	202.76674434659347	6.425577697915678
813	202.7659663924034	6.425575764441916
814	202.76518837027558	6.42557401936974
815	202.7644102801281	6.4255724627119895
816	202.76363212187917	6.425571094481508
817	202.762853895447	6.4255699146911365
818	202.76207560074968	6.4255689233537145
819	202.7612972377055	6.425568120482084
820	202.76051880623254	6.425567506089086
821	202.75974030624903	6.425567080187563
822	202.75896173767313	6.425566842790356
823	202.75818310042305	6.425566793910305
824	202.7574043944169	6.425566933560253
825	202.75662561957296	6.425567261753039
826	202.75584677580935	6.425567778501506
827	202.75506786304425	6.425568483818495
828	202.75428888119583	6.425569377716847
829	202.7535098301823	6.4255704602094035
830	202.75273070992182	6.425571731309004
831	202.75195152033257	6.425573191028493
832	202.75117226133273	6.425574839380709
833	202.75039293284047	6.425576676378495
834	202.74961353477394	6.425578702034692
835	202.7488340670514	6.42558091636214
836	202.74805452959097	6.425583319373681
837	202.74727492231085	6.425585911082157
838	202.7464952451292	6.425588691500408
839	202.74571549796423	6.425591660641276
840	202.7449356807341	6.425594818517602
841	202.74415579335698	6.425598165142228
842	202.74337583575107	6.425601700527994
843	202.74259580783453	6.425605424687742
844	202.7418157095255	6.425609337634313
845	202.74103554074225	6.425613439380549
846	202.7402553014029	6.42561772993929
847	202.73947499142565	6.425622209323379
848	202.7386946107287	6.425626877545655
849	202.73791415923014	6.42563173461896
850	202.73713363684823	6.425636780556137
851	202.73635304350114	6.425642015370025
852	202.73557237910703	6.425647439073467
853	202.7347916435841	6.425653051679303
854	202.73401083685047	6.425658853200375
855	202.73322995882438	6.425664843649523
856	202.73244900942402	6.425671023039589
857	202.73166798856752	6.425677391383416
858	202.73088689617308	6.425683948693843
859	202.73010573215888	6.425690694983712
860	202.7293244964431	6.425697630265864
861	202.72854318894392	6.4257047545531405
862	202.7277618095795	6.425712067858383
863	202.72698035826807	6.425719570194432
864	202.72619883492774	6.4257272615741305
865	202.72541723947668	6.425735142010318
866	202.72463557183318	6.425743211515836
867	202.7238538319153	6.425751470103526
868	202.7230720196413	6.425759917786229
869	202.72229013492935	6.425768554576786
870	202.72150817769756	6.42577738048804
871	202.72072614786418	6.425786395532831
872	202.71994404534735	6.425795599724
873	202.71916187006528	6.425804993074388
874	202.71837962193612	6.425814575596838
875	202.71759730087803	6.425824347304189
876	202.71681490680925	6.425834308209285
877	202.71603243964793	6.425844458324964
878	202.71524989931223	6.425854797664069
879	202.71446728572036	6.425865326239442
880	202.71368459879048	6.425876044063922
881	202.71290183844079	6.4258869511503525
882	202.71211900458945	6.425898047511574
883	202.71133609715463	6.425909333160427
884	202.7105531160545	6.425920808109754
885	202.70977006120725	6.425932472372395
886	202.7089869325311	6.425944325961193
887	202.70820372994422	6.425956368888986
888	202.70742045336473	6.42596860116862
889	202.70663710271086	6.425981022812932
890	202.70585367790076	6.425993633834766
891	202.70507017885262	6.426006434246961
892	202.70428660548464	6.4260194240623605
893	202.70350295771496	6.426032603293804
894	202.70271923546179	6.426045971954134
895	202.70193543864326	6.426059530056191
896	202.70115156717762	6.426073277612816
897	202.70036762098303	6.426087214636851
898	202.69958359997764	6.426101341141137
899	202.69879950407963	6.426115657138516
900	202.69801533320722	6.426130162641828
901	202.69723108727854	6.426144857663914
902	202.6964467662118	6.426159742217616
903	202.69566236992517	6.426174816315776
904	202.6948778983368	6.426190079971234
905	202.6940933513649	6.426205533196833
906	202.69330872892766	6.426221176005412
907	202.69252403094325	6.426237008409814
908	202.69173925732983	6.426253030422878
909	202.6909544080056	6.426269242057447
910	202.69016948288873	6.426285643326364
911	202.6893844818974	6.426302234242467
912	202.6885994049498	6.426319014818599
913	202.68781425196408	6.4263359850676
914	202.68702902285847	6.426353145002312
915	202.68624371755106	6.426370494635577
916	202.6854583359601	6.426388033980236
917	202.68467287800377	6.42640576304913
918	202.68388734360022	6.426423681855099
919	202.68310173266764	6.426441790410985
920	202.68231604512422	6.426460088729631
921	202.68153028088813	6.426478576823876
922	202.68074443987754	6.426497254706562
923	202.67995852201062	6.426516122390532
924	202.6791725272056	6.426535179888624
925	202.6783864553806	6.426554427213682
926	202.6776003064538	6.426573864378544
927	202.6768140803434	6.426593491396055
928	202.67602777696763	6.426613308279054
929	202.6752413962446	6.426633315040385
930	202.6744549380925	6.426653511692885
931	202.6736684024295	6.4266738982493985
932	202.67288178917383	6.426694474722765
933	202.67209509824363	6.426715241125827
934	202.67130832955706	6.426736197471424
935	202.67052148303236	6.4267573437724
936	202.6697345585876	6.426778680041594
937	202.6689475561411	6.426800206291849
938	202.66816047561093	6.4268219225360035
939	202.66737331691533	6.426843828786901
940	202.66658607997246	6.426865925057383
941	202.66579876470047	6.42688821136029
942	202.66501137101758	6.426910687708462
943	202.66422389884198	6.426933354114743
944	202.66343634809178	6.426956210591972
945	202.66264871868523	6.426979257152991
946	202.66186101054043	6.427002493810641
947	202.66107322357564	6.427025920577765
948	202.66028535770903	6.427049537467201
949	202.65949741285874	6.4270733444917925
950	202.65870938894295	6.42709734166438
951	202.65792128587987	6.427121528997806
952	202.65713310358768	6.427145906504911
953	202.65634484198452	6.427170474198536
954	202.65555650098858	6.427195232091521
955	202.65476808051807	6.427220180196709
956	202.65397958049113	6.427245318526942
957	202.65319100082596	6.4272706470950585
958	202.65240234144076	6.427296165913903
959	202.65161360225366	6.427321874996315
960	202.65082478318288	6.427347774355135
961	202.65003588414658	6.427373864003204
962	202.64924690506294	6.427400143953366
963	202.64845784585015	6.427426614218461
964	202.64766870642634	6.427453274811329
965	202.64687948670976	6.427480125744813
966	202.64609018661858	6.427507167031752
967	202.6453008060709	6.4275343986849895
968	202.64451134498498	6.427561820717366
969	202.643721803279	6.427589433141723
970	202.64293218087107	6.427617235970901
971	202.64214247767944	6.427645229217742
972	202.64135269362225	6.4276734128950865
973	202.6405628286177	6.427701787015776
974	202.63977288258397	6.427730351592652
975	202.6389828554392	6.427759106638556
976	202.6381927471016	6.4277880521663295
977	202.6374025574893	6.427817188188812
978	202.6366122865206	6.427846514718847
979	202.63582193411358	6.427876031769275
980	202.63503150018644	6.427905739352935
981	202.63424098465734	6.427935637482673
982	202.6334503874445	6.427965726171326
983	202.6326597084661	6.427996005431737
984	202.63186894764024	6.428026475276747
985	202.6310781048852	6.428057135719197
986	202.6302871801191	6.428087986771929
987	202.62949617326012	6.4281190284477825
988	202.62870508422645	6.428150260759602
989	202.6279139129363	6.428181683720226
990	202.62712265930782	6.428213297342496
991	202.62633132325917	6.428245101639255
992	202.62553990470855	6.428277096623342
993	202.62474840357413	6.428309282307599
994	202.62395681977412	6.428341658704869
995	202.62316515322667	6.428374225827991
996	202.62237340384993	6.428406983689808
997	202.62158157156213	6.428439932303159
998	202.62078965628143	6.428473071680886
999	202.61999765792604	6.428506401835833
1000	202.61920557641406	6.428539922780838
1001	202.61841341166377	6.428573634528744
1002	202.61762116359324	6.428607537092391
1003	202.61682883212075	6.428641630484621
1004	202.61603641716442	6.428675914718275
1005	202.61524391864245	6.428710389806194
1006	202.614451336473	6.428745055761222
1007	202.61365867057427	6.4287799125961955
1008	202.6128659208644	6.428814960323959
1009	202.61207308726162	6.4288501989573525
1010	202.61128016968408	6.428885628509217
1011	202.61048716804999	6.428921248992396
1012	202.60969408227749	6.428957060419729
1013	202.60890091228478	6.428993062804057
1014	202.60810765799002	6.429029256158222
1015	202.60731431931143	6.429065640495065
1016	202.60652089616713	6.4291022158274265
1017	202.60572738847534	6.429138982168149
1018	202.6049337961542	6.429175939530074
1019	202.60414011912195	6.4292130879260405
1020	202.60334635729674	6.429250427368892
1021	202.60255251059675	6.429287957871469
1022	202.60175857894012	6.429325679446612
1023	202.6009645622451	6.429363592107165
1024	202.6001704604298	6.429401695865966
1025	202.59937627341247	6.429439990735857
1026	202.59858200111123	6.42947847672968
1027	202.59778764344426	6.429517153860276
1028	202.59699320032973	6.429556022140487
1029	202.5961986716859	6.429595081583154
1030	202.5954040574309	6.4296343322011165
1031	202.59460935748288	6.429673774007218
1032	202.59381457176005	6.429713407014298
1033	202.59301970018058	6.429753231235199
1034	202.59222474266264	6.429793246682761
1035	202.59142969912443	6.429833453369828
1036	202.5906345694841	6.429873851309239
1037	202.58983935365987	6.429914440513834
1038	202.58904405156989	6.429955220996457
1039	202.58824866313233	6.429996192769948
1040	202.58745318826539	6.430037355847148
1041	202.58665762688724	6.430078710240899
1042	202.58586197891609	6.430120255964042
1043	202.58506624427008	6.430161993029418
1044	202.58427042286738	6.430203921449868
1045	202.5834745146262	6.430246041238234
1046	202.5826785194647	6.430288352407357
1047	202.58188243730106	6.430330854970078
1048	202.58108626805347	6.430373548939238
1049	202.5802900116401	6.43041643432768
1050	202.57949366797914	6.430459511148243
1051	202.57869723698877	6.430502779413769
1052	202.57790071858713	6.430546239137099
1053	202.57710411269247	6.430589890331077
1054	202.5763074192229	6.43063373300854
1055	202.57551063809663	6.430677767182331
1056	202.57471376923183	6.430721992865292
1057	202.5739168125467	6.430766410070264
1058	202.5731197679594	6.430811018810088
1059	202.57232263538808	6.430855819097606
1060	202.571525414751	6.430900810945658
1061	202.57072810596625	6.430945994367084
1062	202.56993070895206	6.430991369374729
1063	202.5691332236266	6.431036935981432
1064	202.56833564990808	6.431082694200033
1065	202.56753798771462	6.431128644043377
1066	202.5667402369644	6.431174785524302
1067	202.56594239757564	6.43122111865565
1068	202.5651444694665	6.431267643450263
1069	202.56434645255516	6.431314359920981
1070	202.5635483467598	6.4313612680806465
1071	202.5627501519986	6.431408367942102
1072	202.56195186818974	6.4314556595181855
1073	202.5611534952514	6.4315031428217395
1074	202.56035503310176	6.431550817865606
1075	202.55955648165897	6.431598684662625
1076	202.55875784084125	6.43164674322564
1077	202.55795911056677	6.431694993567491
1078	202.5571602907537	6.431743435701018
1079	202.5563613813202	6.431792069639064
1080	202.55556238218446	6.43184089539447
1081	202.55476329326467	6.4318899129800755
1082	202.55396411447904	6.431939122408724
1083	202.5531648457457	6.431988523693257
1084	202.55236548698284	6.432038116846513
1085	202.55156603810863	6.432087901881336
1086	202.5507664990413	6.432137878810565
1087	202.54996686969895	6.432188047647043
1088	202.54916714999982	6.432238408403611
1089	202.548367339862	6.43228896109311
1090	202.54756743920382	6.432339705728381
1091	202.54676744794335	6.432390642322265
1092	202.5459673659988	6.432441770887604
1093	202.54516719328834	6.432493091437239
1094	202.54436692973016	6.432544603984012
1095	202.54356657524244	6.432596308540762
1096	202.5427661297433	6.432648205120333
1097	202.54196559315102	6.4327002937355635
1098	202.54116496538373	6.432752574399298
1099	202.54036424635956	6.432805047124375
1100	202.53956343599677	6.432857711923637
1101	202.53876253421348	6.432910568809925
1102	202.5379615409279	6.43296361779608
1103	202.53716045605825	6.433016858894944
1104	202.5363592795226	6.433070292119357
1105	202.53555801123923	6.4331239174821615
1106	202.53475665112626	6.433177734996199
1107	202.5339551991019	6.433231744674309
1108	202.5331536550843	6.433285946529335
1109	202.53235201899167	6.433340340574115
1110	202.53155029074213	6.433394926821494
1111	202.53074847025397	6.4334497052843105
1112	202.52994655744527	6.433504675975408
1113	202.52914455223424	6.433559838907627
1114	202.52834245453906	6.4336151940938064
1115	202.52754026427792	6.43367074154679
1116	202.52673798136897	6.433726481279419
1117	202.5259356057304	6.4337824133045345
1118	202.52513313728045	6.433838537634977
1119	202.5243305759372	6.433894854283588
1120	202.52352792161884	6.433951363263209
1121	202.52272517424362	6.43400806458668
1122	202.5219223337297	6.434064958266845
1123	202.5211193999952	6.434122044316543
1124	202.52031637295838	6.434179322748617
1125	202.51951325253734	6.434236793575906
1126	202.5187100386503	6.434294456811252
1127	202.51790673121548	6.434352312467497
1128	202.51710333015097	6.434410360557482
1129	202.516299835375	6.434468601094048
1130	202.51549624680572	6.434527034090038
1131	202.51469256436135	6.43458565955829
1132	202.51388878796007	6.434644477511648
1133	202.51308491752002	6.434703487962951
1134	202.5122809529594	6.434762690925043
1135	202.5114768941964	6.434822086410762
1136	202.51067274114916	6.434881674432953
1137	202.50986849373592	6.434941455004454
1138	202.50906415187478	6.435001428138107
1139	202.508259715484	6.435061593846754
1140	202.50745518448167	6.435121952143237
1141	202.50665055878605	6.435182503040395
1142	202.50584583831528	6.435243246551072
1143	202.50504102298757	6.435304182688107
1144	202.50423611272106	6.435365311464341
1145	202.50343110743393	6.435426632892618
1146	202.5026260070444	6.435488146985776
1147	202.5018208114706	6.435549853756658
1148	202.50101552063074	6.435611753218107
1149	202.500210134443	6.4356738453829605
1150	202.49940465282555	6.435736130264062
1151	202.49859907569652	6.435798607874252
1152	202.4977934029742	6.435861278226373
1153	202.49698763457667	6.435924141333266
1154	202.49618177042217	6.43598719720777
1155	202.49537581042884	6.436050445862728
1156	202.49456975451486	6.436113887310981
1157	202.49376360259845	6.436177521565371
1158	202.49295735459773	6.436241348638738
1159	202.49215101043092	6.436305368543925
1160	202.4913445700162	6.436369581293771
1161	202.4905380332717	6.436433986901119
1162	202.48973140011566	6.436498585378809
1163	202.48892467046622	6.4365633767396835
1164	202.4881178442416	6.436628360996583
1165	202.48731092135995	6.436693538162349
1166	202.48650390173944	6.436758908249823
1167	202.48569678529827	6.436824471271845
1168	202.4848895719546	6.436890227241258
1169	202.4840822616266	6.436956176170902
1170	202.4832748542325	6.437022318073619
1171	202.4824673496904	6.437088652962251
1172	202.48165974791854	6.437155180849636
1173	202.48085204883512	6.437221901748618
1174	202.48004425235825	6.437288815672039
1175	202.47923635840615	6.4373559226327375
1176	202.478428366897	6.437423222643557
1177	202.47762027774894	6.437490715717338
1178	202.4768120908802	6.437558401866922
1179	202.47600380620895	6.43762628110515
1180	202.47519542365333	6.437694353444862
1181	202.47438694313152	6.437762618898902
1182	202.47357836456175	6.437831077480109
1183	202.47276968786218	6.437899729201326
1184	202.47196091295098	6.437968574075392
1185	202.47115203974633	6.43803761211515
1186	202.4703430681664	6.438106843333442
1187	202.46953399812938	6.438176267743106
1188	202.46872482955345	6.438245885356986
1189	202.46791556235678	6.4383156961879235
1190	202.46710619645756	6.438385700248759
1191	202.46629673177392	6.438455897552332
1192	202.46548716822412	6.438526288111486
1193	202.4646775057263	6.438596871939062
1194	202.46386774419864	6.4386676490479
1195	202.46305788355932	6.438738619450843
1196	202.46224792372652	6.438809783160731
1197	202.4614378646184	6.438881140190406
1198	202.46062770615316	6.438952690552708
1199	202.459817448249	6.43902443426048
1200	202.45900709082403	6.439096371326562
1201	202.45819663379652	6.439168501763796
1202	202.45738607708452	6.439240825585022
1203	202.45657542060636	6.439313342803083
1204	202.4557646642801	6.43938605343082
1205	202.45495380802402	6.439458957481072
1206	202.45414285175622	6.439532054966683
1207	202.45333179539492	6.439605345900493
1208	202.45252063885826	6.439678830295343
1209	202.45170938206445	6.439752508164076
1210	202.45089802493166	6.4398263795195305
1211	202.4500865673781	6.439900444374549
1212	202.44927500932184	6.439974702741974
1213	202.4484633506812	6.4400491546346466
1214	202.4476515913743	6.440123800065406
1215	202.44683973131927	6.440198639047094
1216	202.44602777043437	6.4402736715925535
1217	202.44521570863776	6.440348897714624
1218	202.44440354584756	6.440424317426149
1219	202.44359128198204	6.440499930739967
1220	202.4427789169593	6.4405757376689206
1221	202.44196645069755	6.440651738225851
1222	202.44115388311494	6.440727932423599
1223	202.4403412141297	6.4408043202750065
1224	202.43952844365998	6.440880901792916
1225	202.438715571624	6.440957676990165
1226	202.43790259793985	6.441034645879599
1227	202.4370895225258	6.441111808474056
1228	202.4362763453	6.441189164786379
1229	202.4354630661806	6.441266714829409
1230	202.4346496850858	6.441344458615988
1231	202.43383620193376	6.441422396158955
1232	202.43302261664266	6.4415005274711525
1233	202.43220892913075	6.441578852565422
1234	202.43139513931612	6.441657371454605
1235	202.430581247117	6.441736084151541
1236	202.42976725245154	6.441814990669076
1237	202.42895315523793	6.441894091020045
1238	202.42813895539436	6.441973385217293
1239	202.427324652839	6.44205287327366
1240	202.42651024749003	6.4421325552019875
1241	202.42569573926562	6.442212431015117
1242	202.4248811280839	6.442292500725891
1243	202.4240664138632	6.442372764347148
1244	202.42325159652154	6.44245322189173
1245	202.42243667597717	6.44253387337248
1246	202.42162165214827	6.442614718802239
1247	202.420806524953	6.442695758193846
1248	202.41999129430957	6.4427769915601445
1249	202.41917596013613	6.442858418913975
1250	202.41836052235087	6.442940040268178
1251	202.41754498087195	6.443021855635596
1252	202.4167293356176	6.4431038650290695
1253	202.41591358650587	6.44318606846144
1254	202.4150977334551	6.4432684659455495
1255	202.4142817763834	6.443351057494238
1256	202.41346571520893	6.443433843120347
1257	202.4126495498499	6.443516822836718
1258	202.4118332802245	6.443599996656191
1259	202.41101690625086	6.44368336459161
1260	202.4102004278472	6.443766926655815
1261	202.40938384493165	6.443850682861647
1262	202.40856715742245	6.4439346332219465
1263	202.40775036523772	6.444018777749556
1264	202.4069334682957	6.444103116457316
1265	202.40611646651453	6.444187649358068
1266	202.4052993598124	6.444272376464655
1267	202.4044821481075	6.444357297789915
1268	202.40366483131797	6.444442413346691
1269	202.40284740936204	6.444527723147823
1270	202.40202988215785	6.444613227206155
1271	202.4012122496236	6.444698925534525
1272	202.40039451167746	6.444784818145778
1273	202.39957666823756	6.444870905052752
1274	202.39875871922217	6.444957186268288
1275	202.39794066454945	6.44504366180523
1276	202.39712250413754	6.445130331676418
1277	202.39630423790462	6.445217195894693
1278	202.3954858657689	6.445304254472897
1279	202.39466738764855	6.44539150742387
1280	202.39384880346174	6.445478954760453
1281	202.39303011312663	6.445566596495489
1282	202.39221131656143	6.445654432641819
1283	202.3913924136843	6.445742463212283
1284	202.39057340441343	6.445830688219723
1285	202.389754288667	6.44591910767698
1286	202.3889350663632	6.446007721596896
1287	202.38811573742018	6.44609652999231
1288	202.38729630175615	6.446185532876067
1289	202.38647675928925	6.446274730261006
1290	202.38565710993768	6.4463641221599675
1291	202.38483735361964	6.4464537085857945
1292	202.38401749025329	6.446543489551327
1293	202.38319751975678	6.446633465069406
1294	202.38237744204832	6.446723635152875
1295	202.3815572570461	6.446813999814573
1296	202.38073696466827	6.446904559067342
1297	202.37991656483302	6.446995312924023
1298	202.37909605745855	6.447086261397458
1299	202.37827544246304	6.447177404500487
1300	202.37745471976461	6.447268742245953
1301	202.3766338892815	6.447360274646696
1302	202.37581295093185	6.447452001715558
1303	202.37499190463387	6.447543923465378
1304	202.3741707503057	6.447636039909001
1305	202.37334948786557	6.447728351059265
1306	202.3725281172316	6.447820856929013
1307	202.37170663832205	6.447913557531087
1308	202.370885051055	6.448006452878325
1309	202.37006335534872	6.448099542983572
1310	202.36924155112135	6.448192827859667
1311	202.36841963829104	6.448286307519451
1312	202.367597616776	6.4483799819757674
1313	202.36677548649442	6.448473851241456
1314	202.36595324736444	6.448567915329358
1315	202.3651308993043	6.4486621742523145
1316	202.3643084422321	6.448756628023167
1317	202.36348587606608	6.448851276654757
1318	202.3626632007244	6.448946120159926
1319	202.36184041612523	6.449041158551515
1320	202.36101752218676	6.449136391842365
1321	202.36019451882717	6.449231820045317
1322	202.35937140596465	6.449327443173213
1323	202.35854818351734	6.449423261238894
1324	202.35772485140342	6.449519274255201
1325	202.3569014095411	6.449615482234976
1326	202.3560778578486	6.449711885191059
1327	202.355254196244	6.449808483136292
1328	202.35443042464556	6.449905276083516
1329	202.35360654297142	6.450002264045573
1330	202.35278255113974	6.450099447035304
1331	202.35195844906875	6.450196825065549
1332	202.35113423667661	6.450294398149151
1333	202.35030991388146	6.4503921662989505
1334	202.34948548060152	6.450490129527788
1335	202.34866093675495	6.450588287848506
1336	202.34783628225998	6.450686641273945
1337	202.3470115170347	6.450785189816948
1338	202.34618664099736	6.450883933490353
1339	202.34536165406612	6.450982872307003
1340	202.34453655615917	6.45108200627974
1341	202.34371134719464	6.451181335421404
1342	202.34288602709077	6.451280859744837
1343	202.34206059576567	6.451380579262881
1344	202.3412350531376	6.451480493988375
1345	202.34040939912467	6.451580603934162
1346	202.33958363364508	6.451680909113082
1347	202.33875775661704	6.451781409537978
1348	202.3379317679587	6.451882105221691
1349	202.33710566758825	6.451982996177061
1350	202.33627945542386	6.452084082416929
1351	202.3354531313837	6.452185363954138
1352	202.334626695386	6.452286840801528
1353	202.33380014734885	6.4523885129719405
1354	202.33297348719051	6.452490380478218
1355	202.3321467148291	6.452592443333199
1356	202.33131983018282	6.452694701549727
1357	202.33049283316987	6.452797155140643
1358	202.32966572370844	6.452899804118787
1359	202.32883850171666	6.453002648497002
1360	202.32801116711272	6.453105688288129
1361	202.32718371981483	6.453208923505008
1362	202.32635615974115	6.45331235416048
1363	202.32552848680984	6.453415980267388
1364	202.32470070093913	6.4535198018385715
1365	202.3238728020471	6.453623818886873
1366	202.32304479005205	6.453728031425135
1367	202.3222166648721	6.453832439466196
1368	202.32138842642541	6.453937043022899
1369	202.3205600746302	6.454041842108084
1370	202.31973160940464	6.454146836734593
1371	202.3189030306669	6.454252026915268
1372	202.31807433833512	6.454357412662949
1373	202.31724553232755	6.454462993990478
1374	202.3164166125623	6.454568770910695
1375	202.3155875789576	6.454674743436443
1376	202.31475843143164	6.4547809115805626
1377	202.31392916990254	6.454887275355895
1378	202.31309979428852	6.454993834775282
1379	202.31227030450776	6.455100589851563
1380	202.31144070047844	6.455207540597581
1381	202.3106109821187	6.455314687026177
1382	202.30978114934678	6.455422029150191
1383	202.3089512020808	6.455529566982467
1384	202.30812114023897	6.455637300535844
1385	202.30729096373943	6.4557452298231635
1386	202.30646067250044	6.4558533548572665
1387	202.30563026644012	6.455961675650996
1388	202.30479974547663	6.456070192217191
1389	202.30396910952823	6.456178904568694
1390	202.303138358513	6.456287812718347
1391	202.3023074923492	6.45639691667899
1392	202.30147651095496	6.456506216463464
1393	202.3006454142485	6.456615712084612
1394	202.29981420214793	6.456725403555273
1395	202.2989828745715	6.456835290888289
1396	202.29815143143733	6.456945374096504
1397	202.29731987266365	6.4570556531927545
1398	202.29648819816862	6.457166128189885
1399	202.2956564078704	6.457276799100736
1400	202.29482450168723	6.457387665938148
1401	202.29399247953722	6.457498728714963
1402	202.29316034133856	6.457609987444024
1403	202.29232808700945	6.457721442138169
1404	202.2914957164681	6.45783309281024
1405	202.2906632296326	6.45794493947308
1406	202.28983062642118	6.458056982139529
1407	202.28899790675203	6.458169220822428
1408	202.28816507054333	6.45828165553462
1409	202.28733211771325	6.458394286288944
1410	202.28649904817993	6.458507113098242
1411	202.28566586186162	6.458620135975355
1412	202.28483255867644	6.458733354933125
1413	202.2839991385426	6.458846769984395
1414	202.2831656013783	6.458960381142002
1415	202.28233194710165	6.45907418841879
1416	202.28149817563084	6.459188191827599
1417	202.28066428688413	6.459302391381272
1418	202.27983028077963	6.45941678709265
1419	202.27899615723555	6.459531378974573
1420	202.27816191617003	6.459646167039883
1421	202.27732755750128	6.45976115130142
1422	202.2764930811475	6.459876331772026
1423	202.27565848702682	6.4599917084645435
1424	202.27482377505743	6.460107281391813
1425	202.27398894515753	6.460223050566676
1426	202.27315399724523	6.4603390160019725
1427	202.27231893123883	6.460455177710545
1428	202.2714837470564	6.460571535705233
1429	202.27064844461623	6.460688089998881
1430	202.26981302383638	6.460804840604326
1431	202.2689774846351	6.4609217875344145
1432	202.26814182693053	6.461038930801983
1433	202.2673060506409	6.461156270419875
1434	202.26647015568435	6.461273806400931
1435	202.26563414197906	6.461391538757993
1436	202.2647980094432	6.461509467503902
1437	202.26396175799496	6.461627592651499
1438	202.26312538755255	6.461745914213626
1439	202.26228889803411	6.461864432203123
1440	202.26145228935783	6.461983146632832
1441	202.2606155614419	6.462102057515594
1442	202.2597787142045	6.462221164864251
1443	202.25894174756377	6.462340468691644
1444	202.25810466143793	6.462459969010613
1445	202.25726745574514	6.462579665834
1446	202.2564301304036	6.462699559174647
1447	202.25559268533144	6.462819649045394
1448	202.25475512044687	6.462939935459084
1449	202.25391743566811	6.463060418428557
1450	202.25307963091328	6.463181097966654
1451	202.2522417061006	6.463301974086217
1452	202.25140366114817	6.463423046800087
1453	202.25056549597429	6.463544316121105
1454	202.24972721049704	6.463665782062113
1455	202.24888880463465	6.463787444635952
1456	202.24805027830527	6.463909303855462
1457	202.2472116314271	6.464031359733486
1458	202.24637286391828	6.464153612282864
1459	202.24553397569707	6.464276061516438
1460	202.24469496668158	6.464398707447049
1461	202.24385583679	6.464521550087539
1462	202.24301658594052	6.464644589450748
1463	202.2421772140513	6.464767825549517
1464	202.24133772104057	6.464891258396689
1465	202.24049810682644	6.465014888005104
1466	202.23965837132712	6.465138714387604
1467	202.2388185144608	6.46526273755703
1468	202.23797853614565	6.465386957526222
1469	202.23713843629986	6.465511374308023
1470	202.23629821484158	6.465635987915274
1471	202.23545787168902	6.465760798360815
1472	202.23461740676032	6.465885805657488
1473	202.2337768199737	6.466011009818136
1474	202.23293611124734	6.466136410855597
1475	202.23209528049938	6.4662620087827145
1476	202.23125432764803	6.466387803612329
1477	202.23041325261144	6.466513795357282
1478	202.2295720553078	6.466639984030415
1479	202.22873073565535	6.466766369644569
1480	202.2278892935722	6.466892952212584
1481	202.22704772897652	6.467019731747303
1482	202.22620604178653	6.467146708261567
1483	202.22536423192037	6.467273881768216
1484	202.22452229929627	6.467401252280094
1485	202.22368024383235	6.467528819810039
1486	202.22283806544684	6.467656584370895
1487	202.2219957640579	6.4677845459755
1488	202.22115333958368	6.467912704636698
1489	202.2203107919424	6.46804106036733
1490	202.21946812105224	6.468169613180237
1491	202.21862532683136	6.46829836308826
1492	202.21778240919792	6.468427310104239
1493	202.21693936807014	6.468556454241017
1494	202.2160962033662	6.468685795511434
1495	202.2152529150042	6.468815333928333
1496	202.21440950290244	6.468945069504556
1497	202.21356596697902	6.46907500225294
1498	202.2127223071521	6.469205132186329
1499	202.2118785233399	6.4693354593175645
1500	202.21103461546062	6.469465983659488
1501	202.2101905834324	6.469596705224939
1502	202.20934642717344	6.469727624026761
1503	202.20850214660192	6.469858740077793
1504	202.20765774163598	6.469990053390877
1505	202.20681321219385	6.470121563978855
1506	202.20596855819366	6.470253271854568
1507	202.20512377955365	6.470385177030857
1508	202.20427887619192	6.470517279520564
1509	202.20343384802672	6.470649579336529
1510	202.20258869497619	6.470782076491593
1511	202.20174341695855	6.4709147709986
1512	202.20089801389193	6.4710476628703875
1513	202.20005248569453	6.4711807521198
1514	202.19920683228452	6.471314038759677
1515	202.1983610535801	6.47144752280286
1516	202.19751514949942	6.47158120426219
1517	202.1966691199607	6.471715083150509
1518	202.19582296488204	6.471849159480658
1519	202.1949766841817	6.4719834332654775
1520	202.19413027777784	6.472117904517811
1521	202.19328374558862	6.472252573250497
1522	202.19243708753226	6.472387439476378
1523	202.19159030352688	6.472522503208295
1524	202.19074339349066	6.47265776445909
1525	202.18989635734184	6.472793223241603
1526	202.18904919499857	6.472928879568677
1527	202.188201906379	6.4730647334531515
1528	202.18735449140132	6.473200784907869
1529	202.18650694998374	6.473337033945669
1530	202.1856592820444	6.473473480579395
1531	202.18481148750155	6.473610124821887
1532	202.18396356627326	6.473746966685987
1533	202.1831155182778	6.473884006184535
1534	202.1822673434333	6.474021243330373
1535	202.18141904165796	6.474158678136343
1536	202.18057061286996	6.474296310615284
1537	202.17972205698746	6.4744341407800405
1538	202.17887337392864	6.474572168643451
1539	202.17802456361167	6.474710394218359
1540	202.1771756259548	6.4748488175176035
1541	202.17632656087613	6.4749874385540265
1542	202.17547736829388	6.47512625734047
1543	202.1746280481262	6.475265273889776
1544	202.17377860029129	6.475404488214783
1545	202.17292902470732	6.475543900328335
1546	202.17207932129247	6.475683510243271
1547	202.17122948996493	6.475823317972433
1548	202.17037953064286	6.4759633235286636
1549	202.16952944324441	6.4761035269248035
1550	202.16867922768785	6.476243928173692
1551	202.16782888389127	6.476384527288173
1552	202.16697841177293	6.476525324281086
1553	202.16612781125093	6.476666319165273
1554	202.16527708224348	6.476807511953575
1555	202.16442622466877	6.476948902658834
1556	202.163575238445	6.4770904912938905
1557	202.16272412349028	6.477232277871585
1558	202.16187287972284	6.47737426240476
1559	202.1610215070608	6.477516444906257
1560	202.16017000542243	6.477658825388916
1561	202.15931837472587	6.4778014038655805
1562	202.15846661488928	6.477944180349089
1563	202.15761472583085	6.478087154852284
1564	202.15676270746877	6.478230327388006
1565	202.1559105597212	6.478373697969098
1566	202.15505828250633	6.478517266608399
1567	202.15420587574235	6.478661033318754
1568	202.15335333934743	6.478804998113
1569	202.1525006732397	6.47894916100398
1570	202.1516478773374	6.4790935220045345
1571	202.15079495155874	6.479238081127506
1572	202.14994189582183	6.479382838385736
1573	202.14908871004485	6.479527793792065
1574	202.148235394146	6.479672947359334
1575	202.1473819480435	6.479818299100383
1576	202.14652837165545	6.479963849028056
1577	202.14567466490007	6.480109597155193
1578	202.14482082769553	6.480255543494636
1579	202.14396685996002	6.480401688059225
1580	202.1431127616117	6.480548030861802
1581	202.14225853256877	6.480694571915207
1582	202.14140417274942	6.480841311232283
1583	202.1405496820718	6.480988248825871
1584	202.13969506045407	6.481135384708812
1585	202.13884030781446	6.481282718893947
1586	202.13798542407113	6.481430251394117
1587	202.13713040914226	6.481577982222163
1588	202.13627526294601	6.481725911390927
1589	202.13541998540057	6.481874038913251
1590	202.1345645764241	6.482022364801974
1591	202.13370903593483	6.48217088906994
1592	202.13285336385093	6.482319611729989
1593	202.13199756009053	6.482468532794961
1594	202.13114162457182	6.482617652277699
1595	202.13028555721303	6.482766970191043
1596	202.12942935793228	6.482916486547835
1597	202.1285730266478	6.483066201360917
1598	202.12771656327772	6.483216114643129
1599	202.12685996774024	6.483366226407313
1600	202.12600323995355	6.483516536666309
1601	202.1251463798358	6.483667045432959
1602	202.12428938730523	6.483817752720106
1603	202.12343226227995	6.483968658540589
1604	202.12257500467814	6.48411976290725
1605	202.12171761441803	6.48427106583293
1606	202.1208600914178	6.48442256733047
1607	202.12000243559558	6.484574267412712
1608	202.11914464686956	6.484726166092498
1609	202.11828672515793	6.484878263382667
1610	202.11742867037884	6.485030559296062
1611	202.11657048245056	6.485183053845524
1612	202.11571216129116	6.485335747043893
1613	202.11485370681888	6.485488638904012
1614	202.1139951189519	6.485641729438722
1615	202.11313639760837	6.485795018660863
1616	202.1122775427065	6.485948506583277
1617	202.11141855416443	6.486102193218805
1618	202.11055943190036	6.486256078580289
1619	202.10970017583247	6.48641016268057
1620	202.10884078587893	6.48656444553249
1621	202.10798126195792	6.486718927148887
1622	202.10712160398765	6.486873607542607
1623	202.10626181188627	6.487028486726486
1624	202.10540188557195	6.48718356471337
1625	202.1045418249629	6.487338841516098
1626	202.10368162997727	6.487494317147513
1627	202.10282130053324	6.487649991620453
1628	202.101960836549	6.487805864947761
1629	202.10110023794275	6.487961937142279
1630	202.10023950463264	6.488118208216847
1631	202.0993786365368	6.4882746781843075
1632	202.09851763357352	6.488431347057501
1633	202.0976564956609	6.488588214849269
1634	202.09679522271716	6.488745281572453
1635	202.09593381466047	6.488902547239893
1636	202.09507227140898	6.4890600118644315
1637	202.0942105928809	6.489217675458909
1638	202.09334877899437	6.489375538036168
1639	202.09248682966762	6.489533599609049
1640	202.0916247448188	6.489691860190392
1641	202.09076252436606	6.489850319793041
1642	202.08990016822764	6.4900089784298345
1643	202.0890376763217	6.490167836113615
1644	202.08817504856643	6.490326892857225
1645	202.08731228487994	6.4904861486735035
1646	202.0864493851805	6.490645603575293
1647	202.08558634938623	6.490805257575434
1648	202.08472317741533	6.490965110686767
1649	202.08385986918597	6.4911251629221365
1650	202.08299642461634	6.491285414294382
1651	202.08213284362458	6.491445864816344
1652	202.08126912612892	6.491606514500863
1653	202.08040527204753	6.491767363360783
1654	202.07954128129856	6.491928411408942
1655	202.07867715380024	6.492089658658185
1656	202.0778128894707	6.492251105121351
1657	202.07694848822814	6.4924127508112806
1658	202.07608394999073	6.492574595740816
1659	202.07521927467664	6.492736639922799
1660	202.0743544622041	6.49289888337007
1661	202.0734895124912	6.493061326095471
1662	202.07262442545618	6.493223968111843
1663	202.07175920101722	6.493386809432026
1664	202.0708938390925	6.493549850068863
1665	202.07002833960019	6.493713090035195
1666	202.06916270245844	6.493876529343862
1667	202.06829692758546	6.4940401680077064
1668	202.06743101489946	6.49420400603957
1669	202.06656496431853	6.494368043452292
1670	202.06569877576095	6.494532280258715
1671	202.06483244914477	6.494696716471681
1672	202.06396598438832	6.49486135210403
1673	202.0630993814097	6.495026187168603
1674	202.06223264012706	6.495191221678243
1675	202.06136576045864	6.49535645564579
1676	202.0604987423226	6.495521889084085
1677	202.0596315856371	6.495687522005968
1678	202.05876429032037	6.495853354424284
1679	202.0578968562905	6.496019386351873
1680	202.05702928346574	6.496185617801574
1681	202.05616157176425	6.496352048786229
1682	202.0552937211042	6.49651867931868
1683	202.05442573140377	6.49668550941177
1684	202.05355760258115	6.496852539078337
1685	202.05268933455451	6.497019768331225
1686	202.05182092724206	6.497187197183273
1687	202.05095238056194	6.497354825647323
1688	202.05008369443235	6.497522653736216
1689	202.04921486877143	6.497690681462795
1690	202.0483459034974	6.497858908839899
1691	202.04747679852844	6.498027335880372
1692	202.04660755378268	6.498195962597053
1693	202.04573816917835	6.498364789002782
1694	202.04486864463362	6.498533815110403
1695	202.04399898006668	6.498703040932757
1696	202.04312917539568	6.498872466482683
1697	202.0422592305388	6.499042091773026
1698	202.04138914541423	6.499211916816623
1699	202.04051891994015	6.499381941626318
1700	202.03964855403476	6.499552166214952
1701	202.03877804761618	6.499722590595365
1702	202.03790740060262	6.499893214780399
1703	202.0370366129123	6.500064038782897
1704	202.03616568446333	6.5002350626156975
1705	202.03529461517394	6.500406286291643
1706	202.0344234049623	6.500577709823574
1707	202.03355205374655	6.5007493332243325
1708	202.03268056144492	6.5009211565067595
1709	202.03180892797556	6.501093179683697
1710	202.03093715325667	6.501265402767985
1711	202.0300652372064	6.501437825772466
1712	202.02919317974292	6.501610448709981
1713	202.02832098078446	6.50178327159337
1714	202.02744864024916	6.501956294435474
1715	202.02657615805524	6.502129517249138
1716	202.02570353412082	6.502302940047199
1717	202.0248307683641	6.5024765628425
1718	202.0239578607033	6.502650385647883
1719	202.02308481105652	6.5028244084761875
1720	202.02221161934202	6.502998631340256
1721	202.02133828547795	6.5031730542529305
1722	202.02046480938245	6.50334767722705
1723	202.01959119097373	6.503522500275458
1724	202.01871743016997	6.5036975234109935
1725	202.01784352688938	6.503872746646499
1726	202.0169694810501	6.504048169994816
1727	202.0160952925703	6.504223793468786
1728	202.0152209613682	6.5043996170812495
1729	202.0143464873619	6.504575640845048
1730	202.0134718704697	6.504751864773022
1731	202.01259711060968	6.504928288878014
1732	202.01172220770005	6.505104913172865
1733	202.01084716165897	6.505281737670416
1734	202.00997197240466	6.505458762383508
1735	202.00909663985527	6.505635987324983
1736	202.008221163929	6.505813412507681
1737	202.007345544544	6.505991037944445
1738	202.00646978161848	6.5061688636481145
1739	202.0055938750706	6.506346889631533
1740	202.00471782481853	6.506525115907539
1741	202.00384163078047	6.5067035424889745
1742	202.0029652928746	6.506882169388683
1743	202.00208881101904	6.5070609966195025
1744	202.00121218513203	6.507240024194277
1745	202.0003354151318	6.507419252125846
1746	201.99945850093638	6.507598680427051
1747	201.9985814424641	6.507778309110734
1748	201.99770423963304	6.5079581381897365
1749	201.99682689236144	6.508138167676898
1750	201.9959494005674	6.508318397585063
1751	201.9950717641692	6.508498827927069
1752	201.99419398308495	6.508679458715759
1753	201.99331605723282	6.508860289963973
1754	201.99243798653103	6.509041321684554
1755	201.99155977089777	6.509222553890344
1756	201.99068141025117	6.509403986594182
1757	201.98980290450945	6.50958561980891
1758	201.98892425359077	6.5097674535473695
1759	201.98804545741328	6.509949487822402
1760	201.9871665158952	6.5101317226468485
1761	201.98628742895474	6.51031415803355
1762	201.98540819650998	6.510496793995348
1763	201.98452881847916	6.510679630545084
1764	201.9836492947805	6.510862667695599
1765	201.98276962533208	6.511045905459733
1766	201.98188981005217	6.51122934385033
1767	201.98100984885892	6.511412982880228
1768	201.98012974167048	6.511596822562272
1769	201.97924948840503	6.5117808629093
1770	201.9783690889808	6.511965103934155
1771	201.97748854331593	6.512149545649677
1772	201.9766078513286	6.512334188068709
1773	201.975727012937	6.51251903120409
1774	201.97484602805926	6.5127040750686644
1775	201.97396489661364	6.512889319675271
1776	201.97308361851827	6.513074765036751
1777	201.97220219369137	6.513260411165946
1778	201.97132062205105	6.513446258075698
1779	201.97043890351557	6.513632305778848
1780	201.96955703800305	6.513818554288237
1781	201.96867502543165	6.514005003616706
1782	201.96779286571962	6.514191653777097
1783	201.9669105587851	6.5143785047822504
1784	201.96602810454624	6.5145655566450085
1785	201.96514550292127	6.514752809378211
1786	201.96426275382836	6.514940262994702
1787	201.96337985718569	6.515127917507319
1788	201.9624968129114	6.515315772928906
1789	201.9616136209237	6.515503829272302
1790	201.9607302811408	6.515692086550351
1791	201.9598467934808	6.515880544775893
1792	201.95896315786194	6.516069203961769
1793	201.95807937420238	6.51625806412082
1794	201.95719544242027	6.516447125265888
1795	201.95631136243387	6.516636387409814
1796	201.95542713416128	6.516825850565438
1797	201.95454275752073	6.517015514745603
1798	201.95365823243037	6.517205379963151
1799	201.95277355880836	6.51739544623092
1800	201.95188873657293	6.517585713561755
1801	201.9510037656422	6.517776181968494
1802	201.95011864593442	6.51796685146398
1803	201.94923337736773	6.518157722061054
1804	201.94834795986026	6.518348793772558
1805	201.94746239333028	6.518540066611332
1806	201.94657667769593	6.518731540590218
1807	201.94569081287537	6.518923215722056
1808	201.9448047987868	6.519115092019689
1809	201.94391863534838	6.519307169495958
1810	201.94303232247833	6.519499448163703
1811	201.9421458600948	6.519691928035766
1812	201.94125924811595	6.519884609124988
1813	201.94037248645998	6.520077491444211
1814	201.93948557504504	6.5202705750062755
1815	201.93859851378937	6.520463859824024
1816	201.93771130261112	6.520657345910296
1817	201.9368239414285	6.520851033277934
1818	201.9359364301596	6.521044921939778
1819	201.93504876872265	6.52123901190867
1820	201.93416095703586	6.521433303197452
1821	201.93327299501738	6.521627795818965
1822	201.93238488258535	6.521822489786049
1823	201.93149661965802	6.522017385111546
1824	201.93060820615355	6.522212481808298
1825	201.92971964199003	6.522407779889145
1826	201.92883092708578	6.522603279366929
1827	201.92794206135892	6.522798980254492
1828	201.9270530447276	6.5229948825646735
1829	201.92616387711	6.523190986310316
1830	201.92527455842438	6.5233872915042594
1831	201.92438508858882	6.523583798159346
1832	201.92349546752155	6.523780506288418
1833	201.92260569514073	6.523977415904316
1834	201.92171577136455	6.52417452701988
1835	201.92082569611114	6.524371839647952
1836	201.91993546929876	6.524569353801374
1837	201.91904509084554	6.524767069492986
1838	201.9181545606697	6.524964986735631
1839	201.91726387868937	6.525163105542148
1840	201.91637304482276	6.5253614259253805
1841	201.91548205898803	6.525559947898168
1842	201.91459092110335	6.525758671473353
1843	201.91369963108696	6.525957596663775
1844	201.91280818885696	6.526156723482278
1845	201.91191659433153	6.526356051941701
1846	201.91102484742893	6.526555582054887
1847	201.9101329480673	6.526755313834675
1848	201.90924089616476	6.526955247293907
1849	201.90834869163956	6.527155382445426
1850	201.9074563344099	6.527355719302071
1851	201.90656382439386	6.527556257876686
1852	201.9056711615097	6.5277569981821095
1853	201.90477834567557	6.527957940231183
1854	201.90388537680965	6.52815908403675
1855	201.90299225483008	6.528360429611649
1856	201.90209897965514	6.528561976968723
1857	201.90120555120293	6.528763726120814
1858	201.90031196939165	6.52896567708076
1859	201.8994182341395	6.5291678298614055
1860	201.8985243453646	6.52937018447559
1861	201.89763030298516	6.529572740936156
1862	201.8967361069194	6.529775499255943
1863	201.89584175708544	6.529978459447795
1864	201.89494725340148	6.530181621524551
1865	201.89405259578572	6.530384985499052
1866	201.89315778415627	6.53058855138414
1867	201.8922628184314	6.530792319192657
1868	201.89136769852922	6.530996288937444
1869	201.89047242436797	6.531200460631342
1870	201.88957699586578	6.5314048342871915
1871	201.88868141294085	6.531609409917834
1872	201.88778567551134	6.531814187536112
1873	201.88688978349543	6.532019167154865
1874	201.88599373681134	6.5322243487869365
1875	201.8850975353772	6.532429732445166
1876	201.8842011791112	6.532635318142395
1877	201.88330466793153	6.532841105891464
1878	201.88240800175637	6.533047095705216
1879	201.8815111805039	6.533253287596492
1880	201.8806142040923	6.533459681578132
1881	201.87971707243975	6.533666277662978
1882	201.8788197854644	6.5338730758638714
1883	201.87792234308446	6.5340800761936535
1884	201.87702474521808	6.534287278665165
1885	201.87612699178348	6.534494683291246
1886	201.87522908269878	6.534702290084742
1887	201.8743310178822	6.53491009905849
1888	201.87343279725195	6.5351181102253335
1889	201.87253442072617	6.535326323598112
1890	201.87163588822304	6.535534739189668
1891	201.87073719966074	6.5357433570128425
1892	201.86983835495744	6.535952177080478
1893	201.86893935403134	6.536161199405413
1894	201.8680401968006	6.5363704240004905
1895	201.8671408831834	6.536579850878552
1896	201.8662414130979	6.536789480052438
1897	201.86534178646232	6.5369993115349905
1898	201.86444200319485	6.5372093453390505
1899	201.86354206321363	6.537419581477459
1900	201.86264196643685	6.537630019963056
1901	201.86174171278267	6.537840660808685
1902	201.86084130216932	6.5380515040271865
1903	201.85994073451494	6.538262549631401
1904	201.85904000973773	6.538473797634172
1905	201.8581391277558	6.538685248048338
1906	201.8572380884874	6.5388969008867415
1907	201.85633689185073	6.539108756162223
1908	201.8554355377639	6.539320813887625
1909	201.85453402614513	6.539533074075788
1910	201.8536323569126	6.539745536739553
1911	201.85273052998448	6.539958201891762
1912	201.85182854527892	6.540171069545256
1913	201.85092640271415	6.540384139712876
1914	201.85002410220832	6.540597412407463
1915	201.8491216436796	6.540810887641859
1916	201.8482190270462	6.5410245654289065
1917	201.84731625222625	6.541238445781444
1918	201.846413319138	6.541452528712313
1919	201.84551022769958	6.541666814234356
1920	201.84460697782916	6.541881302360414
1921	201.84370356944495	6.542095993103329
1922	201.84280000246514	6.542310886475941
1923	201.84189627680786	6.542525982491092
1924	201.8409923923913	6.542741281161622
1925	201.84008834913368	6.542956782500374
1926	201.83918414695313	6.543172486520189
1927	201.83827978576784	6.543388393233907
1928	201.837375265496	6.543604502654371
1929	201.8364705860558	6.543820814794421
1930	201.83556574736542	6.544037329666897
1931	201.83466074934302	6.544254047284642
1932	201.83375559190677	6.544470967660498
1933	201.83285027497487	6.5446880908073055
1934	201.8319447984655	6.5449054167379055
1935	201.83103916229683	6.545122945465139
1936	201.83013336638703	6.545340677001847
1937	201.82922741065428	6.545558611360872
1938	201.8283212950168	6.545776748555054
1939	201.8274150193927	6.545995088597236
1940	201.82650858370022	6.546213631500257
1941	201.8256019878575	6.546432377276959
1942	201.82469523178275	6.546651325940185
1943	201.82378831539413	6.5468704775027735
1944	201.82288123860982	6.547089831977567
1945	201.821974001348	6.547309389377409
1946	201.82106660352684	6.547529149715137
1947	201.82015904506449	6.547749113003594
1948	201.8192513258792	6.547969279255621
1949	201.81834344588913	6.548189648484059
1950	201.81743540501245	6.54841022070175
1951	201.8165272031673	6.548630995921536
1952	201.81561884027192	6.548851974156256
1953	201.81471031624446	6.5490731554187525
1954	201.8138016310031	6.549294539721867
1955	201.812892784466	6.54951612707844
1956	201.81198377655136	6.5497379175013135
1957	201.81107460717735	6.549959911003329
1958	201.81016527626215	6.550182107597326
1959	201.80925578372396	6.550404507296148
1960	201.80834612948095	6.550627110112634
1961	201.8074363134513	6.550849916059627
1962	201.80652633555314	6.551072925149968
1963	201.80561619570472	6.551296137396498
1964	201.80470589382418	6.551519552812058
1965	201.80379542982973	6.55174317140949
1966	201.8028848036395	6.551966993201634
1967	201.8019740151717	6.5521910182013325
1968	201.80106306434448	6.552415246421425
1969	201.80015195107606	6.552639677874756
1970	201.7992406752846	6.552864312574164
1971	201.7983292368883	6.553089150532491
1972	201.79741763580532	6.553314191762579
1973	201.79650587195383	6.5535394362772665
1974	201.795593945252	6.553764884089398
1975	201.79468185561805	6.553990535211814
1976	201.79376960297012	6.5542163896573555
1977	201.79285718722642	6.554442447438863
1978	201.79194460830504	6.554668708569178
1979	201.7910318661243	6.5548951730611416
1980	201.7901189606023	6.555121840927597
1981	201.78920589165725	6.555348712181384
1982	201.7882926592073	6.555575786835343
1983	201.7873792631706	6.555803064902316
1984	201.78646570346538	6.556030546395144
1985	201.7855519800098	6.5562582313266695
1986	201.78463809272208	6.556486119709732
1987	201.78372404152034	6.556714211557175
1988	201.78280982632276	6.556942506881838
1989	201.78189544704756	6.557171005696562
1990	201.78098090361289	6.557399708014189
1991	201.78006619593694	6.55762861384756
1992	201.7791513239379	6.5578577232095165
1993	201.77823628753393	6.558087036112901
1994	201.7773210866432	6.558316552570552
1995	201.77640572118392	6.558546272595312
1996	201.77549019107425	6.558776196200023
1997	201.7745744962324	6.559006323397526
1998	201.77365863657644	6.559236654200661
1999	201.77274261202467	6.559467188622271
2000	201.77182642249525	6.559697926675196
2001	201.77091006790633	6.559928868372278
2002	201.76999354817607	6.560160013726358
2003	201.7690768632227	6.560391362750277
2004	201.76816001296436	6.560622915456877
2005	201.76724299731924	6.560854671858999
2006	201.76632581620552	6.5610866319694825
2007	201.7654084695414	6.561318795801172
2008	201.76449095724502	6.5615511633669055
2009	201.76357327923455	6.561783734679526
2010	201.76265543542823	6.562016509751876
2011	201.7617374257442	6.562249488596794
2012	201.76081925010064	6.562482671227122
2013	201.75990090841574	6.562716057655702
2014	201.75898240060766	6.562949647895376
2015	201.75806372659463	6.5631834419589845
2016	201.75714488629475	6.563417439859369
2017	201.75622587962624	6.563651641609368
2018	201.7553067065073	6.563886047221827
2019	201.75438736685604	6.5641206567095844
2020	201.75346786059072	6.5643554700854825
2021	201.75254818762946	6.564590487362363
2022	201.7516283478905	6.564825708553066
2023	201.75070834129195	6.565061133670434
2024	201.74978816775203	6.565296762727307
2025	201.74886782718892	6.565532595736527
2026	201.7479473195208	6.565768632710935
2027	201.7470266446658	6.566004873663372
2028	201.74610580254216	6.566241318606681
2029	201.745184793068	6.566477967553701
2030	201.74426361616156	6.566714820517275
2031	201.743342271741	6.566951877510242
2032	201.7424207597245	6.567189138545445
2033	201.7414990800302	6.567426603635726
2034	201.74057723257633	6.567664272793924
2035	201.73965521728104	6.567902146032882
2036	201.7387330340625	6.5681402233654405
2037	201.73781068283895	6.568378504804441
2038	201.7368881635285	6.568616990362725
2039	201.73596547604933	6.568855680053132
2040	201.73504262031966	6.569094573888507
2041	201.73411959625764	6.5693336718816875
2042	201.73319640378148	6.569572974045517
2043	201.73227304280934	6.5698124803928355
2044	201.7313495132594	6.570052190936484
2045	201.7304258150498	6.5702921056893056
2046	201.7295019480988	6.570532224664141
2047	201.72857791232454	6.57077254787383
2048	201.72765370764515	6.571013075331214
2049	201.72672933397885	6.571253807049136
2050	201.72580479124386	6.571494743040436
2051	201.7248800793583	6.571735883317955
2052	201.72395519824036	6.5719772278945365
2053	201.72303014780826	6.572218776783019
2054	201.72210492798013	6.572460529996245
2055	201.72117953867416	6.572702487547055
2056	201.72025397980852	6.572944649448291
2057	201.71932825130142	6.5731870157127945
2058	201.71840235307104	6.573429586353407
2059	201.7174762850355	6.573672361382967
2060	201.71655004711303	6.573915340814319
2061	201.7156236392218	6.574158524660303
2062	201.71469706128	6.5744019129337605
2063	201.7137703132058	6.574645505647532
2064	201.71284339491737	6.574889302814461
2065	201.71191630633288	6.5751333044473865
2066	201.71098904737053	6.575377510559149
2067	201.7100616179485	6.575621921162592
2068	201.70913401798498	6.575866536270556
2069	201.7082062473981	6.5761113558958835
2070	201.70727830610605	6.576356380051412
2071	201.70635019402704	6.576601608749987
2072	201.70542191107924	6.576847042004447
2073	201.70449345718086	6.577092679827634
2074	201.70356483225	6.577338522232389
2075	201.7026360362049	6.577584569231555
2076	201.7017070689637	6.577830820837971
2077	201.70077793044464	6.57807727706448
2078	201.69984862056586	6.578323937923922
2079	201.6989191392455	6.578570803429138
2080	201.69798948640178	6.578817873592971
2081	201.6970596619529	6.579065148428262
2082	201.69612966581698	6.57931262794785
2083	201.69519949791228	6.579560312164578
2084	201.6942691581569	6.579808201091287
2085	201.69333864646907	6.580056294740817
2086	201.69240796276694	6.580304593126012
2087	201.6914771069687	6.580553096259713
2088	201.69054607899253	6.580801804154759
2089	201.6896148787566	6.581050716823992
2090	201.68868350617907	6.5812998342802524
2091	201.6877519611782	6.581549156536384
2092	201.6868202436721	6.581798683605226
2093	201.68588835357895	6.582048415499621
2094	201.68495629081693	6.582298352232409
2095	201.68402405530426	6.582548493816432
2096	201.68309164695907	6.582798840264531
2097	201.68215906569955	6.583049391589547
2098	201.6812263114439	6.583300147804322
2099	201.68029338411029	6.583551108921697
