0	254.6322099649171	6.5599869471933365
1	254.6247350156572	6.553538862637999
2	254.61726847793926	6.547099711613854
3	254.60981034692196	6.540669488154542
4	254.60236061776388	6.534248186293707
5	254.59491928562366	6.527835800064994
6	254.58748634565993	6.521432323502042
7	254.5800617930313	6.515037750638497
8	254.5726456228964	6.5086520755079995
9	254.56523783041382	6.502275292144193
10	254.5578384107422	6.495907394580722
11	254.55044735904013	6.489548376851227
12	254.5430646704663	6.483198232989352
13	254.53569034017926	6.4768569570287395
14	254.52832436333767	6.470524543003033
15	254.52096673510016	6.464200984945874
16	254.5136174506253	6.457886276890906
17	254.50627650507175	6.451580412871774
18	254.49894389359812	6.445283386922117
19	254.49161961136303	6.438995193075581
20	254.4843036535251	6.432715825365807
21	254.47699601524297	6.426445277826438
22	254.46969669167524	6.420183544491118
23	254.4624056779805	6.413930619393488
24	254.45512296931744	6.407686496567193
25	254.44784856084462	6.401451170045874
26	254.4405824477207	6.395224633863174
27	254.43332462510423	6.389006882052739
28	254.4260750881539	6.3827979086482065
29	254.41883383202835	6.376597707683224
30	254.41160085188613	6.370406273191431
31	254.4043761428859	6.364223599206474
32	254.39715970018628	6.358049679761992
33	254.38995151894588	6.351884508891629
34	254.3827515943233	6.34572808062903
35	254.37555992147725	6.339580389007835
36	254.36837649556625	6.333441428061688
37	254.36120131174894	6.327311191824232
38	254.35403436518394	6.321189674329109
39	254.3468756510299	6.315076869609964
40	254.33972516444544	6.308972771700438
41	254.33258290058913	6.302877374634174
42	254.32544885461965	6.296790672444814
43	254.3183230216956	6.290712659166004
44	254.31120539697557	6.2846433288313825
45	254.30409597561822	6.2785826754745955
46	254.29699475278215	6.272530693129285
47	254.289901723626	6.266487375829094
48	254.28281688330839	6.260452717607666
49	254.27574022698792	6.254426712498641
50	254.2686717498232	6.2484093545356645
51	254.26161144697286	6.242400637752379
52	254.25455931359554	6.236400556182426
53	254.24751534484983	6.230409103859451
54	254.24047953589437	6.224426274817094
55	254.2334518818878	6.218452063088998
56	254.2264323779887	6.212486462708808
57	254.21942101935568	6.2065294677101654
58	254.21241780114744	6.200581072126714
59	254.2054227185225	6.194641269992095
60	254.19843576663956	6.188710055339953
61	254.19145694065725	6.18278742220393
62	254.18448623573408	6.176873364617667
63	254.17752364702878	6.170967876614811
64	254.1705691696999	6.1650709522290015
65	254.1636227989061	6.159182585493883
66	254.15668452980597	6.153302770443097
67	254.14975435755818	6.147431501110287
68	254.1428322773213	6.141568771529097
69	254.13591828425396	6.135714575733167
70	254.12901237351483	6.129868907756143
71	254.12211454026246	6.124031761631666
72	254.1152247796555	6.11820313139338
73	254.10834308685259	6.112383011074926
74	254.10146945701234	6.106571394709948
75	254.09460388529334	6.100768276332089
76	254.08774636685422	6.094973649974992
77	254.08089689685363	6.0891875096723
78	254.07405547045016	6.083409849457653
79	254.06722208280246	6.077640663364698
80	254.0603967290691	6.071879945427076
81	254.05357940440877	6.066127689678429
82	254.04677010398004	6.060383890152401
83	254.03996882294152	6.054648540882635
84	254.03317555645188	6.048921635902772
85	254.0263902996697	6.043203169246458
86	254.0196130477536	6.037493134947333
87	254.01284379586224	6.031791527039042
88	254.00608253915425	6.026098339555225
89	253.99932927278815	6.020413566529528
90	253.99258399192266	6.014737201995591
91	253.98584669171632	6.009069239987058
92	253.97911736732783	6.003409674537574
93	253.97239601391576	5.997758499680779
94	253.96568262663877	5.992115709450316
95	253.95897720065543	5.98648129787983
96	253.95227973112438	5.980855259002961
97	253.94559021320424	5.975237586853354
98	253.93890864205366	5.969628275464651
99	253.93223501283123	5.964027318870496
100	253.9255693206956	5.958434711104529
101	253.91891156080533	5.952850446200396
102	253.9122617283191	5.947274518191738
103	253.90561981839548	5.941706921112197
104	253.89898582619313	5.936147648995419
105	253.89235974687065	5.930596695875044
106	253.88574157558668	5.925054055784717
107	253.87913130749982	5.9195197227580785
108	253.8725289377687	5.9139936908287725
109	253.86593446155194	5.908475954030443
110	253.85934787400814	5.902966506396731
111	253.85276917029597	5.89746534196128
112	253.84619834557398	5.891972454757733
113	253.83963539500087	5.886487838819733
114	253.83308031373522	5.8810114881809215
115	253.82653309693563	5.875543396874943
116	253.81999373976072	5.87008355893544
117	253.81346223736915	5.864631968396054
118	253.80693858491952	5.859188619290431
119	253.80042277757045	5.85375350565221
120	253.79391481048054	5.848326621515036
121	253.78741467880843	5.8429079609125525
122	253.78092237771276	5.8374975178784
123	253.77443790235213	5.832095286446223
124	253.76796124788515	5.8267012606496635
125	253.76149240947046	5.821315434522365
126	253.75503138226668	5.815937802097971
127	253.74857816143242	5.810568357410123
128	253.7421327421263	5.805207094492465
129	253.73569511950691	5.799854007378638
130	253.72926528873293	5.794509090102286
131	253.72284324496295	5.789172336697052
132	253.7164289833556	5.783843741196579
133	253.71002249906948	5.77852329763451
134	253.7036237872632	5.773211000044487
135	253.69723284309543	5.767906842460153
136	253.69084966172477	5.762610818915151
137	253.6844742383098	5.757322923443124
138	253.6781065680092	5.752043150077715
139	253.67174664598156	5.746771492852566
140	253.66539446738554	5.741507945801321
141	253.6590500273797	5.736252502957622
142	253.65271332112266	5.731005158355112
143	253.64638434377306	5.7257659060274335
144	253.64006309048955	5.7205347400082305
145	253.6337495564307	5.7153116543311455
146	253.62744373675517	5.71009664302982
147	253.62114562662157	5.704889700137898
148	253.6148552211885	5.699690819689022
149	253.6085725156146	5.694499995716835
150	253.6022975050585	5.689317222254981
151	253.5960301846788	5.6841424933371
152	253.58977054963412	5.678975802996837
153	253.5835185950831	5.673817145267835
154	253.57727431618434	5.668666514183735
155	253.57103770809647	5.663523903778183
156	253.56480876597809	5.658389308084818
157	253.55858748498784	5.653262721137285
158	253.55237386028435	5.6481441369692265
159	253.54616788702623	5.6430335496142865
160	253.53996956037207	5.637930953106105
161	253.53377887548055	5.632836341478328
162	253.52759582751023	5.627749708764596
163	253.52142041161977	5.622671048998553
164	253.51525262296778	5.617600356213843
165	253.5090924567129	5.612537624444105
166	253.5029399080137	5.607482847722985
167	253.49679497202885	5.602436020084126
168	253.49065764391693	5.597397135561169
169	253.4845279188366	5.592366188187759
170	253.47840579194644	5.587343171997537
171	253.47229125840508	5.582328081024146
172	253.46618431337117	5.577320909301229
173	253.4600849520033	5.572321650862429
174	253.45399316946012	5.567330299741391
175	253.4479089609002	5.562346849971754
176	253.44183232148222	5.5573712955871635
177	253.43576324636476	5.552403630621261
178	253.42970173070643	5.547443849107689
179	253.4236477696659	5.542491945080093
180	253.41760135840178	5.537547912572114
181	253.41156249207262	5.532611745617394
182	253.40553116583712	5.527683438249577
183	253.39950737485387	5.522762984502305
184	253.3934911142815	5.517850378409221
185	253.3874823792786	5.51294561400397
186	253.38148116500383	5.508048685320192
187	253.37548746661577	5.503159586391531
188	253.3695012792731	5.49827831125163
189	253.36352259813438	5.4934048539341305
190	253.35755141835824	5.488539208472677
191	253.35158773510332	5.483681368900912
192	253.34563154352824	5.478831329252478
193	253.33968283879165	5.473989083561019
194	253.33374161605212	5.469154625860176
195	253.32780787046826	5.464327950183591
196	253.3218815971987	5.459509050564911
197	253.31596279140211	5.454697921037775
198	253.31005144823706	5.449894555635828
199	253.3041475628622	5.445098948392712
200	253.2982511304361	5.440311093342069
201	253.29236214611743	5.435530984517543
202	253.2864806050648	5.430758615952776
203	253.28060650243683	5.425993981681412
204	253.27473983339215	5.421237075737093
205	253.26888059308934	5.416487892153462
206	253.2630287766871	5.411746424964162
207	253.25718437934393	5.407012668202835
208	253.25134739621856	5.402286615903126
209	253.24551782246954	5.397568262098675
210	253.23969565325552	5.3928576008231275
211	253.2338808837351	5.388154626110124
212	253.22807350906697	5.3834593319933095
213	253.22227352440967	5.378771712506325
214	253.21648092492183	5.374091761682813
215	253.2106957057621	5.36941947355642
216	253.2049178620891	5.364754842160784
217	253.19914738906144	5.360097861529551
218	253.19338428183772	5.355448525696364
219	253.18762853557658	5.3508068286948625
220	253.18188014543668	5.346172764558694
221	253.17613910657656	5.341546327321497
222	253.17040541415489	5.336927511016918
223	253.16467906333028	5.332316309678597
224	253.15896004926134	5.327712717340178
225	253.15324836710673	5.323116728035305
226	253.147544012025	5.318528335797618
227	253.14184697917483	5.313947534660763
228	253.1361572637148	5.309374318658381
229	253.1304748608036	5.304808681824116
230	253.12479976559976	5.300250618191608
231	253.11913197326194	5.295700121794503
232	253.11347147894878	5.291157186666443
233	253.1078182778189	5.28662180684107
234	253.1021723650309	5.282093976352028
235	253.09653373574335	5.277573689232959
236	253.09090238511496	5.273060939517506
237	253.0852783083043	5.268555721239312
238	253.07966150047002	5.26405802843202
239	253.07405195677072	5.259567855129272
240	253.068449672365	5.255085195364711
241	253.0628546424115	5.2506100431719815
242	253.05726686206887	5.246142392584725
243	253.05168632649568	5.241682237636583
244	253.0461130308506	5.237229572361202
245	253.0405469702922	5.232784390792221
246	253.03498813997916	5.228346686963286
247	253.02943653507006	5.2239164549080375
248	253.0238921507235	5.219493688660119
249	253.01835498209812	5.215078382253173
250	253.01282502435257	5.2106705297208435
251	253.00730227264543	5.206270125096774
252	253.00178672213534	5.201877162414604
253	252.9962783679809	5.197491635707979
254	252.99077720534075	5.193113539010541
255	252.98528322937352	5.188742866355934
256	252.9797964352378	5.1843796117778
257	252.97431681809223	5.18002376930978
258	252.96884437309544	5.17567533298552
259	252.96337909540605	5.171334296838661
260	252.95792098018265	5.1670006549028455
261	252.95247002258387	5.162674401211719
262	252.94702621776833	5.1583555297989205
263	252.94158956089467	5.154044034698096
264	252.9361600471215	5.149739909942887
265	252.93073767160743	5.145443149566935
266	252.92532242951108	5.141153747603886
267	252.9199143159911	5.136871698087381
268	252.91451332620608	5.132596995051063
269	252.90911945531465	5.128329632528574
270	252.9037326984754	5.124069604553559
271	252.89835305084702	5.119816905159658
272	252.8929805075881	5.115571528380515
273	252.88761506385723	5.111333468249775
274	252.88225671481305	5.107102718801078
275	252.87690545561415	5.102879274068068
276	252.87156128141922	5.098663128084388
277	252.86622418738682	5.094454274883679
278	252.8608941686756	5.090252708499587
279	252.85557122044415	5.086058422965753
280	252.85025533785114	5.08187141231582
281	252.84494651605513	5.077691670583431
282	252.8396447502148	5.073519191802229
283	252.8343500354887	5.0693539700058565
284	252.82906236703553	5.065195999227955
285	252.82378174001386	5.06104527350217
286	252.81850814958236	5.056901786862143
287	252.81324159089957	5.052765533341518
288	252.80798205912416	5.048636506973935
289	252.80272954941475	5.044514701793039
290	252.79748405692993	5.040400111832474
291	252.79224557682835	5.036292731125879
292	252.78701410426865	5.032192553706901
293	252.7817896344094	5.02809957360918
294	252.77657216240925	5.0240137848663595
295	252.7713616834268	5.019935181512084
296	252.7661581926207	5.015863757579994
297	252.76096168514954	5.011799507103734
298	252.75577215617196	5.0077424241169455
299	252.7505896008466	5.003692502653273
300	252.74541401433203	4.999649736746358
301	252.7402453917869	4.995614120429842
302	252.73508372836983	4.991585647737372
303	252.72992901923942	4.987564312702587
304	252.7247812595543	4.983550109359133
305	252.71964044447313	4.979543031740649
306	252.71450656915448	4.97554307388078
307	252.70937962875698	4.97155022981317
308	252.70425961843924	4.96756449357146
309	252.6991465333599	4.963585859189293
310	252.6940403686776	4.959614320700313
311	252.68894111955092	4.955649872138162
312	252.68384878113855	4.951692507536483
313	252.678763348599	4.947742220928918
314	252.67368481709096	4.943799006349112
315	252.66861318177303	4.939862857830705
316	252.66354843780385	4.935933769407343
317	252.658490580342	4.932011735112665
318	252.65343960454615	4.928096748980318
319	252.6483955055749	4.924188805043942
320	252.64335827858687	4.920287897337181
321	252.63832791874069	4.916394019893677
322	252.63330442119494	4.912507166747074
323	252.62828778110827	4.9086273319310125
324	252.62327799363933	4.904754509479139
325	252.61827505394672	4.9008886934250935
326	252.613278957189	4.89702987780252
327	252.60828969852489	4.893178056645061
328	252.6033072731129	4.88933322398636
329	252.59833167611177	4.885495373860058
330	252.59336290268	4.8816645002998005
331	252.5884009479763	4.877840597339228
332	252.58344580715928	4.874023659011984
333	252.57849747538754	4.870213679351713
334	252.57355594781967	4.866410652392055
335	252.56862121961433	4.862614572166654
336	252.56369328593016	4.858825432709155
337	252.55877214192572	4.855043228053198
338	252.55385778275968	4.851267952232427
339	252.54895020359066	4.847499599280484
340	252.54404939957723	4.843738163231013
341	252.53915536587806	4.839983638117657
342	252.53426809765173	4.8362360179740564
343	252.5293875900569	4.832495296833857
344	252.52451383825218	4.828761468730701
345	252.51964683739615	4.82503452769823
346	252.5147865826475	4.821314467770087
347	252.5099330691648	4.817601282979915
348	252.50508629210668	4.8138949673613585
349	252.50024624663178	4.810195514948059
350	252.49541292789868	4.806502919773659
351	252.49058633106603	4.802817175871802
352	252.48576645129248	4.799138277276129
353	252.4809532837366	4.7954662180202865
354	252.476146823557	4.791800992137914
355	252.47134706591234	4.788142593662657
356	252.46655400596123	4.784491016628156
357	252.46176763886228	4.780846255068055
358	252.4569879597741	4.777208303015996
359	252.45221496385534	4.773577154505622
360	252.4474486462646	4.769952803570578
361	252.44268900216053	4.766335244244504
362	252.4379360267017	4.762724470561045
363	252.43318971504678	4.759120476553841
364	252.42845006235433	4.755523256256538
365	252.42371706378307	4.751932803702778
366	252.4189907144915	4.748349112926202
367	252.41427100963833	4.7447721779604555
368	252.40955794438213	4.741201992839179
369	252.40485151388154	4.737638551596017
370	252.4001517132952	4.734081848264611
371	252.39545853778168	4.730531876878604
372	252.39077198249964	4.726988631471642
373	252.3860920426077	4.723452106077363
374	252.38141871326442	4.719922294729413
375	252.37675198962853	4.7163991914614325
376	252.37209186685854	4.7128827903070665
377	252.36743834011315	4.7093730852999585
378	252.36279140455096	4.705870070473749
379	252.35815105533058	4.702373739862081
380	252.3535172876106	4.698884087498599
381	252.3488900965497	4.695401107416945
382	252.34426947730645	4.69192479365076
383	252.3396554250395	4.688455140233691
384	252.33504793490744	4.684992141199377
385	252.33044700206892	4.681535790581463
386	252.32585262168257	4.678086082413591
387	252.32126478890697	4.674643010729404
388	252.31668349890077	4.671206569562544
389	252.3121087468226	4.667776752946656
390	252.30754052783104	4.6643535549153805
391	252.30297883708477	4.660936969502362
392	252.29842366974233	4.657526990741243
393	252.2938750209624	4.654123612665665
394	252.28933288590358	4.6507268293092725
395	252.28479725972448	4.647336634705708
396	252.28026813758373	4.6439530228886134
397	252.27574551463996	4.640575987891633
398	252.2712293860518	4.637205523748408
399	252.26671974697783	4.633841624492582
400	252.26221659257672	4.630484284157798
401	252.25771991800704	4.6271334967777
402	252.25322971842746	4.623789256385928
403	252.24874598899655	4.6204515570161275
404	252.24426872487297	4.617120392701939
405	252.23979792121534	4.613795757477007
406	252.23533357318223	4.610477645374976
407	252.2308756759323	4.607166050429484
408	252.2264242246242	4.603860966674179
409	252.22197921441648	4.6005623881427
410	252.2175406404678	4.597270308868692
411	252.2131084979368	4.593984722885796
412	252.20868278198205	4.590705624227657
413	252.2042634877622	4.587433006927917
414	252.19985061043587	4.584166865020218
415	252.1954441451617	4.580907192538204
416	252.19104408709828	4.577653983515517
417	252.18665043140422	4.5744072319858
418	252.18226317323817	4.571166931982697
419	252.17788230775875	4.567933077539849
420	252.17350783012452	4.564705662690901
421	252.16913973549418	4.561484681469493
422	252.16477801902633	4.558270127909269
423	252.16042267587954	4.555061996043874
424	252.1560737012125	4.551860279906949
425	252.1517310901838	4.548664973532136
426	252.14739483795205	4.545476070953079
427	252.14306493967587	4.542293566203421
428	252.1387413905139	4.539117453316804
429	252.13442418562474	4.535947726326871
430	252.13011332016703	4.532784379267266
431	252.1258087892994	4.52962740617163
432	252.12151058818043	4.526476801073608
433	252.11721871196875	4.523332558006841
434	252.11293315582301	4.520194671004971
435	252.1086539149018	4.517063134101645
436	252.10438098436376	4.513937941330502
437	252.10011435936747	4.510819086725186
438	252.0958540350716	4.5077065643193395
439	252.09160000663476	4.5046003681466065
440	252.08735226921556	4.501500492240628
441	252.08311081797262	4.498406930635047
442	252.07887564806455	4.49531967736351
443	252.07464675465	4.4922387264596555
444	252.07042413288758	4.489164071957129
445	252.0662077779359	4.48609570788957
446	252.06199768495355	4.483033628290625
447	252.05779384909923	4.4799778271939354
448	252.05359626553147	4.476928298633144
449	252.04940492940895	4.473885036641894
450	252.0452198358903	4.470848035253827
451	252.04104098013406	4.467817288502588
452	252.03686835729894	4.464792790421818
453	252.0327019625435	4.461774535045159
454	252.0285417910264	4.458762516406258
455	252.02438783790626	4.455756728538753
456	252.02024009834167	4.4527571654762905
457	252.0160985674913	4.44976382125251
458	252.0119632405137	4.446776689901058
459	252.0078341125675	4.443795765455574
460	252.0037111788114	4.440821041949704
461	251.99959443440392	4.437852513417089
462	251.99548387450375	4.43489017389137
463	251.99137949426947	4.431934017406193
464	251.98728128885975	4.428984037995201
465	251.98318925343312	4.426040229692034
466	251.9791033831483	4.423102586530337
467	251.97502367316386	4.420171102543751
468	251.97095011863843	4.417245771765922
469	251.96688271473062	4.41432658823049
470	251.96282145659904	4.411413545971098
471	251.9587663394024	4.408506639021391
472	251.95471735829918	4.40560586141501
473	251.9506745084481	4.4027112071855985
474	251.9466377850077	4.399822670366798
475	251.9426071831367	4.396940244992253
476	251.93858269799364	4.394063925095606
477	251.93456432473718	4.391193704710499
478	251.93055205852593	4.388329577870577
479	251.92654589451848	4.38547153860948
480	251.9225458278735	4.382619580960853
481	251.91855185374962	4.379773698958337
482	251.91456396730538	4.376933886635575
483	251.9105821636995	4.374100138026212
484	251.90660643809053	4.371272447163889
485	251.90263678563713	4.368450808082251
486	251.89867320149787	4.365635214814937
487	251.8947156808314	4.362825661395593
488	251.89076421879633	4.360022141857861
489	251.88681881055132	4.357224650235383
490	251.88287945125495	4.354433180561804
491	251.87894613606585	4.351647726870764
492	251.87501886014266	4.348868283195907
493	251.87109761864394	4.346094843570878
494	251.8671824067284	4.343327402029317
495	251.86327321955457	4.340565952604868
496	251.85937005228115	4.337810489331172
497	251.85547290006673	4.335061006241874
498	251.8515817580699	4.332317497370617
499	251.8476966214493	4.329579956751043
500	251.84381748536356	4.326848378416795
501	251.8399443449713	4.324122756401515
502	251.8360771954311	4.321403084738848
503	251.83221603190162	4.318689357462434
504	251.8283608495415	4.315981568605918
505	251.82451164350934	4.313279712202943
506	251.82066840896374	4.31058378228715
507	251.81683114106332	4.307893772892183
508	251.81299983496672	4.305209678051685
509	251.80917448583259	4.302531491799298
510	251.8053550888195	4.299859208168666
511	251.80154163908608	4.2971928211934305
512	251.79773413179095	4.294532324907236
513	251.79393256209272	4.291877713343722
514	251.79013692515005	4.289228980536537
515	251.78634721612153	4.286586120519319
516	251.7825634301658	4.283949127325711
517	251.77878556244144	4.28131799498936
518	251.77501360810712	4.278692717543904
519	251.7712475623214	4.276073289022989
520	251.76748742024296	4.273459703460256
521	251.76373317703042	4.270851954889348
522	251.75998482784235	4.268250037343911
523	251.75624236783744	4.265653944857583
524	251.75250579217422	4.26306367146401
525	251.74877509601137	4.260479211196834
526	251.7450502745075	4.257900558089698
527	251.74133132282122	4.255327706176244
528	251.7376182361112	4.252760649490115
529	251.73391100953597	4.250199382064956
530	251.73020963825422	4.247643897934407
531	251.72651411742453	4.245094191132113
532	251.72282444220556	4.2425502556917145
533	251.71914060775592	4.240012085646856
534	251.71546260923418	4.237479675031182
535	251.71179044179902	4.234953017878331
536	251.70812410060907	4.232432108221949
537	251.7044635808229	4.229916940095677
538	251.70080887759914	4.227407507533161
539	251.69715998609644	4.22490380456804
540	251.6935169014734	4.222405825233959
541	251.68987961888863	4.21991356356456
542	251.68624813350075	4.217427013593488
543	251.6826224404684	4.214946169354382
544	251.6790025349502	4.212471024880888
545	251.67538841210475	4.210001574206648
546	251.67178006709068	4.207537811365304
547	251.66817749506663	4.2050797303905
548	251.6645806911912	4.202627325315878
549	251.660989650623	4.200180590175081
550	251.6574043685207	4.197739519001752
551	251.65382484004283	4.195304105829534
552	251.6502510603481	4.192874344692069
553	251.6466830245951	4.190450229623002
554	251.6431207279424	4.188031754655973
555	251.63956416554868	4.1856189138246265
556	251.63601333257256	4.183211701162605
557	251.63246822417264	4.1808101107035505
558	251.62892883550754	4.178414136481109
559	251.62539516173587	4.17602377252892
560	251.6218671980163	4.173639012880627
561	251.61834493950738	4.171259851569873
562	251.61482838136777	4.168886282630301
563	251.61131751875615	4.166518300095555
564	251.607812346831	4.164155897999276
565	251.60431286075104	4.161799070375107
566	251.60081905567486	4.159447811256692
567	251.5973309267611	4.157102114677674
568	251.59384846916836	4.154761974671693
569	251.59037167805525	4.152427385272396
570	251.58690054858045	4.1500983405134235
571	251.58343507590249	4.147774834428418
572	251.57997525518005	4.145456861051024
573	251.57652108157174	4.1431444144148815
574	251.5730725502362	4.140837488553636
575	251.56962965633198	4.13853607750093
576	251.56619239501782	4.136240175290405
577	251.5627607614522	4.133949775955706
578	251.55933475079385	4.1316648735304735
579	251.55591435820133	4.129385462048352
580	251.55249957883328	4.127111535542983
581	251.54909040784833	4.124843088048009
582	251.54568684040507	4.122580113597076
583	251.54228887166215	4.120322606223823
584	251.53889649677816	4.118070559961897
585	251.53550971091178	4.115823968844936
586	251.53212850922156	4.113582826906585
587	251.52875288686616	4.111347128180489
588	251.52538283900418	4.109116866700287
589	251.52201836079428	4.106892036499625
590	251.51865944739504	4.104672631612144
591	251.51530609396508	4.102458646071487
592	251.51195829566302	4.100250073911298
593	251.5086160476475	4.09804690916522
594	251.50527934507713	4.095849145866895
595	251.50194818311056	4.093656778049963
596	251.49862255690633	4.091469799748072
597	251.49530246162314	4.089288204994862
598	251.4919878924196	4.087111987823976
599	251.48867884445428	4.0849411422690585
600	251.48537531288585	4.0827756623637494
601	251.4820772928729	4.080615542141693
602	251.47878477957408	4.078460775636533
603	251.47549776814802	4.076311356881911
604	251.4722162537533	4.074167279911472
605	251.46894023154852	4.072028538758856
606	251.46566969669234	4.069895127457707
607	251.46240464434337	4.067767040041668
608	251.45914506966025	4.065644270544382
609	251.4558909678016	4.06352681299949
610	251.45264233392598	4.061414661440638
611	251.44939916319208	4.059307809901466
612	251.4461614507585	4.05720625241562
613	251.44292919178386	4.05510998301674
614	251.43970238142674	4.053018995738469
615	251.43648101484584	4.050933284614452
616	251.43326508719974	4.048852843678329
617	251.43005459364704	4.046777666963744
618	251.42684952934636	4.044707748504342
619	251.42364988945636	4.042643082333763
620	251.4204556691356	4.04058366248565
621	251.41726686354275	4.038529482993648
622	251.41408346783643	4.036480537891397
623	251.41090547717525	4.034436821212543
624	251.4077328867178	4.032398326990727
625	251.40456569162276	4.030365049259592
626	251.4014038870487	4.02833698205278
627	251.39824746815427	4.026314119403934
628	251.39509643009808	4.024296455346699
629	251.39195076803875	4.022283983914716
630	251.3888104771349	4.020276699141628
631	251.38567555254514	4.018274595061078
632	251.38254598942808	4.016277665706709
633	251.3794217829424	4.014285905112164
634	251.37630292824664	4.012299307311085
635	251.37318942049947	4.010317866337116
636	251.3700812548595	4.0083415762238985
637	251.36697842648536	4.006370431005077
638	251.36388093053566	4.004404424714293
639	251.360788762169	4.002443551385189
640	251.35770191654404	4.00048780505141
641	251.35462038881937	3.998537179746596
642	251.35154417415364	3.9965916695043924
643	251.34847326770543	3.9946512683584405
644	251.3454076646334	3.9927159703423833
645	251.34234736009614	3.990785769489865
646	251.33929234925228	3.9888606598345264
647	251.33624262726045	3.986940635410012
648	251.33319818927924	3.9850256902499632
649	251.3301590304673	3.9831158183880246
650	251.32712514598325	3.9812110138578367
651	251.3240965309857	3.979311270693044
652	251.32107318063328	3.9774165829272903
653	251.31805509008458	3.975526944594215
654	251.31504225449828	3.9736423497274647
655	251.31203466903293	3.9717627923606798
656	251.30903232884722	3.969888266527504
657	251.3060352290997	3.9680187662615807
658	251.30304336494905	3.9661542855965513
659	251.30005673155384	3.9642948185660605
660	251.29707532407272	3.9624403592037494
661	251.29409913766432	3.9605909015432608
662	251.29112816748724	3.95874643961824
663	251.2881624087001	3.956906967462327
664	251.2852018564615	3.955072479109167
665	251.28224650593012	3.953242968592401
666	251.27929635226454	3.9514184299456723
667	251.27635139062338	3.9495988572026235
668	251.27341161616525	3.947784244396898
669	251.27047702404883	3.945974585562139
670	251.26754760943265	3.944169874731988
671	251.2646233674754	3.94237010594009
672	251.26170429333567	3.9405752732200847
673	251.2587903821721	3.9387853706056175
674	251.25588162914326	3.937000392130331
675	251.25297802940784	3.935220331827867
676	251.25007957812443	3.9334451837318696
677	251.2471862704516	3.9316749418759804
678	251.24429810154808	3.9299096002938434
679	251.2414150665724	3.9281491530190995
680	251.2385371606832	3.9263935940853933
681	251.23566437903912	3.9246429175263677
682	251.2327967167988	3.922897117375664
683	251.22993416912078	3.9211561876669276
684	251.22707673116375	3.9194201224337983
685	251.2242243980863	3.917688915709921
686	251.22137716504707	3.9159625615289384
687	251.21853502720467	3.914241053924492
688	251.2156979797177	3.9125243869302264
689	251.2128660177448	3.910812554579783
690	251.2100391364446	3.9091055509068053
691	251.2072173309757	3.9074033699449364
692	251.20440059649675	3.9057060057278186
693	251.20158892816636	3.9040134522890955
694	251.1987823211431	3.902325703662408
695	251.1959807705857	3.900642753881402
696	251.19318427165265	3.8989645969797175
697	251.19039281950265	3.8972912269909985
698	251.18760640929432	3.8956226379488887
699	251.18482503618623	3.8939588238870297
700	251.18204869533704	3.892299778839065
701	251.17927738190537	3.8906454968386366
702	251.17651109104983	3.888995971919388
703	251.17374981792904	3.8873511981149624
704	251.17099355770162	3.885711169459002
705	251.16824230552618	3.88407587998515
706	251.16549605656138	3.8824453237270484
707	251.1627548059658	3.880819494718342
708	251.1600185488981	3.879198386992671
709	251.15728728051687	3.87758199458368
710	251.1545609959807	3.8759703115250117
711	251.15183969044827	3.8743633318503083
712	251.14912335907815	3.8727610495932137
713	251.146411997029	3.8711634587873696
714	251.14370559945942	3.869570553466419
715	251.14100416152803	3.867982327664006
716	251.13830767839346	3.8663987754137716
717	251.13561614521433	3.8648198907493603
718	251.13292955714925	3.863245667704413
719	251.13024790935685	3.861676100312575
720	251.12757119699575	3.8601111826074868
721	251.12489941522455	3.8585509086227923
722	251.12223255920193	3.8569952723921355
723	251.11957062408644	3.855444267949157
724	251.1169136050367	3.8538978893275013
725	251.11426149721137	3.8523561305608096
726	251.11161429576907	3.8508189856827264
727	251.10897199586842	3.8492864487268945
728	251.106334592668	3.8477585137269554
729	251.10370208132647	3.8462351747165533
730	251.10107445700243	3.8447164257293296
731	251.09845171485452	3.8432022607989285
732	251.09583385004132	3.8416926739589927
733	251.0932208577215	3.8401876592431643
734	251.09061273305366	3.8386872106850873
735	251.08800947119644	3.8371913223184024
736	251.08541106730843	3.835699988176755
737	251.08281751654823	3.834213202293786
738	251.0802288140745	3.8327309587031384
739	251.07764495504586	3.831253251438457
740	251.0750659346209	3.829780074533382
741	251.07249174795828	3.828311422021559
742	251.0699223902166	3.8268472879366278
743	251.06735785655445	3.825387666312233
744	251.0647981421305	3.8239325511820184
745	251.06224324210336	3.822481936579624
746	251.05969315163165	3.821035816538696
747	251.05714786587396	3.8195941850928743
748	251.05460737998897	3.8181570362758035
749	251.05207168913523	3.8167243641211255
750	251.04954078847138	3.8152961626624835
751	251.04701467315607	3.8138724259335213
752	251.0444933383479	3.81245314796788
753	251.04197677920547	3.8110383227992037
754	251.03946499088744	3.8096279444611345
755	251.03695796855243	3.8082220069873154
756	251.03445570735903	3.80682050441139
757	251.03195820246586	3.8054234307670005
758	251.02946544903156	3.80403078008779
759	251.02697744221473	3.8026425464074003
760	251.02449417717403	3.801258723759475
761	251.02201564906807	3.7998793061776577
762	251.01954185305542	3.79850428769559
763	251.01707278429475	3.7971336623469156
764	251.01460843794464	3.795767424165277
765	251.01214880916376	3.794405567184317
766	251.0096938931107	3.793048085437678
767	251.00724368494406	3.7916949729590037
768	251.0047981798225	3.7903462237819374
769	251.00235737290464	3.78900183194012
770	250.99992125934907	3.7876617914671966
771	250.99748983431445	3.7863260963968077
772	250.99506309295936	3.7849947407625977
773	250.99264103044243	3.7836677185982097
774	250.9902236419223	3.782345023937285
775	250.98781092255757	3.7810266508134687
776	250.98540286750688	3.7797125932604008
777	250.9829994719288	3.778402845311727
778	250.98060073098202	3.7770974010010874
779	250.97820663982512	3.775796254362127
780	250.9758171936167	3.774499399428488
781	250.97343238751543	3.773206830233813
782	250.9710522166799	3.771918540811745
783	250.96867667626876	3.770634525195926
784	250.9663057614406	3.76935477742
785	250.96393946735404	3.7680792915176102
786	250.9615777891677	3.766808061522398
787	250.95922072204021	3.7655410814680077
788	250.95686826113024	3.764278345388081
789	250.9545204015963	3.76301984731626
790	250.9521771385971	3.7617655812861903
791	250.94983846729122	3.7605155413315123
792	250.94750438283728	3.7592697214858704
793	250.94517488039392	3.758028115782906
794	250.94284995511975	3.7567907182562634
795	250.94052960217337	3.7555575229395837
796	250.93821381671344	3.7543285238665107
797	250.93590259389856	3.753103715070688
798	250.93359592888737	3.751883090585757
799	250.93129381683843	3.750666644445362
800	250.92899625291042	3.749454370683144
801	250.92670323226199	3.748246263332747
802	250.92441475005165	3.747042316427815
803	250.9221308014381	3.7458425240019886
804	250.91985138157995	3.7446468800889128
805	250.9175764856358	3.7434553787222278
806	250.91530610876427	3.742268013935579
807	250.913040246124	3.7410847797626077
808	250.91077889287362	3.739905670236957
809	250.90852204417172	3.7387306793922703
810	250.90626969517695	3.7375598012621896
811	250.9040218410479	3.736393029880359
812	250.9017784769432	3.7352303592804197
813	250.89953959802148	3.7340717834960158
814	250.89730519944138	3.73291729656079
815	250.89507527636147	3.731766892508384
816	250.89284982394037	3.730620565372443
817	250.89062883733675	3.729478309186607
818	250.8884123117092	3.728340117984521
819	250.88620024221635	3.7272059857998268
820	250.8839926240168	3.726075906666167
821	250.8817894522692	3.724949874617186
822	250.87959072213215	3.7238278836865244
823	250.87739642876429	3.722709927907827
824	250.8752065673242	3.721596001314736
825	250.87302113297054	3.7204860979408925
826	250.8708401208619	3.719380211819943
827	250.86866352615698	3.7182783369855272
828	250.8664913440143	3.7171804674712896
829	250.8643235695925	3.7160865973108717
830	250.86216019805022	3.714996720537917
831	250.86000122454607	3.713910831186069
832	250.8578466442387	3.7128289232889697
833	250.85569645228668	3.7117509908802626
834	250.85355064384868	3.7106770279935897
835	250.8514092140833	3.709607028662595
836	250.84927215814915	3.70854098692092
837	250.84713947120485	3.7074788968022077
838	250.84501114840904	3.7064207523401023
839	250.84288718492033	3.705366547568245
840	250.84076757589736	3.7043162765202804
841	250.8386523164987	3.7032699332298495
842	250.836541401883	3.702227511730596
843	250.8344348272089	3.7011890060561634
844	250.83233258763497	3.700154410240193
845	250.83023467831987	3.6991237183163292
846	250.82814109442222	3.698096924318214
847	250.8260518311006	3.6970740222794904
848	250.82396688351372	3.696055006233801
849	250.8218862468201	3.695039870214788
850	250.8198099161784	3.6940286082560965
851	250.81773788674724	3.693021214391367
852	250.81567015368526	3.692017682654244
853	250.81360671215106	3.691018007078369
854	250.81154755730327	3.6900221816973855
855	250.8094926843005	3.689030200544937
856	250.80744208830134	3.688042057654665
857	250.80539576446446	3.6870577470602135
858	250.80335370794847	3.6860772627952243
859	250.80131591391196	3.6851005988933405
860	250.7992823775136	3.6841277493882063
861	250.79725309391196	3.6831587083134623
862	250.7952280582657	3.6821934697027534
863	250.79320726573343	3.681232027589721
864	250.79119071147375	3.680274376008009
865	250.78917839064528	3.679320508991259
866	250.78717029840666	3.6783704205731143
867	250.78516642991656	3.677424104787219
868	250.7831667803335	3.676481555667214
869	250.78117134481613	3.675542767246744
870	250.7791801185231	3.67460773355945
871	250.77719309661302	3.6736764486389757
872	250.7752102742445	3.672748906518965
873	250.77323164657616	3.6718251012330585
874	250.77125720876663	3.6709050268149017
875	250.76928695597454	3.6699886772981354
876	250.76732088335845	3.6690760467164028
877	250.76535898607708	3.6681671291033466
878	250.76340125928897	3.6672619184926103
879	250.76144769815278	3.6663604089178374
880	250.75949829782712	3.6654625944126686
881	250.7575530534706	3.6645684690107485
882	250.75561196024185	3.6636780267457194
883	250.75367501329947	3.6627912616512237
884	250.7517422078021	3.6619081677609056
885	250.74981353890837	3.6610287391084055
886	250.74788900177688	3.6601529697273696
887	250.74596859156625	3.6592808536514374
888	250.74405230343513	3.658412384914253
889	250.74214013254212	3.657547557549461
890	250.74023207404582	3.6566863655907014
891	250.73832812310488	3.6558288030716195
892	250.7364282748779	3.654974864025856
893	250.73453252452353	3.6541245424870556
894	250.73264086720036	3.6532778324888597
895	250.73075329806701	3.6524347280649114
896	250.7288698122821	3.651595223248855
897	250.7269904050043	3.6507593120743307
898	250.72511507139217	3.6499269885749843
899	250.72324380660433	3.6490982467844564
900	250.72137660579943	3.6482730807363906
901	250.7195134641361	3.64745148446443
902	250.7176543767729	3.646633452002217
903	250.71579933886855	3.645818977383395
904	250.71394834558157	3.6450080546416057
905	250.71210139207062	3.6442006778104936
906	250.71025847349438	3.6433968409236996
907	250.70841958501134	3.6425965380148684
908	250.70658472178022	3.641799763117642
909	250.70475387895962	3.641006510265663
910	250.70292705170814	3.6402167734925754
911	250.70110423518443	3.63943054683202
912	250.69928542454707	3.6386478243176406
913	250.6974706149547	3.6378685999830815
914	250.69565980156597	3.6370928678619836
915	250.69385297953946	3.636320621987991
916	250.6920501440338	3.635551856394745
917	250.6902512902076	3.6347865651158906
918	250.6884564132195	3.634024742185068
919	250.68666550822815	3.633266381635922
920	250.68487857039213	3.6325114775020957
921	250.68309559487005	3.6317600238172303
922	250.68131657682054	3.63101201461497
923	250.67954151140222	3.6302674439289566
924	250.67777039377373	3.6295263057928335
925	250.67600321909364	3.6287885942402442
926	250.67423998252065	3.6280543033048303
927	250.67248067921332	3.6273234270202357
928	250.6707253043303	3.6265959594201025
929	250.66897385303017	3.6258718945380735
930	250.66722632047157	3.6251512264077923
931	250.66548270181315	3.624433949062901
932	250.66374299221349	3.623720056537043
933	250.66200718683126	3.6230095428638602
934	250.66027528082503	3.622302402076997
935	250.65854726935345	3.6215986282100947
936	250.6568231475751	3.6208982152967963
937	250.65510291064862	3.6202011573707464
938	250.65338655373267	3.6195074484655856
939	250.6516740719858	3.6188170826149584
940	250.6499654605667	3.618130053852506
941	250.64826071463395	3.617446356211872
942	250.6465598293462	3.616765983726701
943	250.644862799862	3.616088930430633
944	250.64316962134006	3.6154151903573126
945	250.64148028893896	3.6147447575403815
946	250.63979479781733	3.6140776260134846
947	250.63811314313375	3.613413789810262
948	250.63643532004687	3.6127532429643576
949	250.6347613237153	3.6120959795094154
950	250.6330911492977	3.611441993479077
951	250.63142479195267	3.610791278906986
952	250.6297622468388	3.6101438298267845
953	250.6281035091147	3.609499640272115
954	250.62644857393906	3.608858704276622
955	250.62479743647046	3.608221015873947
956	250.6231500918675	3.6075865690977333
957	250.62150653528883	3.606955357981623
958	250.6198667618931	3.60632737655926
959	250.61823076683888	3.605702618864287
960	250.61659854528477	3.6050810789303456
961	250.61497009238943	3.6044627507910807
962	250.61334540331148	3.6038476284801333
963	250.61172447320953	3.6032357060311475
964	250.6101072972422	3.602626977477765
965	250.6084938705681	3.6020214368536294
966	250.6068841883459	3.601419078192384
967	250.60527824573416	3.6008198955276702
968	250.60367603789152	3.6002238828931326
969	250.6020775599766	3.599631034322412
970	250.60048280714804	3.599041343849153
971	250.59889177456444	3.598454805506998
972	250.59730445738444	3.597871413329589
973	250.59572085076664	3.59729116135057
974	250.59414094986965	3.5967140436035825
975	250.5925647498521	3.5961400541222717
976	250.59099224587263	3.5955691869402773
977	250.58942343308985	3.595001436091244
978	250.58785830666235	3.594436795608815
979	250.5862968617488	3.5938752595266314
980	250.58473909350778	3.5933168218783385
981	250.58318499709796	3.5927614766975773
982	250.5816345676779	3.5922092180179908
983	250.58008780040623	3.591660039873223
984	250.57854469044162	3.5911139362969147
985	250.57700523294264	3.590570901322711
986	250.57546942306794	3.590030928984253
987	250.57393725597612	3.589494013315185
988	250.5724087268258	3.5889601483491487
989	250.5708838307756	3.5884293281197865
990	250.56936256298417	3.587901546660743
991	250.5678449186101	3.5873767980056597
992	250.56633089281203	3.58685507618818
993	250.56482048074855	3.5863363752419466
994	250.5633136775783	3.5858206892006015
995	250.5618104784599	3.58530801209779
996	250.56031087855197	3.584798337967152
997	250.55881487301315	3.5842916608423323
998	250.55732245700202	3.5837879747569725
999	250.55583362567725	3.5832872737447157
1000	250.5543483741974	3.5827895518392068
1001	250.55286669772113	3.5822948030740855
1002	250.55138859140703	3.5818030214829966
1003	250.54991405041375	3.5813142010995818
1004	250.54844306989992	3.5808283359574853
1005	250.5469756450241	3.5803454200903486
1006	250.54551177094498	3.5798654475318146
1007	250.54405144282114	3.5793884123155277
1008	250.54259465581123	3.578914308475129
1009	250.54114140507383	3.5784431300442625
1010	250.5396916857676	3.57797487105657
1011	250.53824549305114	3.577509525545695
1012	250.5368028220831	3.5770470875452807
1013	250.53536366802203	3.576587551088969
1014	250.53392802602662	3.576130910210404
1015	250.53249589125542	3.575677158943227
1016	250.53106725886713	3.5752262913210817
1017	250.5296421240203	3.5747783013776107
1018	250.52822048187363	3.5743331831464573
1019	250.52680232758567	3.573890930661264
1020	250.52538765631505	3.5734515379556733
1021	250.52397646322044	3.573014999063329
1022	250.5225687434604	3.572581308017874
1023	250.52116449219355	3.5721504588529487
1024	250.51976370457857	3.571722445602199
1025	250.51836637577406	3.5712972622992654
1026	250.5169725009386	3.5708749029777933
1027	250.51558207523084	3.5704553616714225
1028	250.5141950938094	3.5700386324137976
1029	250.51281155183287	3.5696247092385627
1030	250.51143144445993	3.5692135861793575
1031	250.51005476684915	3.5688052572698274
1032	250.50868151415915	3.568399716543614
1033	250.5073116815486	3.567996958034361
1034	250.50594526417606	3.56759697577571
1035	250.50458225720018	3.5671997638013044
1036	250.50322265577958	3.566805316144789
1037	250.50186645507287	3.566413626839803
1038	250.5005136502387	3.5660246899199923
1039	250.4991642364357	3.565638499418997
1040	250.4978182088224	3.565255049370463
1041	250.4964755625575	3.5648743338080315
1042	250.49513629279957	3.564496346765344
1043	250.49380039470728	3.5641210822760465
1044	250.49246786343923	3.5637485343737794
1045	250.49113869415402	3.5633786970921864
1046	250.4898128820103	3.5630115644649094
1047	250.48849042216668	3.5626471305255927
1048	250.4871713097818	3.562285389307879
1049	250.48585554001423	3.5619263348454093
1050	250.48454310802262	3.5615699611718292
1051	250.4832340089656	3.5612162623207793
1052	250.4819282380018	3.560865232325903
1053	250.48062579028982	3.560516865220845
1054	250.47932666098825	3.560171155039245
1055	250.47803084525574	3.5598280958147486
1056	250.47673833825093	3.559487681580996
1057	250.47544913513244	3.5591499063716316
1058	250.47416323105884	3.5588147642203
1059	250.47288062118878	3.55848224916064
1060	250.47160130068087	3.558152355226298
1061	250.47032526469377	3.5578250764509143
1062	250.46905250838606	3.5575004068681335
1063	250.46778302691638	3.557178340511597
1064	250.46651681544333	3.556858871414949
1065	250.46525386912558	3.5565419936118325
1066	250.46399418312168	3.5562277011358883
1067	250.4627377525903	3.555915988020762
1068	250.46148457269	3.5556068483000938
1069	250.4602346385795	3.555300276007528
1070	250.45898794541733	3.5549962651767073
1071	250.45774448836215	3.5546948098412745
1072	250.45650426257257	3.554395904034873
1073	250.45526726320722	3.554099541791144
1074	250.4540334854247	3.5538057171437325
1075	250.45280292438366	3.5535144241262793
1076	250.45157557524269	3.553225656772428
1077	250.45035143316045	3.552939409115822
1078	250.44913049329554	3.552655675190103
1079	250.44791275080655	3.5523744490289153
1080	250.44669820085213	3.5520957246659006
1081	250.4454868385909	3.551819496134702
1082	250.44427865918146	3.551545757468963
1083	250.44307365778246	3.551274502702325
1084	250.44187182955253	3.551005725868433
1085	250.44067316965024	3.550739421000928
1086	250.43947767323422	3.5504755821334535
1087	250.43828533546312	3.5502142032996518
1088	250.43709615149555	3.5499552785331665
1089	250.43591011649013	3.549698801867641
1090	250.43472722560549	3.5494447673367158
1091	250.43354747400025	3.549193168974037
1092	250.432370856833	3.548944000813244
1093	250.43119736926238	3.548697256887982
1094	250.43002700644698	3.5484529312318935
1095	250.42885976354546	3.5482110178786206
1096	250.42769563571645	3.547971510861807
1097	250.42653461811852	3.547734404215094
1098	250.42537670591034	3.547499691972126
1099	250.4242218942505	3.547267368166546
1100	250.42307017829765	3.547037426831995
1101	250.42192155321035	3.5468098620021182
1102	250.4207760141473	3.546584667710557
1103	250.41963355626706	3.5463618379909545
1104	250.41849417472827	3.546141366876953
1105	250.41735786468956	3.5459232484021954
1106	250.41622462130954	3.5457074766003265
1107	250.41509443974684	3.5454940455049875
1108	250.41396731516005	3.5452829491498217
1109	250.41284324270782	3.54507418156847
1110	250.41172221754874	3.544867736794578
1111	250.4106042348415	3.5446636088617884
1112	250.4094892897446	3.5444617918037413
1113	250.40837737741677	3.5442622796540824
1114	250.4072684930166	3.544065066446453
1115	250.4061626317027	3.543870146214497
1116	250.40505978863368	3.5436775129918554
1117	250.4039599589682	3.5434871608121727
1118	250.40286313786484	3.5432990837090923
1119	250.40176932048223	3.543113275716255
1120	250.400678501979	3.5429297308673053
1121	250.39959067751374	3.5427484431958853
1122	250.39850584224513	3.542569406735637
1123	250.39742399133172	3.542392615520206
1124	250.39634511993216	3.5422180635832325
1125	250.3952692232051	3.5420457449583607
1126	250.39419629630913	3.5418756536792326
1127	250.39312633440287	3.5417077837794904
1128	250.39205933264495	3.5415421292927793
1129	250.39099528619397	3.5413786842527406
1130	250.38993419020858	3.541217442693018
1131	250.3888760398474	3.5410583986472517
1132	250.38782083026902	3.540901546149088
1133	250.38676855663206	3.540746879232167
1134	250.38571921409516	3.5405943919301333
1135	250.38467279781696	3.54044407827663
1136	250.38362930295602	3.540295932305298
1137	250.38258872467102	3.540149948049782
1138	250.38155105812055	3.5400061195437234
1139	250.38051629846325	3.539864440820766
1140	250.3794844408577	3.5397249059145532
1141	250.37845548046258	3.5395875088587263
1142	250.37742941243644	3.53945224368693
1143	250.37640623193798	3.539319104432805
1144	250.37538593412577	3.5391880851299957
1145	250.37436851415842	3.5390591798121434
1146	250.3733539671946	3.5389323825128933
1147	250.37234228839284	3.5388076872658867
1148	250.37133347291186	3.538685088104766
1149	250.37032751591022	3.538564579063175
1150	250.36932441254658	3.5384461541747556
1151	250.36832415797952	3.5383298074731515
1152	250.36732674736768	3.5382155329920058
1153	250.3663321758697	3.5381033247649603
1154	250.36534043864415	3.5379931768256587
1155	250.3643515308497	3.5378850832077435
1156	250.36336544764495	3.537779037944857
1157	250.36238218418853	3.5376750350706434
1158	250.36140173563905	3.537573068618744
1159	250.36042409715512	3.5374731326228033
1160	250.35944926389536	3.5373752211164633
1161	250.3584772310184	3.5372793281333665
1162	250.35750799368287	3.5371854477071554
1163	250.35654154704739	3.537093573871473
1164	250.35557788627057	3.5370037006599646
1165	250.35461700651103	3.5369158221062693
1166	250.35365890292738	3.5368299322440326
1167	250.35270357067827	3.536746025106896
1168	250.35175100492228	3.536664094728502
1169	250.35080120081807	3.5365841351424954
1170	250.34985415352423	3.5365061403825164
1171	250.34890985819945	3.536430104482211
1172	250.34796831000224	3.536356021475219
1173	250.34702950409127	3.5362838853951857
1174	250.34609343562516	3.5362136902757513
1175	250.34516009976255	3.536145430150561
1176	250.34422949166205	3.536079099053257
1177	250.34330160648227	3.5360146910174817
1178	250.34237643938184	3.5359522000768786
1179	250.34145398551934	3.5358916202650894
1180	250.34053424005344	3.5358329456157573
1181	250.33961719814278	3.535776170162526
1182	250.33870285494592	3.5357212879390385
1183	250.3377912056215	3.5356682929789365
1184	250.33688224532818	3.5356171793158624
1185	250.3359759692245	3.5355679409834613
1186	250.33507237246914	3.5355205720153733
1187	250.3341714502207	3.5354750664452426
1188	250.33327319763782	3.5354314183067133
1189	250.3323776098791	3.535389621633426
1190	250.33148468210317	3.5353496704590257
1191	250.33059440946866	3.5353115588171526
1192	250.32970678713414	3.535275280741451
1193	250.3288218102583	3.5352408302655647
1194	250.32793947399972	3.535208201423135
1195	250.32705977351702	3.5351773882478073
1196	250.32618270396884	3.5351483847732195
1197	250.3253082605138	3.5351211850330184
1198	250.3244364383105	3.535095783060847
1199	250.32356723251755	3.5350721728903456
1200	250.32270063829358	3.5350503485551608
1201	250.32183665079725	3.535030304088931
1202	250.32097526518714	3.535012033525301
1203	250.32011647662188	3.5349955308979144
1204	250.31926028026007	3.5349807902404122
1205	250.31840667126036	3.5349678055864406
1206	250.31755564478135	3.534956570969638
1207	250.3167071959817	3.534947080423652
1208	250.31586132002	3.53493932798212
1209	250.31501801205482	3.5349333076786897
1210	250.3141772672449	3.5349290135470026
1211	250.31333908074876	3.5349264396206994
1212	250.31250344772505	3.534925579933426
1213	250.31167036333238	3.534926428518823
1214	250.31083982272938	3.534928979410534
1215	250.31001182107468	3.534933226642202
1216	250.3091863535269	3.534939164247469
1217	250.30836341524466	3.5349467862599804
1218	250.30754300138653	3.5349560867133754
1219	250.30672510711122	3.534967059641299
1220	250.30590972757727	3.5349796990773936
1221	250.30509685794334	3.534993999055301
1222	250.30428649336804	3.5350099536086668
1223	250.30347862901004	3.535027556771132
1224	250.30267326002786	3.5350468025763395
1225	250.3018703815802	3.5350676850579315
1226	250.30106998882565	3.5350901982495513
1227	250.3002720769228	3.535114336184844
1228	250.29947664103034	3.535140092897449
1229	250.29868367630684	3.5351674624210108
1230	250.29789317791094	3.5351964387891717
1231	250.29710514100125	3.5352270160355763
1232	250.2963195607364	3.5352591881938653
1233	250.295536432275	3.535292949297681
1234	250.29475575077566	3.5353282933806693
1235	250.29397751139706	3.5353652144764705
1236	250.29320170929773	3.5354037066187285
1237	250.2924283396364	3.5354437638410854
1238	250.29165739757156	3.535485380177184
1239	250.2908888782619	3.535528549660669
1240	250.29012277686607	3.5355732663251804
1241	250.28935908854265	3.5356195242043644
1242	250.28859780845025	3.53566731733186
1243	250.28783893174753	3.5357166397413136
1244	250.28708245359306	3.5357674854663648
1245	250.2863283691455	3.5358198485406587
1246	250.28557667356344	3.5358737229978376
1247	250.28482736200556	3.5359291028715427
1248	250.2840804296304	3.535985982195421
1249	250.28333587159662	3.5360443550031118
1250	250.28259368306288	3.536104215328258
1251	250.28185385918772	3.5361655572045043
1252	250.2811163951298	3.5362283746654914
1253	250.28038128604777	3.536292661744866
1254	250.2796485271002	3.5363584124762655
1255	250.2789181134457	3.5364256208933367
1256	250.27819004024295	3.53649428102972
1257	250.27746430265051	3.53656438691906
1258	250.27674089582706	3.5366359325950003
1259	250.2760198149312	3.5367089120911808
1260	250.2753010551215	3.5367833194412466
1261	250.27458461155666	3.536859148678839
1262	250.27387047939524	3.536936393837602
1263	250.27315865379592	3.5370150489511794
1264	250.27244912991725	3.537095108053212
1265	250.27174190291785	3.537176565177344
1266	250.2710369679564	3.5372594143572176
1267	250.2703343201915	3.5373436496264747
1268	250.26963395478177	3.53742926501876
1269	250.26893586688578	3.537516254567715
1270	250.26824005166222	3.5376046123069846
1271	250.2675465042697	3.5376943322702084
1272	250.26685521986678	3.5377854084910325
1273	250.26616619361215	3.537877835003097
1274	250.2654794206644	3.537971605840045
1275	250.26479489618214	3.5380667150355216
1276	250.26411261532405	3.538163156623168
1277	250.26343257324868	3.538260924636628
1278	250.26275476511464	3.538360013109543
1279	250.2620791860806	3.5384604160755564
1280	250.26140583130518	3.5385621275683117
1281	250.26073469594698	3.538665141621452
1282	250.2600657751646	3.5387694522686184
1283	250.2593990641167	3.5388750535434546
1284	250.2587345579619	3.5389819394796063
1285	250.2580722518588	3.539090104110711
1286	250.257412140966	3.5391995414704147
1287	250.2567542204422	3.5393102455923597
1288	250.2560984854459	3.5394222105101893
1289	250.25544493113583	3.539535430257546
1290	250.25479355267058	3.539649898868072
1291	250.25414434520872	3.5397656103754103
1292	250.25349730390892	3.5398825588132055
1293	250.25285242392977	3.540000738215099
1294	250.25220970042992	3.5401201426147324
1295	250.25156912856798	3.540240766045751
1296	250.25093070350258	3.5403626025417947
1297	250.2502944203923	3.540485646136511
1298	250.24966027439578	3.5406098908635384
1299	250.24902826067168	3.540735330756521
1300	250.24839837437858	3.540861959849102
1301	250.2477706106751	3.5409897721749246
1302	250.24714496471987	3.5411187617676316
1303	250.24652143167154	3.541248922660864
1304	250.24590000668866	3.541380248888267
1305	250.2452806849299	3.5415127344834816
1306	250.24466346155387	3.5416463734801535
1307	250.24404833171917	3.5417811599119213
1308	250.24343529058447	3.541917087812431
1309	250.24282433330833	3.5420541512153254
1310	250.2422154550494	3.542192344154245
1311	250.24160865096633	3.542331660662835
1312	250.2410039162177	3.5424720947747366
1313	250.24040124596212	3.542613640523595
1314	250.23980063535825	3.54275629194305
1315	250.2392020795647	3.5429000430667448
1316	250.2386055737401	3.5430448879283265
1317	250.238011113043	3.5431908205614318
1318	250.2374186926321	3.5433378349997082
1319	250.23682830766597	3.5434859252767965
1320	250.23623995330328	3.543635085426339
1321	250.23565362470262	3.543785309481981
1322	250.23506931702258	3.5439365914773626
1323	250.23448702542183	3.544088925446129
1324	250.233906745059	3.5442423054219216
1325	250.23332847109265	3.5443967254383817
1326	250.23275219868142	3.5445521795291555
1327	250.23217792298396	3.5447086617278836
1328	250.2316056391589	3.54486616606821
1329	250.23103534236483	3.545024686583777
1330	250.23046702776037	3.5451842173082273
1331	250.2299006905041	3.545344752275204
1332	250.22933632575473	3.545506285518349
1333	250.22877392867082	3.545668811071308
1334	250.228213494411	3.5458323229677196
1335	250.2276550181339	3.5459968152412307
1336	250.22709849499813	3.546162281925481
1337	250.22654392016233	3.5463287170541165
1338	250.22599128878508	3.5464961146607767
1339	250.22544059602504	3.546664468779106
1340	250.22489183704081	3.546833773442748
1341	250.22434500699103	3.547004022685345
1342	250.22380010103433	3.5471752105405385
1343	250.22325711432927	3.5473473310419728
1344	250.2227160420345	3.547520378223289
1345	250.22217687930865	3.547694346118133
1346	250.22163962131035	3.547869228760146
1347	250.22110426319819	3.548045020182971
1348	250.22057080013082	3.5482217144202486
1349	250.22003922726685	3.5483993055056247
1350	250.21950953976489	3.548577787472741
1351	250.21898173278356	3.5487571543552408
1352	250.2184558014815	3.5489374001867673
1353	250.2179317410173	3.5491185190009618
1354	250.21740954654965	3.5493005048314674
1355	250.21688921323707	3.5494833517119293
1356	250.21637073623828	3.549667053675987
1357	250.2158541107118	3.549851604757286
1358	250.21533933181632	3.5500369989894662
1359	250.21482639471043	3.550223230406175
1360	250.21431529455276	3.5504102930410495
1361	250.2138060265019	3.5505981809277376
1362	250.21329858571656	3.550786888099879
1363	250.21279296735526	3.5509764085911173
1364	250.21228916657668	3.551166736435097
1365	250.2117871785394	3.5513578656654587
1366	250.21128699840207	3.5515497903158466
1367	250.2107886213233	3.551742504419903
1368	250.21029204246173	3.5519360020112694
1369	250.20979725697597	3.552130277123593
1370	250.20930426002462	3.5523253237905106
1371	250.2088130467663	3.55252113604567
1372	250.20832361235964	3.552717707922713
1373	250.20783595196326	3.5529150334552795
1374	250.2073500607358	3.5531131066770163
1375	250.20686593383581	3.5533119216215625
1376	250.206383566422	3.5535114723225645
1377	250.20590295365298	3.5537117528136632
1378	250.2054240906873	3.5539127571285016
1379	250.20494697268364	3.5541144793007224
1380	250.20447159480062	3.5543169133639685
1381	250.20399795219683	3.5545200533518835
1382	250.2035260400309	3.554723893298109
1383	250.20305585346148	3.554928427236289
1384	250.20258738764713	3.5551336492000654
1385	250.20212063774653	3.555339553223081
1386	250.20165559891825	3.555546133338981
1387	250.20119226632093	3.5557533835814055
1388	250.20073063511322	3.5559612979839987
1389	250.2002707004537	3.5561698705804017
1390	250.19981245750103	3.5563790954042602
1391	250.19935590141378	3.5565889664892145
1392	250.1989010273506	3.556799477868908
1393	250.1984478304701	3.5570106235769843
1394	250.1979963059309	3.557222397647086
1395	250.19754644889167	3.557434794112857
1396	250.19709825451096	3.557647807007938
1397	250.19665171794742	3.5578614303659717
1398	250.19620683435966	3.5580756582206035
1399	250.1957635989063	3.5582904846054744
1400	250.19532200674598	3.5585059035542277
1401	250.1948820530373	3.558721909100505
1402	250.1944437329389	3.5589384952779506
1403	250.19400704160938	3.5591556561202085
1404	250.19357197420734	3.5593733856609187
1405	250.19313852589147	3.5595916779337267
1406	250.19270669182035	3.5598105269722726
1407	250.19227646715257	3.5600299268102003
1408	250.1918478470468	3.5602498714811555
1409	250.19142082666164	3.5604703550187775
1410	250.1909954011557	3.56069137145671
1411	250.1905715656876	3.560912914828596
1412	250.190149315416	3.5611349791680786
1413	250.18972864549946	3.5613575585088
1414	250.18930955109664	3.561580646884403
1415	250.18889202736614	3.561804238328533
1416	250.18847606946662	3.5620283268748283
1417	250.18806167255664	3.562252906556936
1418	250.18764883179486	3.5624779714084958
1419	250.1872375423399	3.5627035154631526
1420	250.18682779935034	3.5629295327545485
1421	250.18641959798487	3.563156017316326
1422	250.18601293340208	3.563382963182129
1423	250.18560780076055	3.5636103643855987
1424	250.18520419521894	3.5638382149603802
1425	250.18480211193588	3.5640665089401136
1426	250.18440154606995	3.5642952403584443
1427	250.1840024927798	3.564524403249014
1428	250.18360494722404	3.564753991645466
1429	250.1832089045613	3.564983999581442
1430	250.18281435995019	3.5652144210905856
1431	250.18242130854932	3.565445250206539
1432	250.18202974551733	3.565676480962946
1433	250.18163966601284	3.5659081073934487
1434	250.18125106519446	3.5661401235316905
1435	250.18086393822082	3.5663725234113137
1436	250.18047828025055	3.566605301065962
1437	250.18009408644224	3.566838450529278
1438	250.1797113519545	3.567071965834903
1439	250.179330071946	3.5673058410164824
1440	250.17895024157534	3.567540070107657
1441	250.1785718560011	3.5677746471420715
1442	250.17819491038196	3.5680095661533655
1443	250.17781939987654	3.568244821175186
1444	250.1774453196434	3.568480406241174
1445	250.1770726648412	3.568716315384971
1446	250.17670143062855	3.5689525426402207
1447	250.17633161216412	3.569189082040566
1448	250.17596320460646	3.569425927619652
1449	250.17559620311422	3.5696630734111183
1450	250.17523060284603	3.5699005134486073
1451	250.17486639896046	3.5701382417657666
1452	250.1745035866162	3.570376252396233
1453	250.17414216097183	3.5706145393736537
1454	250.17378211718597	3.57085309673167
1455	250.17342345041723	3.571091918503924
1456	250.17306615582427	3.571330998724061
1457	250.17271022856568	3.5715703314257206
1458	250.1723556638001	3.5718099106425485
1459	250.17200245668613	3.5720497304081853
1460	250.1716506023824	3.572289784756275
1461	250.17130009604756	3.572530067720462
1462	250.17095093284019	3.572770573334386
1463	250.17060310791888	3.5730112956316913
1464	250.17025661644232	3.573252228646021
1465	250.16991145356909	3.5734933664110162
1466	250.1695676144578	3.573734702960324
1467	250.16922509426712	3.573976232327582
1468	250.16888388815562	3.574217948546437
1469	250.16854399128195	3.5744598456505288
1470	250.16820539880473	3.574701917673503
1471	250.16786810588258	3.5749441586489996
1472	250.16753210767408	3.5751865626106643
1473	250.1671973993379	3.5754291235921394
1474	250.16686397603266	3.5756718356270656
1475	250.16653183291695	3.5759146927490875
1476	250.1662009651494	3.5761576889918474
1477	250.1658713678886	3.5764008183889877
1478	250.16554303629323	3.5766440749741535
1479	250.1652159655219	3.5768874527809853
1480	250.16489015073319	3.5771309458431273
1481	250.16456558708572	3.5773745481942214
1482	250.16424226973817	3.5776182538679104
1483	250.16392019384912	3.577862056897838
1484	250.16359935457717	3.5781059513176454
1485	250.163279747081	3.5783499311609783
1486	250.16296136651917	3.578593990461476
1487	250.16264420805032	3.5788381232527833
1488	250.1623282668331	3.5790823235685427
1489	250.1620135380261	3.579326585442398
1490	250.16170001678793	3.5795709029079914
1491	250.16138769827722	3.5798152699989654
1492	250.1610765776526	3.5800596807489633
1493	250.16076665007267	3.580304129191627
1494	250.1604579106961	3.5805486093606
1495	250.16015035468146	3.580793115289525
1496	250.1598439771874	3.5810376410120464
1497	250.1595387733725	3.5812821805618054
1498	250.1592347383954	3.5815267279724434
1499	250.15893186741474	3.581771277277607
1500	250.15863015558915	3.582015822510935
1501	250.15832959807722	3.5822603577060743
1502	250.15803019003758	3.5825048768966647
1503	250.15773192662883	3.582749374116349
1504	250.1574348030096	3.5829938433987722
1505	250.1571388143385	3.5832382787775754
1506	250.1568439557742	3.583482674286401
1507	250.1565502224753	3.5837270239588945
1508	250.1562576096004	3.5839713218286957
1509	250.1559661123081	3.5842155619294505
1510	250.15567572575708	3.584459738294798
1511	250.1553864451059	3.5847038449583852
1512	250.15509826551323	3.584947875953851
1513	250.15481118213768	3.5851918253148405
1514	250.15452519013786	3.585435687074998
1515	250.15424028467237	3.5856794552679627
1516	250.15395646089985	3.585923123927381
1517	250.15367371397895	3.5861666870868922
1518	250.15339203906822	3.58641013878014
1519	250.15311143132632	3.586653473040771
1520	250.1528318859119	3.5868966839024226
1521	250.15255339798352	3.587139765398742
1522	250.15227596269986	3.5873827115633694
1523	250.1519995752195	3.5876255164299486
1524	250.15172423070106	3.5878681740321214
1525	250.1514499243032	3.588110678403532
1526	250.15117665118447	3.588353023577824
1527	250.1509044065036	3.5885952035886377
1528	250.15063318541908	3.5888372124696177
1529	250.15036298308962	3.589079044254406
1530	250.1500937946738	3.589320692976646
1531	250.14982561533026	3.5895621526699815
1532	250.1495584402176	3.5898034173680538
1533	250.14929226449445	3.5900444811045062
1534	250.14902708331945	3.5902853379129813
1535	250.1487628918512	3.5905259818271213
1536	250.1484996852483	3.590766406880572
1537	250.14823745866943	3.5910066071069733
1538	250.14797620727316	3.591246576539968
1539	250.14771592621813	3.591486309213201
1540	250.14745661066297	3.591725799160313
1541	250.14719825576626	3.5919650404149475
1542	250.14694085668665	3.592204027010748
1543	250.14668440858276	3.5924427529813574
1544	250.14642890661318	3.592681212360418
1545	250.14617434593657	3.592919399181573
1546	250.14592072171155	3.5931573074784646
1547	250.1456680290967	3.5933949312847355
1548	250.1454162632507	3.5936322646340306
1549	250.1451654193321	3.5938693015599896
1550	250.14491549249956	3.5941060360962602
1551	250.14466647791173	3.5943424622764786
1552	250.14441837072718	3.594578574134293
1553	250.14417116610454	3.5948143657033422
1554	250.14392485920246	3.5950498310172736
1555	250.14367944517952	3.5952849641097266
1556	250.14343491919436	3.595519759014344
1557	250.1431912764056	3.595754209764772
1558	250.14294851197184	3.5959883103946493
1559	250.14270662105173	3.59622205493762
1560	250.14246559880385	3.5964554374273288
1561	250.14222544038688	3.5966884518974154
1562	250.1419861409594	3.5969210923815265
1563	250.14174769568007	3.5971533529133026
1564	250.14151009970743	3.597385227526386
1565	250.14127334820017	3.5976167102544205
1566	250.1410374363169	3.597847795131049
1567	250.14080235921625	3.598078476189915
1568	250.1405681120568	3.5983087474646607
1569	250.14033468999716	3.5985386029889277
1570	250.14010208819602	3.5987680367963595
1571	250.13987030181192	3.5989970429205997
1572	250.13963932600356	3.599225615395293
1573	250.13940915592948	3.5994537482540765
1574	250.13917978674837	3.599681435530598
1575	250.13895121361884	3.599908671258499
1576	250.13872343169945	3.6001354494714217
1577	250.13849643614887	3.600361764203011
1578	250.13827022212573	3.6005876094869063
1579	250.13804478478863	3.600812979356753
1580	250.1378201192962	3.601037867846194
1581	250.13759622080704	3.6012622689888705
1582	250.13737308447978	3.6014861768184256
1583	250.13715070547303	3.601709585368504
1584	250.13692907894546	3.6019324886727473
1585	250.1367082000556	3.6021548807647994
1586	250.13648806396216	3.6023767556783013
1587	250.1362686658237	3.6025981074468962
1588	250.1360500007989	3.602818930104227
1589	250.13583206404633	3.6030392176839383
1590	250.1356148507246	3.603258964219671
1591	250.13539835599238	3.6034781637450695
1592	250.13518257500826	3.6036968102937736
1593	250.13496750293086	3.603914897899429
1594	250.1347531349188	3.6041324205956777
1595	250.13453946613072	3.604349372416163
1596	250.13432649172523	3.6045657473945267
1597	250.13411420686091	3.6047815395644127
1598	250.13390260669647	3.6049967429594636
1599	250.13369168639042	3.6052113516133213
1600	250.13348144110145	3.6054253595596304
1601	250.13327186598818	3.605638760832033
1602	250.13306295620922	3.60585154946417
1603	250.13285470692318	3.606063719489689
1604	250.13264711328867	3.6062752649422265
1605	250.13244017046435	3.6064861798554295
1606	250.1322338736088	3.6066964582629413
1607	250.1320282178807	3.606906094198402
1608	250.1318231984386	3.6071150816954574
1609	250.13161881044113	3.607323414787747
1610	250.13141504904695	3.6075310875089155
1611	250.13121190941465	3.6077380938926056
1612	250.13100938670286	3.607944427972461
1613	250.13080747607017	3.6081500837821237
1614	250.13060617267527	3.6083550553552364
1615	250.1304054716767	3.6085593367254423
1616	250.13020536823316	3.6087629219263824
1617	250.13000585750322	3.6089658049917017
1618	250.1298069346455	3.6091679799550445
1619	250.12960859481862	3.60936944085005
1620	250.12941083318125	3.609570181710364
1621	250.12921364489193	3.609770196569628
1622	250.12901702510933	3.6099694794614834
1623	250.12882096899207	3.6101680244195746
1624	250.12862547169877	3.6103658254775453
1625	250.128430528388	3.6105628766690385
1626	250.12823613421844	3.6107591720276946
1627	250.1280422843487	3.6109547055871576
1628	250.1278489739374	3.611149471381071
1629	250.12765619814311	3.6113434634430757
1630	250.12746395212454	3.611536675806818
1631	250.12727223104025	3.611729102505937
1632	250.12708103004886	3.611920737574079
1633	250.12689034430903	3.612111575044884
1634	250.12670016897934	3.612301608951996
1635	250.1265104992184	3.612490833329058
1636	250.12632133018485	3.6126792422097123
1637	250.12613265703735	3.6128668296276025
1638	250.12594447493444	3.6130535896163725
1639	250.12575677903482	3.613239516209662
1640	250.12556956449706	3.613424603441116
1641	250.12538282647978	3.613608845344377
1642	250.12519656014163	3.6137922359530865
1643	250.12501076064123	3.613974769300891
1644	250.12482542313717	3.61415643942143
1645	250.12464054278806	3.614337240348345
1646	250.1244561147526	3.614517166115282
1647	250.1242721341893	3.6146962107558838
1648	250.12408859625688	3.6148743683037914
1649	250.12390549611388	3.61505163279265
1650	250.12372282891897	3.6152279982561
1651	250.12354058983075	3.6154034587277852
1652	250.12335877400787	3.6155780082413482
1653	250.1231773766089	3.6157516408304327
1654	250.1229963927925	3.6159243505286813
1655	250.12281581771725	3.6160961313697353
1656	250.12263564654182	3.6162669773872413
1657	250.12245587442482	3.616436882614838
1658	250.12227649652482	3.616605841086169
1659	250.12209750800054	3.61677384683488
1660	250.1219189040105	3.61694089389461
1661	250.12174067971335	3.6171069762990053
1662	250.12156283026772	3.6172720880817053
1663	250.1213853508322	3.6174362232763553
1664	250.12120823656548	3.6175993759165976
1665	250.12103148262614	3.617761540036075
1666	250.12085508417277	3.6179227096684303
1667	250.12067903636404	3.6180828788473063
1668	250.12050333435855	3.618242041606346
1669	250.12032797331491	3.61840019197919
1670	250.12015294839176	3.618557323999486
1671	250.1199782547477	3.6187134317008725
1672	250.11980388754137	3.618868509116995
1673	250.11962984193138	3.619022550281494
1674	250.11945611307635	3.619175549228015
1675	250.1192826961349	3.6193274999901988
1676	250.11910958626564	3.61947839660169
1677	250.11893677862722	3.619628233096128
1678	250.11876426837821	3.61977700350716
1679	250.11859205067728	3.6199247018684257
1680	250.11842012068303	3.6200713222135708
1681	250.11824847355408	3.620216858576233
1682	250.11807710444904	3.6203613049900607
1683	250.11790600852657	3.620504655488695
1684	250.11773518094526	3.6206469041057763
1685	250.11756461686372	3.620788044874951
1686	250.1173943114406	3.620928071829859
1687	250.11722425983447	3.621066979004145
1688	250.117054457204	3.621204760431453
1689	250.1168848987078	3.6213414101454227
1690	250.11671557950447	3.6214769221796987
1691	250.11654649475267	3.621611290567923
1692	250.11637763961096	3.62174450934374
1693	250.116209009238	3.6218765725407915
1694	250.1160405987924	3.6220074741927206
1695	250.1158724034328	3.6221372083331698
1696	250.11570441831782	3.622265768995782
1697	250.11553663860605	3.6223931502142
1698	250.1153690594561	3.6225193460220666
1699	250.11520167602666	3.6226443504530246
1700	250.11503448347628	3.622768157540718
1701	250.1148674769636	3.6228907613187875
1702	250.11470065164727	3.6230121558208768
1703	250.11453400268587	3.623132335080629
1704	250.11436752523804	3.623251293131688
1705	250.11420121446238	3.6233690240076957
1706	250.11403506551753	3.6234855217422948
1707	250.1138690735621	3.623600780369128
1708	250.11370323375476	3.6237147939218386
1709	250.11353754125406	3.6238275564340703
1710	250.11337199121863	3.623939061939462
1711	250.11320657880714	3.62404930447166
1712	250.11304129917818	3.6241582780643085
1713	250.11287614749034	3.6242659767510466
1714	250.11271111890227	3.6243723945655217
1715	250.1125462085726	3.624477525541371
1716	250.11238141165992	3.624581363712241
1717	250.1122167233229	3.6246839031117735
1718	250.11205213872012	3.6247851377736118
1719	250.11188765301017	3.624885061731398
1720	250.11172326135176	3.624983669018776
1721	250.11155895890343	3.625080953669388
1722	250.11139474082384	3.6251769097168767
1723	250.1112306022716	3.6252715311948855
1724	250.11106653840534	3.6253648121370574
1725	250.11090254438366	3.6254567465770333
1726	250.1107386153652	3.6255473285484587
1727	250.11057474650855	3.6256365520849756
1728	250.11041093297237	3.6257244112202254
1729	250.11024716991525	3.6258108999878518
1730	250.11008345249581	3.625896012421498
1731	250.1099197758727	3.6259797425548084
1732	250.10975613520452	3.6260620844214224
1733	250.10959252564987	3.6261430320549852
1734	250.10942894236743	3.6262225794891396
1735	250.10926538051575	3.6263007207575257
1736	250.1091018352535	3.6263774498937904
1737	250.10893830173927	3.626452760931574
1738	250.1087747751317	3.6265266479045204
1739	250.10861125058943	3.6265991048462705
1740	250.10844772327104	3.6266701257904708
1741	250.10828418833515	3.6267397047707606
1742	250.10812064094037	3.626807835820784
1743	250.10795707624538	3.6268745129741853
1744	250.10779348940875	3.626939730264605
1745	250.1076298755891	3.627003481725687
1746	250.1074662299451	3.6270657613910746
1747	250.1073025476353	3.62712656329441
1748	250.10713882381836	3.627185881469336
1749	250.1069750536529	3.6272437099494974
1750	250.10681123229753	3.6273000427685336
1751	250.10664735491088	3.6273548739600874
1752	250.1064834166516	3.6274081975578056
1753	250.10631941267826	3.6274600075953276
1754	250.10615533814948	3.6275102981062983
1755	250.1059911882239	3.627559063124359
1756	250.1058269580601	3.627606296683154
1757	250.10566264281678	3.627651992816323
1758	250.1054982376525	3.6276961455575147
1759	250.1053337377259	3.627738748940365
1760	250.1051691381956	3.6277797969985235
1761	250.1050044342202	3.6278192837656262
1762	250.10483962095836	3.627857203275322
1763	250.10467469356868	3.6278935495612514
1764	250.10450964720977	3.6279283166570564
1765	250.10434447704029	3.627961498596381
1766	250.10417917821877	3.6279930894128656
1767	250.10401374590393	3.6280230831401585
1768	250.10384817525434	3.628051473811895
1769	250.1036824614286	3.6280782554617237
1770	250.1035165995854	3.628103422123285
1771	250.1033505848833	3.6281269678302226
1772	250.1031844124809	3.628148886616181
1773	250.10301807753692	3.628169172514799
1774	250.10285157520988	3.628187819559721
1775	250.10268490065846	3.628204821784592
1776	250.10251804904127	3.6282201732230517
1777	250.1023510155169	3.6282338679087465
1778	250.10218379524403	3.6282458998753166
1779	250.1020163833812	3.6282562631564064
1780	250.1018487750871	3.628264951785657
1781	250.10168096552027	3.6282719597967117
1782	250.10151294983942	3.6282772812232156
1783	250.1013447232031	3.6282809100988076
1784	250.10117628077	3.628282840457133
1785	250.10100761769868	3.6282830663318353
1786	250.1008387291478	3.6282815817565557
1787	250.10066961027596	3.6282783807649377
1788	250.10050025624176	3.628273457390624
1789	250.10033066220385	3.628266805667258
1790	250.10016082332086	3.62825841962848
1791	250.0999907347514	3.628248293307938
1792	250.09982039165408	3.628236420739269
1793	250.09964978918748	3.6282227959561193
1794	250.09947892251031	3.6282074129921322
1795	250.0993077867811	3.628190265880948
1796	250.09913637715854	3.6281713486562124
1797	250.09896468880123	3.6281506553515652
1798	250.0987927168678	3.6281281800006533
1799	250.0986204565168	3.6281039166371154
1800	250.09844790290694	3.6280778592945957
1801	250.09827505119682	3.6280500020067374
1802	250.09810189654502	3.628020338807185
1803	250.0979284341102	3.6279888637295774
1804	250.09775465905096	3.627955570807561
1805	250.09758056652595	3.627920454074775
1806	250.09740615169372	3.627883507564867
1807	250.09723140971298	3.6278447253114754
1808	250.09705633574225	3.627804101348247
1809	250.09688092494025	3.62776162970882
1810	250.09670517246553	3.6277173044268416
1811	250.09652907347677	3.6276711195359543
1812	250.09635262313253	3.6276230690697977
1813	250.09617581659148	3.6275731470620167
1814	250.0959986490122	3.6275213475462538
1815	250.09582111555332	3.627467664556151
1816	250.09564321137347	3.627412092125356
1817	250.09546493163128	3.6273546242875057
1818	250.09528627148538	3.6272952550762447
1819	250.09510722609434	3.627233978525215
1820	250.09492779061682	3.6271707886680638
1821	250.09474796021144	3.627105679538427
1822	250.09456773003677	3.6270386451699523
1823	250.0943870952515	3.626969679596283
1824	250.0942060510142	3.6268987768510588
1825	250.09402459248352	3.626825930967925
1826	250.09384271481807	3.626751135980523
1827	250.09366041317645	3.6266743859224944
1828	250.09347768271732	3.626595674827486
1829	250.0932945185993	3.626514996729138
1830	250.09311091598096	3.626432345661094
1831	250.092926870021	3.6263477156569963
1832	250.09274237587792	3.6262611007504875
1833	250.09255742871045	3.6261724949752105
1834	250.09237202367717	3.62608189236481
1835	250.09218615593667	3.6259892869529278
1836	250.09199982064763	3.625894672773205
1837	250.09181301296866	3.6257980438592865
1838	250.09162572805832	3.625699394244815
1839	250.0914379610753	3.6255987179634315
1840	250.09124970717818	3.6254960090487804
1841	250.09106096152559	3.6253912615345043
1842	250.09087171927618	3.625284469454246
1843	250.0906819755885	3.625175626841648
1844	250.09049172562126	3.6250647277303525
1845	250.09030096453301	3.6249517661540054
1846	250.0901096874824	3.6248367361462455
1847	250.08991788962805	3.624719631740719
1848	250.08972556612855	3.624600446971066
1849	250.08953271214256	3.624479175870932
1850	250.08933932282866	3.624355812473957
1851	250.08914539334552	3.6242303508137876
1852	250.08895091885174	3.6241027849240632
1853	250.0887558945059	3.6239731088384275
1854	250.0885603154667	3.623841316590525
1855	250.0883641768927	3.623707402213996
1856	250.08816747394252	3.623571359742485
1857	250.08797020177485	3.6234331832096345
1858	250.0877723555482	3.6232928666490856
1859	250.08757393042126	3.6231504040944844
1860	250.08737492155262	3.623005789579472
1861	250.08717532410094	3.6228590171376904
1862	250.0869751332248	3.6227100808027837
1863	250.08677434408284	3.622558974608394
1864	250.0865729518337	3.6224056925881665
1865	250.08637095163596	3.6222502287757403
1866	250.08616833864824	3.6220925772047603
1867	250.0859651080292	3.6219327319088688
1868	250.08576125493744	3.62177068692171
1869	250.08555677453157	3.621606436276927
1870	250.0853516619702	3.6214399740081578
1871	250.08514591241203	3.621271294149051
1872	250.08493952101557	3.6211003907332464
1873	250.0847324829395	3.620927257794389
1874	250.0845247933424	3.62075188936612
1875	250.08431644738295	3.620574279482081
1876	250.08410744021973	3.620394422175916
1877	250.0838977670114	3.6202123114812705
1878	250.0836874229165	3.620027941431783
1879	250.08347640309373	3.6198413060610983
1880	250.08326470270165	3.61965239940286
1881	250.08305231689894	3.6194612154907104
1882	250.08283924084418	3.619267748358292
1883	250.082625469696	3.619071992039248
1884	250.08241099861306	3.618873940567221
1885	250.0821958227539	3.618673587975853
1886	250.0819799372772	3.6184709282987892
1887	250.08176333734153	3.6182659555696715
1888	250.08154601810557	3.6180586638221417
1889	250.0813279747279	3.617849047089842
1890	250.08110920236714	3.6176370994064175
1891	250.08088969618194	3.6174228148055105
1892	250.08066945133092	3.617206187320762
1893	250.08044846297264	3.616987210985818
1894	250.0802267262658	3.616765879834316
1895	250.08000423636895	3.616542187899906
1896	250.07978098844077	3.6163161292162247
1897	250.07955697763987	3.6160876978169174
1898	250.07933219912482	3.615856887735628
1899	250.0791066480543	3.615623693005997
1900	250.0788803195869	3.6153881076616696
1901	250.0786532088812	3.615150125736288
1902	250.0784253110959	3.6149097412634936
1903	250.0781966213896	3.6146669482769305
1904	250.07796713492087	3.6144217408102426
1905	250.07773684684838	3.6141741128970715
1906	250.07750575233072	3.613924058571058
1907	250.07727384652654	3.6136715718658476
1908	250.07704112459444	3.613416646815082
1909	250.07680758169306	3.613159277452407
1910	250.07657321298103	3.612899457811461
1911	250.07633801361692	3.612637181925887
1912	250.07610197875937	3.6123724438293316
1913	250.075865103567	3.612105237555436
1914	250.07562738319845	3.611835557137841
1915	250.07538881281232	3.6115633966101934
1916	250.07514938756722	3.6112887500061315
1917	250.0749091026218	3.611011611359301
1918	250.07466795313468	3.6107319747033437
1919	250.07442593426447	3.6104498340719045
1920	250.07418304116976	3.610165183498625
1921	250.07393926900923	3.6098780170171465
1922	250.07369461294144	3.609588328661113
1923	250.0734490681251	3.6092961124641674
1924	250.0732026297187	3.6090013624599524
1925	250.07295529288098	3.6087040726821114
1926	250.07270705277045	3.6084042371642853
1927	250.07245790454584	3.60810184994012
1928	250.07220784336567	3.6077969050432555
1929	250.07195686438865	3.607489396507339
1930	250.07170496277334	3.607179318366007
1931	250.0714521336784	3.606866664652906
1932	250.07119837226242	3.606551429401679
1933	250.070943673684	3.6062336066459677
1934	250.07068803310185	3.605913190419416
1935	250.0704314456745	3.605590174755666
1936	250.0701739065606	3.6052645536883605
1937	250.06991541091878	3.604936321251143
1938	250.06965595390767	3.604605471477658
1939	250.06939553068582	3.604271998401543
1940	250.06913413641195	3.603935896056446
1941	250.0688717662446	3.603597158476008
1942	250.06860841534242	3.60325577969387
1943	250.06834407886404	3.6029117537436774
1944	250.0680787519681	3.602565074659074
1945	250.06781242981316	3.602215736473699
1946	250.0675451075579	3.601863733221198
1947	250.06727678036088	3.6015090589352137
1948	250.06700744338076	3.601151707649387
1949	250.06673709177616	3.600791673397362
1950	250.06646572070574	3.600428950212782
1951	250.06619332532802	3.60006353212929
1952	250.06591990080167	3.5996954131805277
1953	250.06564544228533	3.5993245874001385
1954	250.0653699449376	3.598951048821764
1955	250.0650934039171	3.59857479147905
1956	250.06481581438248	3.598195809405638
1957	250.0645371714923	3.597814096635169
1958	250.06425747040524	3.5974296472012863
1959	250.0639767062799	3.597042455137636
1960	250.0636948742749	3.596652514477857
1961	250.0634119695488	3.596259819255594
1962	250.06312798726034	3.59586436350449
1963	250.06284292256808	3.5954661412581874
1964	250.0625567706306	3.595065146550331
1965	250.06226952660657	3.5946613734145596
1966	250.0619811856546	3.594254815884519
1967	250.06169174293328	3.5938454679938494
1968	250.06140119360128	3.593433323776198
1969	250.0611095328172	3.593018377265203
1970	250.06081675573964	3.5926006224945106
1971	250.06052285752725	3.5921800534977613
1972	250.06022783333864	3.5917566643086
1973	250.05993167833242	3.5913304489606697
1974	250.05963438766722	3.5909014014876104
1975	250.05933595650168	3.590469515923067
1976	250.0590363799944	3.5900347863006816
1977	250.05873565330398	3.5895972066540978
1978	250.05843377158905	3.589156771016958
1979	250.05813073000826	3.588713473422904
1980	250.0578265237202	3.5882673079055816
1981	250.05752114788348	3.5878182684986313
1982	250.05721459765678	3.587366349235699
1983	250.05690686819864	3.586911544150421
1984	250.05659795466775	3.5864538472764447
1985	250.05628785222268	3.5859932526474125
1986	250.05597655602207	3.5855297542969673
1987	250.05566406122455	3.5850633462587536
1988	250.05535036298875	3.58459402256641
1989	250.05503545647323	3.5841217772535825
1990	250.0547193368367	3.5836466043539126
1991	250.0544019992377	3.5831684979010463
1992	250.0540834388349	3.582687451928622
1993	250.0537636507869	3.582203460470283
1994	250.0534426302523	3.581716517559675
1995	250.05312037238977	3.5812266172304392
1996	250.05279687235787	3.580733753516218
1997	250.05247212531526	3.5802379204506547
1998	250.05214612642058	3.5797391120673923
1999	250.0518188708324	3.579237322400075
2000	250.05149035370937	3.5787325454823447
2001	250.0511605702101	3.578224775347843
2002	250.0508295154932	3.577714006030213
2003	250.05049718471736	3.5772002315630966
2004	250.05016357304112	3.5766834459801413
2005	250.0498286756231	3.5761636433149837
2006	250.04949248762196	3.575640817601271
2007	250.04915500419628	3.5751149628726453
2008	250.04881622050473	3.5745860731627475
2009	250.0484761317059	3.5740541425052252
2010	250.0481347329584	3.573519164933715
2011	250.04779201942088	3.572981134481864
2012	250.04744798625197	3.5724400451833116
2013	250.04710262861022	3.5718958910717036
2014	250.0467559416543	3.571348666180682
2015	250.04640792054286	3.5707983645438897
2016	250.04605856043452	3.5702449801949694
2017	250.0457078564878	3.5696885071675655
2018	250.0453558038614	3.5691289394953194
2019	250.04500239771394	3.56856627121187
2020	250.04464763320402	3.5680004963508667
2021	250.04429150549026	3.5674316089459497
2022	250.0439340097313	3.56685960303076
2023	250.04357514108574	3.566284472638944
2024	250.0432148947122	3.565706211804141
2025	250.0428532657693	3.565124814559996
2026	250.0424902494157	3.5645402749401534
2027	250.04212584080997	3.5639525869782522
2028	250.04176003511077	3.563361744707939
2029	250.0413928274767	3.562767742162853
2030	250.04102421306635	3.5621705733766373
2031	250.0406541870384	3.561570232382939
2032	250.0402827445514	3.560966713215397
2033	250.03990988076404	3.5603600099076558
2034	250.0395355908349	3.559750116493356
2035	250.0391598699226	3.5591370270061455
2036	250.03878271318578	3.558520735479662
2037	250.03840411578307	3.5579012359475497
2038	250.03802407287304	3.5572785224434513
2039	250.03764257961436	3.556652589001011
2040	250.03725963116563	3.5560234296538717
2041	250.03687522268544	3.555391038435674
2042	250.0364893493325	3.5547554093800633
2043	250.03610200626534	3.554116536520681
2044	250.0357131886426	3.5534744138911702
2045	250.03532289162294	3.5528290355251757
2046	250.03493111036494	3.5521803954563347
2047	250.0345378400272	3.5515284877182953
2048	250.0341430757684	3.550873306344699
2049	250.03374681274715	3.5502148453691875
2050	250.03334904612203	3.5495530988254065
2051	250.03294977105168	3.548888060746995
2052	250.03254898269475	3.5482197251675998
2053	250.0321466762098	3.547548086120861
2054	250.0317428467555	3.546873137640422
2055	250.03133748949045	3.546194873759925
2056	250.0309305995733	3.545513288513014
2057	250.03052217216265	3.5448283759333314
2058	250.03011220241706	3.54414013005452
2059	250.02970068549524	3.5434485449102233
2060	250.02928761655576	3.542753614534083
2061	250.02887299075726	3.5420553329597415
2062	250.02845680325836	3.5413536942208466
2063	250.02803904921768	3.5406486923510334
2064	250.02761972379383	3.53994032138395
2065	250.02719882214544	3.5392285753532384
2066	250.0267763394311	3.5385134482925396
2067	250.0263522708095	3.5377949342354977
2068	250.0259266114392	3.5370730272157553
2069	250.02549935647886	3.5363477212669556
2070	250.02507050108704	3.5356190104227414
2071	250.0246400404224	3.534886888716758
2072	250.02420796964356	3.534151350182644
2073	250.02377428390915	3.5334123888540416
2074	250.02333897837775	3.532669998764598
2075	250.02290204820804	3.531924173947954
2076	250.02246348855857	3.5311749084377526
2077	250.02202329458802	3.5304221962676343
2078	250.021581461455	3.5296660314712454
2079	250.0211379843181	3.5289064080822286
2080	250.020692858336	3.5281433201342263
2081	250.02024607866724	3.527376761660878
2082	250.0197976404705	3.52660672669583
2083	250.01934753890436	3.5258332092727245
2084	250.01889576912748	3.5250562034252044
2085	250.01844232629844	3.5242757031869125
2086	250.01798720557588	3.523491702591491
2087	250.01753040211844	3.5227041956725818
2088	250.01707191108468	3.5219131764638343
2089	250.0166117276333	3.5211186389988804
2090	250.01614984692287	3.52032057731137
2091	250.01568626411202	3.5195189854349462
2092	250.01522097435935	3.518713857403249
2093	250.01475397282354	3.5179051872499234
2094	250.01428525466315	3.51709296900861
2095	250.01381481503685	3.516277196712954
2096	250.0133426491032	3.515457864396597
2097	250.01286875202086	3.5146349660931837
2098	250.01239311894844	3.513808495836354
2099	250.01191574504458	3.5129784476597514
2100	250.01143662546784	3.512144815597019
2101	250.01095575537693	3.511307593681802
