674	249.23786625542274	5.750159585773822
675	249.23724202398225	5.75397339754654
676	249.23661759367394	5.757776971546005
677	249.2359929670591	5.761570309135269
678	249.23536814669905	5.765353411677386
679	249.23474313515513	5.769126280535403
680	249.2341179349886	5.772888917072373
681	249.23349254876084	5.776641322651347
682	249.23286697903313	5.780383498635377
683	249.2322412283668	5.784115446387515
684	249.23161529932318	5.78783716727081
685	249.23098919446355	5.7915486626483155
686	249.23036291634926	5.795249933883081
687	249.2297364675416	5.798940982338161
688	249.22910985060193	5.8026218093766015
689	249.22848306809158	5.806292416361458
690	249.22785612257175	5.809952804655781
691	249.22722901660387	5.813602975622621
692	249.22660175274925	5.817242930625031
693	249.22597433356916	5.820872671026059
694	249.22534676162496	5.824492198188759
695	249.22471903947792	5.828101513476183
696	249.2240911696894	5.8317006182513795
697	249.2234631548207	5.835289513877401
698	249.22283499743313	5.838868201717299
699	249.22220670008804	5.8424366831341255
700	249.2215782653467	5.84599495949093
701	249.22094969577046	5.849543032150766
702	249.22032099392064	5.853080902476684
703	249.2196921623585	5.8566085718317344
704	249.21906320364545	5.860126041578969
705	249.21843412034275	5.86363331308144
706	249.21780491501173	5.867130387702197
707	249.2171755902137	5.870617266804292
708	249.21654614851	5.874093951750778
709	249.2159165924619	5.877560443904702
710	249.21528692463076	5.881016744629121
711	249.2146571475779	5.884462855287081
712	249.2140272638646	5.887898777241638
713	249.2133972760522	5.89132451185584
714	249.21276718670202	5.894740060492739
715	249.2121369983754	5.898145424515388
716	249.2115067136336	5.9015406052868356
717	249.210876335038	5.904925604170135
718	249.21024586514986	5.908300422528336
719	249.20961530653054	5.9116650617244915
720	249.20898466174134	5.915019523121652
721	249.20835393334355	5.918363808082869
722	249.20772312389855	5.921697917971193
723	249.20709223596762	5.925021854149677
724	249.20646127211205	5.928335617981371
725	249.20583023489323	5.931639210829326
726	249.2051991268724	5.9349326340565955
727	249.20456795061094	5.938215889026228
728	249.20393670867014	5.941488977101276
729	249.2033054036113	5.944751899644791
730	249.20267403799576	5.9480046580198245
731	249.20204261438482	5.951247253589427
732	249.20141113533984	5.95447968771665
733	249.2007796034221	5.9577019617645455
734	249.2001480211929	5.960914077096165
735	249.1995163912136	5.964116035074557
736	249.19888471604548	5.967307837062776
737	249.1982529982499	5.970489484423873
738	249.19762124038817	5.973660978520899
739	249.19698944502156	5.976822320716902
740	249.19635761471142	5.979973512374938
741	249.1957257520191	5.983114554858057
742	249.19509385950582	5.986245449529308
743	249.194461939733	5.989366197751746
744	249.19382999526192	5.9924768008884195
745	249.19319802865388	5.99557726030238
746	249.19256604247025	5.998667577356679
747	249.19193403927227	6.001747753414369
748	249.1913020216213	6.004817789838501
749	249.19066999207868	6.007877687992125
750	249.19003795320566	6.010927449238293
751	249.18940590756364	6.013967074940059
752	249.18877385771387	6.0169965664604685
753	249.18814180621771	6.0200159251625776
754	249.18750975563648	6.023025152409435
755	249.18687770853145	6.026024249564094
756	249.186245667464	6.029013217989604
757	249.18561363499538	6.031992059049019
758	249.18498161368692	6.034960774105388
759	249.1843496061	6.037919364521761
760	249.18371761479588	6.040867831661192
761	249.18308564233593	6.043806176886732
762	249.18245369128138	6.046734401561432
763	249.18182176419361	6.049652507048341
764	249.18118986363396	6.052560494710514
765	249.18055799216367	6.055458365911001
766	249.17992615234414	6.058346122012852
767	249.17929434673658	6.061223764379118
768	249.17866257790243	6.064091294372854
769	249.17803084840295	6.0669487133571085
770	249.17739916079944	6.069796022694932
771	249.17676751765322	6.072633223749378
772	249.17613592152568	6.075460317883496
773	249.17550437497803	6.078277306460338
774	249.17487288057168	6.081084190842956
775	249.1742414408679	6.0838809723944
776	249.17361005842798	6.086667652477722
777	249.1729787358133	6.089444232455973
778	249.17234747558513	6.092210713692205
779	249.17171628030485	6.0949670975494685
780	249.1710851525337	6.097713385390815
781	249.170454094833	6.100449578579297
782	249.16982310976414	6.103175678477964
783	249.16919219988839	6.105891686449867
784	249.16856136776704	6.10859760385806
785	249.1679306159615	6.111293432065592
786	249.16729994703297	6.113979172435514
787	249.16666936354287	6.11665482633088
788	249.16603886805242	6.119320395114738
789	249.16540846312301	6.121975880150142
790	249.16477815131597	6.124621282800142
791	249.16414793519255	6.127256604427789
792	249.16351781731413	6.129881846396135
793	249.16288780024198	6.13249701006823
794	249.16225788653742	6.1351020968071275
795	249.16162807876182	6.137697107975877
796	249.16099837947644	6.140282044937532
797	249.16036879124263	6.142856909055139
798	249.15973931662168	6.145421701691754
799	249.15910995817492	6.1479764242104284
800	249.1584807184637	6.150521077974211
801	249.15785160004927	6.153055664346153
802	249.157222605493	6.155580184689308
803	249.15659373735622	6.158094640366725
804	249.15596499820018	6.160599032741458
805	249.15533639058629	6.163093363176555
806	249.15470791707574	6.16557763303507
807	249.15407958022996	6.168051843680052
808	249.15345138261026	6.170515996474554
809	249.15282332677788	6.172970092781628
810	249.15219541529422	6.175414133964322
811	249.15156765072052	6.1778481213856935
812	249.15094003561816	6.180272056408786
813	249.15031257254844	6.182685940396656
814	249.14968526407267	6.1850897747123526
815	249.14905811275216	6.187483560718928
816	249.14843112114826	6.189867299779433
817	249.14780429182227	6.192240993256919
818	249.1471776273355	6.194604642514439
819	249.14655113024924	6.196958248915042
820	249.14592480312484	6.19930181382178
821	249.14529864852366	6.201635338597705
822	249.14467266900695	6.203958824605867
823	249.14404686713604	6.2062722732093185
824	249.14342124547227	6.208575685771111
825	249.1427958065769	6.210869063654293
826	249.14217055301137	6.213152408221919
827	249.14154548733686	6.2154257208370405
828	249.1409206121148	6.2176890028627065
829	249.14029592990642	6.2199422556619695
830	249.13967144327304	6.222185480597881
831	249.13904715477605	6.2244186790334926
832	249.1384230669767	6.226641852331852
833	249.13779918243637	6.228855001856015
834	249.13717550371632	6.231058128969034
835	249.13655203337788	6.233251235033954
836	249.1359287739824	6.23543432141383
837	249.13530572809114	6.237607389471716
838	249.13468289826548	6.239770440570659
839	249.13406028706672	6.241923476073712
840	249.13343789705613	6.244066497343926
841	249.13281573079507	6.246199505744352
842	249.13219379084484	6.248322502638043
843	249.13157207976678	6.250435489388048
844	249.13095060012222	6.25253846735742
845	249.13032935447242	6.254631437909209
846	249.12970834537873	6.256714402406467
847	249.12908757540248	6.258787362212246
848	249.12846704710495	6.260850318689597
849	249.12784676304753	6.262903273201568
850	249.12722672579145	6.264946227111215
851	249.12660693789806	6.266979181781588
852	249.1259874019287	6.269002138575738
853	249.12536812044468	6.271015098856715
854	249.1247490960073	6.273018063987571
855	249.12413033117787	6.275011035331358
856	249.12351182851774	6.2769940142511285
857	249.1228935905882	6.278967002109931
858	249.12227561995059	6.280930000270818
859	249.1216579191662	6.282883010096841
860	249.1210404907964	6.284826032951051
861	249.1204233374024	6.286759070196499
862	249.11980646154566	6.288682123196238
863	249.11918986578738	6.290595193313317
864	249.11857355268893	6.292498281910788
865	249.11795752481163	6.294391390351704
866	249.11734178471679	6.296274519999113
867	249.11672633496573	6.29814767221607
868	249.11611117811972	6.300010848365624
869	249.11549631674015	6.301864049810828
870	249.11488175338832	6.3037072779147305
871	249.11426749062548	6.305540534040384
872	249.11365353101306	6.307363819550842
873	249.1130398771123	6.309177135809154
874	249.11242653148452	6.310980484178371
875	249.11181349669107	6.312773866021544
876	249.1112007752932	6.314557282701725
877	249.11058836985234	6.316330735581966
878	249.10997628292975	6.318094226025316
879	249.1093645170867	6.31984775539483
880	249.1087530748846	6.321591325053557
881	249.10814195888466	6.323324936364546
882	249.10753117164825	6.325048590690853
883	249.10692071573675	6.326762289395527
884	249.10631059371138	6.328466033841618
885	249.10570080813352	6.33015982539218
886	249.10509136156443	6.331843665410261
887	249.1044822565655	6.333517555258917
888	249.103873495698	6.335181496301195
889	249.10326508152323	6.336835489900148
890	249.10265701660256	6.338479537418827
891	249.10204930349727	6.340113640220284
892	249.10144194476868	6.341737799667569
893	249.10083494297814	6.343352017123735
894	249.10022830068692	6.344956293951832
895	249.09962202045634	6.346550631514911
896	249.09901610484778	6.3481350311760245
897	249.0984105564225	6.349709494298224
898	249.09780537774185	6.351274022244558
899	249.0972005713671	6.3528286163780825
900	249.0965961398596	6.354373278061844
901	249.0959920857807	6.355908008658897
902	249.09538841169163	6.357432809532292
903	249.0947851201538	6.358947682045079
904	249.09418221372846	6.360452627560312
905	249.09357969497697	6.361947647441039
906	249.09297756646063	6.363432743050313
907	249.09237583074076	6.364907915751187
908	249.09177449037864	6.366373166906709
909	249.09117354793568	6.367828497879932
910	249.0905730059731	6.369273910033908
911	249.0899728670523	6.370709404731687
912	249.0893731337345	6.37213498333632
913	249.0887738085811	6.373550647210861
914	249.0881748941534	6.374956397718358
915	249.0875763930127	6.376352236221864
916	249.08697830772036	6.377738164084429
917	249.0863806408376	6.379114182669106
918	249.0857833949258	6.380480293338946
919	249.08518657254635	6.381836497457
920	249.08459017626043	6.383182796386318
921	249.08399420862946	6.384519191489954
922	249.08339867221468	6.385845684130956
923	249.08280356957746	6.387162275672377
924	249.0822089032791	6.388468967477271
925	249.08161467588093	6.389765760908684
926	249.08102088994426	6.391052657329672
927	249.08042754803043	6.392329658103283
928	249.0798346527007	6.39359676459257
929	249.07924220651643	6.394853978160584
930	249.07865021203892	6.3961013001703755
931	249.0780586718295	6.397338731984997
932	249.07746758844948	6.3985662749675
933	249.07687696446018	6.3997839304809325
934	249.07628680242294	6.400991699888351
935	249.07569710489904	6.4021895845528025
936	249.0751078744498	6.403377585837341
937	249.07451911363657	6.404555705105016
938	249.07393082502062	6.405723943718881
939	249.0733430111633	6.406882303041986
940	249.07275567462597	6.408030784437379
941	249.07216881796984	6.409169389268118
942	249.0715824437563	6.4102981188972485
943	249.07099655454667	6.411416974687825
944	249.07041115290224	6.412525958002898
945	249.06982624138436	6.413625070205519
946	249.0692418225543	6.414714312658738
947	249.0686578989734	6.415793686725607
948	249.06807447320298	6.41686319376918
949	249.06749154780437	6.4179228351525035
950	249.0669091253389	6.4189726122386315
951	249.06632720836782	6.420012526390616
952	249.06574579945251	6.421042578971506
953	249.06516490115428	6.422062771344355
954	249.0645845160344	6.423073104872213
955	249.06400464665427	6.424073580918131
956	249.06342529557512	6.425064200845163
957	249.0628464653583	6.426044966016356
958	249.06226815856516	6.427015877794765
959	249.06169037775697	6.4279769375434395
960	249.0611131254951	6.428928146625431
961	249.0605364043408	6.429869506403792
962	249.05996021685544	6.430801018241572
963	249.05938456560034	6.431722683501823
964	249.05880945313677	6.432634503547595
965	249.0582348820261	6.433536479741942
966	249.0576608548296	6.434428613447915
967	249.05708737410862	6.435310906028564
968	249.0565144424245	6.4361833588469395
969	249.0559420623385	6.437045973266093
970	249.05537023641193	6.437898750649079
971	249.05479896720618	6.438741692358946
972	249.05422825728252	6.439574799758745
973	249.05365810920227	6.440398074211528
974	249.05308852552673	6.4412115170803474
975	249.05251950881726	6.442015129728252
976	249.05195106163518	6.442808913518295
977	249.05138318654176	6.4435928698135285
978	249.05081588609835	6.444366999977001
979	249.05024916286624	6.445131305371767
980	249.04968301940679	6.445885787360875
981	249.0491174582813	6.446630447307378
982	249.04855248205104	6.4473652865743265
983	249.0479880932774	6.448090306524772
984	249.04742429452165	6.448805508521766
985	249.04686108834514	6.44951089392836
986	249.04629847730916	6.450206464107604
987	249.04573646397503	6.450892220422551
988	249.04517505090408	6.451568164236252
989	249.04461424065764	6.452234296911757
990	249.044054035797	6.45289061981212
991	249.0434944388835	6.4535371343003884
992	249.04293545247842	6.454173841739616
993	249.0423770791431	6.454800743492854
994	249.04181932143888	6.455417840923154
995	249.04126218192704	6.456025135393567
996	249.04070566316895	6.456622628267143
997	249.04014976772586	6.457210320906933
998	249.0395944981591	6.4577882146759915
999	249.03903985703005	6.458356310937367
1000	249.03848584689996	6.458914611054112
1001	249.0379324703302	6.459463116389278
1002	249.03737972988202	6.460001828305916
1003	249.03682762811675	6.460530748167075
1004	249.0362761675958	6.461049877335811
1005	249.03572535088037	6.4615592171751715
1006	249.03517518053184	6.462058769048209
1007	249.03462565911155	6.462548534317975
1008	249.03407678918074	6.463028514347521
1009	249.0335285733008	6.463498710499897
1010	249.032981014033	6.463959124138155
1011	249.03243411393868	6.464409756625347
1012	249.03188787557917	6.4648506093245235
1013	249.03134230151574	6.465281683598738
1014	249.03079739430976	6.465702980811038
1015	249.0302531565225	6.466114502324476
1016	249.0297095907153	6.466516249502105
1017	249.02916669944952	6.466908223706976
1018	249.02862448528637	6.467290426302139
1019	249.02808295078728	6.4676628586506455
1020	249.02754209851352	6.468025522115546
1021	249.0270019310264	6.4683784180598956
1022	249.02646245088727	6.468721547846743
1023	249.02592366065738	6.469054912839137
1024	249.0253855628981	6.469378514400134
1025	249.02484816017076	6.469692353892781
1026	249.02431145503664	6.469996432680132
1027	249.0237754500571	6.470290752125235
1028	249.0232401477934	6.470575313591146
1029	249.02270555080685	6.470850118440913
1030	249.02217166165886	6.4711151680375885
1031	249.02163848291067	6.471370463744224
1032	249.02110601712366	6.471616006923869
1033	249.02057426685906	6.471851798939578
1034	249.02004323467824	6.472077841154398
1035	249.01951292314254	6.472294134931385
1036	249.0189833348132	6.472500681633587
1037	249.01845447225162	6.4726974826240555
1038	249.0179263380191	6.472884539265843
1039	249.0173989346769	6.473061852922001
1040	249.01687226478643	6.47322942495558
1041	249.0163463309089	6.473387256729632
1042	249.0158211356057	6.473535349607207
1043	249.01529668143814	6.4736737049513575
1044	249.01477297096753	6.473802324125133
1045	249.0142500067552	6.473921208491589
1046	249.0137277913624	6.4740303594137725
1047	249.01320632735053	6.474129778254737
1048	249.0126856172809	6.474219466377532
1049	249.01216566371477	6.47429942514521
1050	249.0116464692135	6.474369655920823
1051	249.01112803633842	6.474430160067421
1052	249.0106103676508	6.474480938948055
1053	249.010093465712	6.474521993925778
1054	249.0095773330833	6.47455332636364
1055	249.00906197232607	6.474574937624693
1056	249.0085473860016	6.474586829071988
1057	249.00803357667115	6.474589002068576
1058	249.00752054689616	6.474581457977509
1059	249.00700829923784	6.474564198161839
1060	249.00649683625753	6.4745372239846155
1061	249.00598616051658	6.47450053680889
1062	249.0054762745763	6.474454137997713
1063	249.004967180998	6.474398028914139
1064	249.004458882343	6.474332210921218
1065	249.00395138117256	6.474256685382
1066	249.00344468004812	6.474171453659535
1067	249.00293878153087	6.474076517116878
1068	249.0024336881822	6.473971877117079
1069	249.00192940256343	6.473857535023189
1070	249.00142592723586	6.473733492198258
1071	249.00092326476081	6.47359975000534
1072	249.00042141769956	6.473456309807483
1073	248.99992038861348	6.473303172967741
1074	248.99942018006388	6.473140340849165
1075	248.99892079461205	6.472967814814805
1076	248.99842223481934	6.472785596227713
1077	248.99792450324705	6.472593686450942
1078	248.99742760245647	6.472392086847539
1079	248.99693153500897	6.472180798780559
1080	248.99643630346583	6.4719598236130516
1081	248.99594191038838	6.471729162708071
1082	248.99544835833797	6.471488817428664
1083	248.99495564987583	6.471238789137885
1084	248.9944637875634	6.470979079198784
1085	248.99397277396187	6.470709688974413
1086	248.99348261163263	6.470430619827823
1087	248.992993303137	6.470141873122065
1088	248.99250485103627	6.469843450220191
1089	248.9920172578918	6.46953535248525
1090	248.99153052626485	6.469217581280298
1091	248.99104465871676	6.468890137968383
1092	248.99055965780886	6.468553023912556
1093	248.99007552610243	6.46820624047587
1094	248.98959226615887	6.4678497890213755
1095	248.98910988053942	6.467483670912122
1096	248.9886283718054	6.467107887511164
1097	248.98814774251818	6.466722440181551
1098	248.987667995239	6.466327330286334
1099	248.98718913252924	6.465922559188565
1100	248.98671115695024	6.465508128251296
1101	248.98623407106322	6.465084038837577
1102	248.98575787742962	6.464650292310461
1103	248.98528257861065	6.464206890032996
1104	248.98480817716765	6.463753833368236
1105	248.984334675662	6.463291123679234
1106	248.98386207665496	6.462818762329037
1107	248.98339038270788	6.462336750680698
1108	248.982919596382	6.461845090097269
1109	248.98244972023875	6.461343781941801
1110	248.9819807568394	6.460832827577345
1111	248.9815127087452	6.460312228366954
1112	248.98104557851758	6.459781985673676
1113	248.9805793687178	6.459242100860565
1114	248.98011408190717	6.458692575290671
1115	248.97964972064705	6.458133410327046
1116	248.9791862874987	6.457564607332742
1117	248.97872378502345	6.456986167670808
1118	248.97826221578268	6.456398092704296
1119	248.9778015823376	6.455800383796259
1120	248.97734188724965	6.455193042309747
1121	248.97688313308007	6.454576069607812
1122	248.97642532239016	6.453949467053505
1123	248.9759684577413	6.453313236009876
1124	248.97551254169474	6.452667377839977
1125	248.97505757681188	6.452011893906861
1126	248.97460356565398	6.451346785573579
1127	248.97415051078235	6.45067205420318
1128	248.97369841475833	6.449987701158716
1129	248.97324728014326	6.44929372780324
1130	248.97279710949837	6.448590135499801
1131	248.9723479053851	6.447876925611452
1132	248.97189967036468	6.447154099501245
1133	248.97145240699848	6.446421658532229
1134	248.97100611784776	6.4456796040674575
1135	248.97056080547387	6.444927937469979
1136	248.97011647243815	6.444166660102848
1137	248.96967312130187	6.443395773329113
1138	248.96923075462638	6.442615278511829
1139	248.96878937497297	6.441825177014043
1140	248.968348984903	6.441025470198809
1141	248.96790958697775	6.440216159429176
1142	248.96747118375853	6.439397246068198
1143	248.9670337778067	6.4385687314789255
1144	248.96659737168358	6.4377306170244095
1145	248.9661619679504	6.436882904067701
1146	248.9657275691686	6.436025593971851
1147	248.9652941778994	6.435158688099912
1148	248.96486179670416	6.434282187814933
1149	248.9644304281442	6.433396094479969
1150	248.9640000747808	6.4325004094580684
1151	248.96357073917537	6.431595134112284
1152	248.96314242388908	6.4306802698056655
1153	248.96271513148338	6.429755817901265
1154	248.96228886451954	6.428821779762135
1155	248.96186362555886	6.427878156751325
1156	248.9614394171627	6.4269249502318875
1157	248.9610162418923	6.425962161566874
1158	248.96059410230905	6.424989792119333
1159	248.96017300097427	6.424007843252319
1160	248.95975294044922	6.423016316328882
1161	248.95933392329525	6.422015212712074
1162	248.9589159520737	6.421004533764945
1163	248.95849902934583	6.4199842808505485
1164	248.95808315767303	6.418954455331933
1165	248.95766833961656	6.417915058572152
1166	248.95725457773776	6.416866091934256
1167	248.95684187459796	6.4158075567812975
1168	248.9564302327584	6.414739454476326
1169	248.95601965478053	6.413661786382392
1170	248.95561014322556	6.412574553862548
1171	248.95520170065484	6.4114777582798474
1172	248.95479432962972	6.41037140099734
1173	248.95438803271145	6.409255483378075
1174	248.95398281246142	6.408130006785107
1175	248.9535786714409	6.406994972581485
1176	248.9531756122112	6.405850382130259
1177	248.9527736373337	6.404696236794484
1178	248.95237274936963	6.403532537937211
1179	248.95197295088036	6.40235928692149
1180	248.95157424442723	6.40117648511037
1181	248.9511766325715	6.399984133866905
1182	248.95078011787453	6.398782234554147
1183	248.9503847028976	6.397570788535146
1184	248.94999039020206	6.396349797172952
1185	248.94959718234924	6.3951192618306205
1186	248.9492050819004	6.3938791838711975
1187	248.94881409141692	6.392629564657737
1188	248.94842421346004	6.391370405553291
1189	248.94803545059116	6.390101707920911
1190	248.94764780537156	6.3888234731236455
1191	248.94726128036257	6.3875357025245485
1192	248.94687587812547	6.386238397486669
1193	248.94649160122165	6.38493155937306
1194	248.94610845221234	6.383615189546774
1195	248.94572643365893	6.38228928937086
1196	248.94534554812267	6.38095386020837
1197	248.94496579816493	6.379608903422355
1198	248.94458718634704	6.378254420375866
1199	248.94420971523024	6.3768904124319565
1200	248.94383338737595	6.375516880953675
1201	248.94345820534542	6.374133827304075
1202	248.94308417169995	6.372741252846206
1203	248.94271128900093	6.371339158943121
1204	248.9423395598096	6.369927546957868
1205	248.94196898668733	6.368506418253504
1206	248.94159957219543	6.367075774193077
1207	248.94123131889518	6.365635616139636
1208	248.94086422934797	6.364185945456237
1209	248.94049830611502	6.362726763505927
1210	248.94013355175773	6.3612580716517595
1211	248.9397699688374	6.3597798712567855
1212	248.9394075599153	6.358292163684058
1213	248.93904632755283	6.356794950296625
1214	248.9386862743112	6.355288232457541
1215	248.93832740275184	6.353772011529854
1216	248.937969715436	6.352246288876618
1217	248.937613214925	6.350711065860883
1218	248.9372579037802	6.349166343845701
1219	248.93690378456284	6.3476121241941215
1220	248.9365508598343	6.3460484082691995
1221	248.9361991321559	6.344475197433982
1222	248.93584860408893	6.342892493051524
1223	248.9354992781947	6.341300296484874
1224	248.93515115703457	6.339698609097086
1225	248.9348042431698	6.338087432251209
1226	248.93445853916177	6.336466767310295
1227	248.93411404757174	6.3348366156373945
1228	248.93377077096105	6.333196978595559
1229	248.93342871189105	6.331547857547843
1230	248.933087872923	6.329889253857294
1231	248.93274825661828	6.328221168886966
1232	248.93240986553815	6.326543603999907
1233	248.93207270224394	6.324856560559169
1234	248.931736769297	6.3231600399278065
1235	248.93140206925858	6.321454043468869
1236	248.9310686046901	6.319738572545406
1237	248.9307363781528	6.318013628520472
1238	248.93040539220797	6.316279212757117
1239	248.93007564941703	6.314535326618389
1240	248.92974715234124	6.312781971467344
1241	248.92941990354188	6.3110191486670315
1242	248.92909390558034	6.309246859580503
1243	248.9287691610179	6.30746510557081
1244	248.92844567241588	6.305673888001003
1245	248.9281234423356	6.303873208234133
1246	248.92780247333835	6.302063067633254
1247	248.92748276798548	6.300243467561414
1248	248.9271643288383	6.298414409381667
1249	248.92684715845817	6.296575894457062
1250	248.92653125940632	6.294727924150649
1251	248.9262166342441	6.292870499825485
1252	248.92590328553288	6.291003622844617
1253	248.92559121583392	6.289127294571097
1254	248.92528042770854	6.287241516367977
1255	248.92497092371812	6.285346289598307
1256	248.92466270642387	6.283441615625138
1257	248.92435577838722	6.281527495811522
1258	248.9240501421694	6.279603931520514
1259	248.92374580033174	6.277670924115159
1260	248.92344275543564	6.2757284749585125
1261	248.92314101004231	6.273776585413625
1262	248.92284056671315	6.271815256843547
1263	248.9225414280094	6.269844490611328
1264	248.92224359649242	6.267864288080025
1265	248.92194707472356	6.265874650612684
1266	248.9216518652641	6.263875579572359
1267	248.92135797067536	6.261867076322098
1268	248.92106539351863	6.259849142224956
1269	248.92077413635525	6.257821778643985
1270	248.92048420174658	6.255784986942231
1271	248.92019559225386	6.2537387684827515
1272	248.91990831043844	6.2516831246285935
1273	248.91962235886172	6.2496180567428095
1274	248.91933774008487	6.247543566188449
1275	248.9190544566693	6.2454596543285685
1276	248.91877251117631	6.2433663225262155
1277	248.9184919061672	6.241263572144441
1278	248.91821264420332	6.239151404546297
1279	248.91793472784596	6.237029821094835
1280	248.91765815965647	6.234898823153108
1281	248.9173829421961	6.232758412084165
1282	248.91710907802621	6.230608589251055
1283	248.91683656970818	6.228449356016836
1284	248.91656541980322	6.226280713744552
1285	248.91629563087267	6.22410266379726
1286	248.91602720547792	6.221915207538009
1287	248.91576014618022	6.21971834632985
1288	248.9154944555409	6.217512081535835
1289	248.91523013612127	6.215296414519015
1290	248.91496719048266	6.21307134664244
1291	248.9147056211864	6.210836879269163
1292	248.91444543079382	6.208593013762236
1293	248.91418662186618	6.206339751484709
1294	248.91392919696483	6.204077093799633
1295	248.91367315865108	6.20180504207006
1296	248.9134185094863	6.19952359765904
1297	248.9131652520317	6.197232761929626
1298	248.9129133888487	6.1949325362448695
1299	248.91266292249855	6.1926229219678195
1300	248.9124138555426	6.190303920461531
1301	248.91216619054217	6.187975533089051
1302	248.91191993005856	6.1856377612134334
1303	248.9116750766531	6.18329060619773
1304	248.91143163288712	6.18093406940499
1305	248.91118960132187	6.178568152198265
1306	248.91094898451877	6.176192855940609
1307	248.91070978503905	6.173808181995069
1308	248.91047200544406	6.171414131724701
1309	248.91023564829516	6.1690107064925535
1310	248.9100007161536	6.166597907661679
1311	248.90976721158074	6.164175736595126
1312	248.90953513713785	6.161744194655949
1313	248.9093044953863	6.159303283207198
1314	248.90907528888738	6.156853003611924
1315	248.90884752020241	6.15439335723318
1316	248.9086211918927	6.151924345434015
1317	248.90839630651962	6.149445969577483
1318	248.9081728666444	6.146958231026631
1319	248.90795087482846	6.144461131144514
1320	248.90773033363303	6.141954671294183
1321	248.90751124561942	6.139438852838689
1322	248.90729361334905	6.136913677141081
1323	248.90707743938313	6.134379145564415
1324	248.90686272628304	6.131835259471737
1325	248.90664947661006	6.1292820202261
1326	248.90643769292552	6.126719429190559
1327	248.90622737779077	6.124147487728161
1328	248.90601853376708	6.121566197201959
1329	248.90581116341582	6.118975558975004
1330	248.90560526929823	6.1163755744103465
1331	248.9054008539757	6.113766244871039
1332	248.9051979200095	6.1111475717201325
1333	248.90499646996096	6.108519556320678
1334	248.90479650639142	6.105882200035728
1335	248.90459803186218	6.103235504228332
1336	248.90440104893455	6.100579470261541
1337	248.90420556016988	6.097914099498409
1338	248.90401156812945	6.095239393301985
1339	248.90381907537457	6.092555353035321
1340	248.90362808446662	6.089861980061468
1341	248.90343859796684	6.0871592757434785
1342	248.9032506184366	6.084447241444401
1343	248.90306414843718	6.0817258785272905
1344	248.90287919052992	6.078995188355197
1345	248.90269574727617	6.076255172291171
1346	248.90251382123716	6.073505831698262
1347	248.9023334149743	6.070747167939526
1348	248.90215453104886	6.06797918237801
1349	248.90197717202213	6.0652018763767686
1350	248.9018013404555	6.062415251298848
1351	248.90162703891025	6.0596193085073065
1352	248.90145426994766	6.056814049365191
1353	248.90128303612914	6.053999475235553
1354	248.9011133400159	6.051175587481444
1355	248.90094518416936	6.048342387465919
1356	248.90077857115074	6.0454998765520225
1357	248.90061350352138	6.042648056102811
1358	248.9004499838427	6.039786927481334
1359	248.90028801467588	6.036916492050643
1360	248.90012759858232	6.034036751173788
1361	248.89996873812328	6.031147706213824
1362	248.89981143586013	6.028249358533798
1363	248.89965569435418	6.025341709496763
1364	248.8995015161667	6.022424760465771
1365	248.89934890385908	6.0194985128038745
1366	248.8991978599926	6.016562967874121
1367	248.89904838712854	6.013618127039565
1368	248.8989004878283	6.0106639916632565
1369	248.89875416465313	6.007700563108248
1370	248.89860942016435	6.004727842737587
1371	248.8984662569233	6.001745831914328
1372	248.89832467749133	5.998754532001525
1373	248.8981846844297	5.9957539443622245
1374	248.89804628029975	5.99274407035948
1375	248.89790946766277	5.98972491135634
1376	248.89777424908013	5.986696468715861
1377	248.8976406271131	5.983658743801088
1378	248.89750860432304	5.980611737975079
1379	248.89737818327126	5.977555452600881
1380	248.89724936651902	5.974489889041546
1381	248.89712215662772	5.971415048660126
1382	248.8969965561586	5.96833093281967
1383	248.89687256767303	5.965237542883233
1384	248.89675019373232	5.962134880213865
1385	248.89662943689777	5.959022946174617
1386	248.89651029973072	5.955901742128538
1387	248.89639278479245	5.952771269438683
1388	248.89627689464433	5.9496315294681
1389	248.89616263184763	5.946482523579844
1390	248.8960499989637	5.943324253136964
1391	248.89593899855385	5.940156719502511
1392	248.89582963317935	5.936979924039537
1393	248.8957219054016	5.933793868111094
1394	248.89561581778185	5.930598553080231
1395	248.89551137288146	5.9273939803100015
1396	248.8954085732617	5.924180151163456
1397	248.89530742148395	5.9209570670036475
1398	248.89520792010947	5.9177247291936235
1399	248.89511007169963	5.914483139096438
1400	248.89501387881572	5.9112322980751415
1401	248.89491934401903	5.9079722074927865
1402	248.89482646987094	5.904702868712423
1403	248.89473525893268	5.9014242830971035
1404	248.89464571376567	5.898136452009878
1405	248.89455783693114	5.894839376813797
1406	248.89447163099047	5.891533058871914
1407	248.89438709850495	5.888217499547281
1408	248.8943042420359	5.884892700202946
1409	248.8942230641446	5.881558662201962
1410	248.89414356739246	5.878215386907381
1411	248.8940657543407	5.874862875682252
1412	248.8939896275507	5.87150112988963
1413	248.89391518958374	5.868130150892562
1414	248.89384244300115	5.864749940054105
1415	248.89377139036426	5.861360498737304
1416	248.89370203423437	5.857961828305213
1417	248.89363437717284	5.8545539301208835
1418	248.8935684217409	5.851136805547369
1419	248.89350417049994	5.847710455947716
1420	248.89344162601128	5.844274882684981
1421	248.89338079083618	5.840830087122211
1422	248.89332166753601	5.837376070622456
1423	248.89326425867208	5.833912834548774
1424	248.89320856680567	5.830440380264212
1425	248.89315459449816	5.826958709131821
1426	248.8931023443108	5.823467822514653
1427	248.89305181880493	5.819967721775761
1428	248.8930030205419	5.8164584082781925
1429	248.89295595208299	5.812939883385003
1430	248.89291061598956	5.80941214845924
1431	248.89286701482285	5.805875204863959
1432	248.89282515114425	5.802329053962206
1433	248.89278502751506	5.798773697117037
1434	248.8927466464966	5.7952091356915005
1435	248.89271001065018	5.791635371048649
1436	248.89267512253707	5.788052404551534
1437	248.89264198471864	5.7844602375632075
1438	248.89261059975624	5.7808588714467195
1439	248.89258097021113	5.777248307565118
1440	248.8925530986446	5.773628547281461
1441	248.89252698761808	5.769999591958797
1442	248.8925026396928	5.766361442960177
1443	248.8924800574301	5.76271410164865
1444	248.89245924339127	5.759057569387272
1445	248.89244020013766	5.755391847539089
1446	248.8924229302306	5.751716937467156
1447	248.89240743623134	5.748032840534524
1448	248.89239372070128	5.744339558104245
1449	248.8923817862017	5.740637091539368
1450	248.8923716352939	5.736925442202945
1451	248.89236327053925	5.733204611458026
1452	248.89235669449897	5.7294746006676665
1453	248.89235190973451	5.725735411194916
1454	248.89234891880707	5.721987044402823
1455	248.892347724278	5.7182295016544415
1456	248.8923483287087	5.71446278431282
1457	248.89235073466037	5.7106868937410145
1458	248.89235494469438	5.706901831302073
1459	248.89236096137208	5.703107598359049
1460	248.89236878725472	5.699304196274989
1461	248.89237842490365	5.6954916264129505
1462	248.8923898768802	5.69166989013598
1463	248.89240314574565	5.6878389888071315
1464	248.89241823406138	5.683998923789455
1465	248.89243514438863	5.680149696446004
1466	248.89245387928878	5.676291308139827
1467	248.89247444132312	5.672423760233976
1468	248.89249683305295	5.668547054091501
1469	248.89252105703963	5.664661191075458
1470	248.89254711584445	5.660766172548895
1471	248.89257501202874	5.656861999874864
1472	248.8926047481538	5.652948674416416
1473	248.89263632678094	5.649026197536601
1474	248.89266975047153	5.645094570598472
1475	248.89270502178684	5.641153794965078
1476	248.8927421432882	5.637203871999475
1477	248.8927811175369	5.63324480306471
1478	248.89282194709432	5.629276589523837
1479	248.89286463452174	5.625299232739904
1480	248.89290918238046	5.621312734075965
1481	248.89295559323182	5.61731709489507
1482	248.89300386963714	5.613312316560273
1483	248.89305401415774	5.609298400434622
1484	248.89310602935493	5.60527534788117
1485	248.89315991779	5.601243160262967
1486	248.8932156820243	5.5972018389430644
1487	248.89327332461914	5.593151385284516
1488	248.89333284813586	5.589091800650371
1489	248.89339425513572	5.585023086403681
1490	248.89345754818012	5.580945243907497
1491	248.8935227298303	5.576858274524869
1492	248.89358980264763	5.572762179618852
1493	248.89365876919337	5.568656960552497
1494	248.89372963202888	5.564542618688852
1495	248.89380239371548	5.560419155390967
1496	248.89387705681446	5.556286572021898
1497	248.8939536238872	5.552144869944694
1498	248.89403209749491	5.547994050522409
1499	248.894112480199	5.543834115118091
1500	248.8941947745608	5.539665065094791
1501	248.8942789831415	5.535486901815564
1502	248.89436510850257	5.531299626643455
1503	248.8944531532052	5.527103240941521
1504	248.8945431198108	5.522897746072815
1505	248.89463501088068	5.518683143400381
1506	248.89472882897607	5.514459434287275
1507	248.89482457665838	5.510226620096548
1508	248.8949222564889	5.505984702191249
1509	248.89502187102892	5.501733681934432
1510	248.89512342283982	5.49747356068915
1511	248.89522691448283	5.493204339818449
1512	248.89533234851933	5.488926020685383
1513	248.89543972751065	5.484638604653002
1514	248.89554905401806	5.480342093084362
1515	248.8956603306029	5.476036487342508
1516	248.89577355982647	5.471721788790496
1517	248.8958887442501	5.467397998791374
1518	248.89600588643515	5.4630651187081956
1519	248.89612498894286	5.458723149904011
1520	248.89624605433457	5.45437209374187
1521	248.89636908517164	5.450011951584827
1522	248.89649408401536	5.445642724795933
1523	248.89662105342705	5.441264414738238
1524	248.89674999596798	5.436877022774792
1525	248.89688091419953	5.432480550268648
1526	248.89701381068303	5.428074998582858
1527	248.89714868797972	5.423660369080473
1528	248.897285548651	5.419236663124542
1529	248.89742439525813	5.414803882078121
1530	248.89756523036246	5.410362027304256
1531	248.8977080565253	5.4059111001660005
1532	248.89785287630792	5.401451102026407
1533	248.89799969227175	5.396982034248525
1534	248.89814850697798	5.392503898195407
1535	248.89829932298798	5.388016695230103
1536	248.8984521428631	5.383520426715664
1537	248.89860696916463	5.379015094015146
1538	248.89876380445386	5.3745006984915955
1539	248.89892265129217	5.369977241508064
1540	248.89908351224082	5.365444724427604
1541	248.89924638986116	5.360903148613268
1542	248.89941128671447	5.356352515428105
1543	248.8995782053621	5.351792826235165
1544	248.89974714836538	5.347224082397504
1545	248.8999181182856	5.342646285278171
1546	248.9000911176841	5.338059436240217
1547	248.90026614912213	5.333463536646693
1548	248.9004432151611	5.328858587860649
1549	248.9006223183623	5.324244591245142
1550	248.900803461287	5.319621548163218
1551	248.90098664649656	5.314989459977929
1552	248.90117187655233	5.310348328052326
1553	248.90135915401552	5.305698153749464
1554	248.90154848144758	5.301038938432388
1555	248.9017398614097	5.296370683464154
1556	248.90193329646328	5.291693390207814
1557	248.90212878916967	5.287007060026417
1558	248.90232634209005	5.282311694283013
1559	248.90252595778588	5.277607294340655
1560	248.9027276388184	5.272893861562396
1561	248.90293138774894	5.268171397311283
1562	248.90313720713883	5.263439902950373
1563	248.90334509954937	5.258699379842714
1564	248.9035550675419	5.253949829351356
1565	248.90376711367773	5.249191252839354
1566	248.90398124051814	5.244423651669753
1567	248.9041974506245	5.239647027205612
1568	248.90441574655813	5.234861380809978
1569	248.90463613088028	5.230066713845903
1570	248.90485860615235	5.22526302767644
1571	248.9050831749356	5.220450323664636
1572	248.90530983979139	5.2156286031735455
1573	248.905538603281	5.210797867566218
1574	248.90576946796574	5.205958118205709
1575	248.90600243640696	5.201109356455065
1576	248.90623751116598	5.1962515836773395
1577	248.9064746948041	5.191384801235584
1578	248.90671398988263	5.18650901049285
1579	248.9069553989629	5.181624212812186
1580	248.90719892460626	5.1767304095566455
1581	248.90744456937395	5.171827602089281
1582	248.90769233582733	5.166915791773142
1583	248.90794222652775	5.16199497997128
1584	248.90819424403645	5.157065168046747
1585	248.90844839091486	5.152126357362594
1586	248.90870466972416	5.14717854928187
1587	248.90896308302575	5.142221745167632
1588	248.90922363338098	5.137255946382925
1589	248.90948632335108	5.132281154290802
1590	248.90975115549745	5.12729737025432
1591	248.91001813238134	5.122304595636523
1592	248.91028725656406	5.1173028318004645
1593	248.910558530607	5.112292080109198
1594	248.91083195707145	5.1072723419257695
1595	248.9111075385187	5.102243618613237
1596	248.91138527751008	5.0972059115346475
1597	248.9116651766069	5.092159222053054
1598	248.91194723837052	5.0871035515315075
1599	248.9122314653622	5.082038901333059
1600	248.91251786014328	5.0769652728207575
1601	248.9128064252751	5.071882667357659
1602	248.91309716331895	5.066791086306813
1603	248.91339007683615	5.061690531031268
1604	248.913685168388	5.056581002894081
1605	248.91398244053588	5.051462503258295
1606	248.91428189584107	5.046335033486969
1607	248.91458353686485	5.041198594943151
1608	248.9148873661686	5.036053188989893
1609	248.9151933863136	5.030898816990247
1610	248.91550159986116	5.025735480307263
1611	248.91581200937264	5.020563180303992
1612	248.9161246174093	5.015381918343487
1613	248.91643942653252	5.010191695788798
1614	248.91675643930358	5.004992514002975
1615	248.9170756582838	4.999784374349073
1616	248.91739708603453	4.994567278190139
1617	248.917720725117	4.989341226889227
1618	248.9180465780926	4.984106221809388
1619	248.91837464752265	4.9788622643136735
1620	248.91870493596844	4.973609355765134
1621	248.91903744599134	4.968347497526821
1622	248.91937218015258	4.963076690961787
1623	248.9197091410135	4.957796937433081
1624	248.9200483311355	4.952508238303755
1625	248.9203897530798	4.947210594936864
1626	248.92073340940777	4.941904008695454
1627	248.92107930268068	4.936588480942579
1628	248.9214274354599	4.931264013041288
1629	248.92177781030674	4.925930606354635
1630	248.9221304297825	4.920588262245673
1631	248.92248529644849	4.915236982077449
1632	248.92284241286603	4.9098767672130155
1633	248.92320178159648	4.904507619015424
1634	248.9235634052011	4.899129538847724
1635	248.92392728624122	4.893742528072972
1636	248.92429342727817	4.888346588054215
1637	248.9246618308733	4.882941720154507
1638	248.92503249958787	4.8775279257368975
1639	248.92540543598324	4.872105206164436
1640	248.92578064262065	4.866673562800177
1641	248.9261581220615	4.8612329970071695
1642	248.92653787686712	4.855783510148468
1643	248.92691990959875	4.850325103587121
1644	248.92730422281775	4.844857778686181
1645	248.92769081908546	4.839381536808699
1646	248.92807970096317	4.833896379317725
1647	248.9284708710122	4.828402307576312
1648	248.92886433179382	4.82289932294751
1649	248.92926008586943	4.817387426794372
1650	248.9296581358003	4.81186662047995
1651	248.93005848414776	4.80633690536729
1652	248.93046113347316	4.80079828281945
1653	248.93086608633774	4.795250754199477
1654	248.93127334530288	4.789694320870424
1655	248.9316829129299	4.784128984195341
1656	248.93209479178006	4.778554745537281
1657	248.93250898441474	4.772971606259294
1658	248.9329254933952	4.767379567724432
1659	248.9333443212828	4.761778631295746
1660	248.93376547063883	4.756168798336288
1661	248.93418894402464	4.750550070209108
1662	248.93461474400152	4.74492244827726
1663	248.9350428731308	4.73928593390379
1664	248.9354733339738	4.733640528451753
1665	248.93590612909185	4.727986233284201
1666	248.9363412610462	4.722323049764183
1667	248.93677873239824	4.716650979254755
1668	248.9372185457093	4.7109700231189615
1669	248.93766070354062	4.705280182719857
1670	248.93810520845358	4.699581459420496
1671	248.93855206300947	4.693873854583924
1672	248.9390012697696	4.6881573695731955
1673	248.9394528312953	4.6824320057513615
