320	229.63719702079243	5.018762444508393
321	229.6316054095891	5.014855788306391
322	229.62602160925144	5.01095635066435
323	229.62044561428814	5.007064125283146
324	229.6148774192079	5.003179105863652
325	229.60931701851928	4.999301286106745
326	229.60376440673107	4.995430659713298
327	229.59821957835192	4.991567220384187
328	229.59268252789047	4.987710961820287
329	229.58715324985542	4.983861877722472
330	229.58163173875545	4.980019961791617
331	229.5761179890992	4.976185207728598
332	229.57061199539538	4.9723576092342885
333	229.56511375215263	4.968537160009565
334	229.55962325387966	4.9647238537553005
335	229.55414049508514	4.960917684172371
336	229.54866547027774	4.9571186449616516
337	229.5431981739661	4.953326729824017
338	229.5377386006589	4.949541932460341
339	229.5322867448649	4.945764246571501
340	229.52684260109268	4.9419936658583685
341	229.5214061638509	4.938230184021822
342	229.51597742764835	4.9344737947627335
343	229.5105563869936	4.930724491781978
344	229.50514303639534	4.926982268780434
345	229.49973737036228	4.9232471194589715
346	229.4943393834031	4.9195190375184685
347	229.48894907002642	4.915798016659799
348	229.48356642474093	4.912084050583839
349	229.47819144205536	4.908377132991461
350	229.47282411647834	4.9046772575835424
351	229.46746444251852	4.900984418060956
352	229.46211241468458	4.897298608124578
353	229.45676802748525	4.893619821475283
354	229.45143127542917	4.8899480518139455
355	229.446102153025	4.8862832928414415
356	229.44078065478143	4.882625538258644
357	229.43546677520715	4.87897478176643
358	229.4301605088108	4.875331017065673
359	229.42486185010108	4.871694237857248
360	229.41957079358662	4.8680644378420315
361	229.41428733377617	4.864441610720896
362	229.40901146517834	4.860825750194717
363	229.4037431823018	4.857216849964372
364	229.3984824796553	4.853614903730732
365	229.39322935174746	4.8500199051946735
366	229.38798379308696	4.8464318480570725
367	229.38274579818247	4.842850726018803
368	229.37751536154266	4.8392765327807385
369	229.3722924776762	4.835709262043757
370	229.3670771410918	4.832148907508731
371	229.3618693462981	4.828595462876535
372	229.3566690878038	4.8250489218480475
373	229.35147636011757	4.821509278124139
374	229.34629115774806	4.817976525405687
375	229.34111347520394	4.814450657393564
376	229.3359433069939	4.810931667788648
377	229.33078064762665	4.8074195502918124
378	229.32562549161082	4.803914298603932
379	229.32047783345507	4.800415906425881
380	229.3153376676681	4.796924367458536
381	229.3102049887586	4.79343967540277
382	229.30507979123522	4.78996182395946
383	229.29996206960666	4.78649080682948
384	229.29485181838157	4.783026617713704
385	229.28974903206864	4.779569250313008
386	229.28465370517648	4.776118698328266
387	229.27956583221388	4.772674955460353
388	229.27448540768944	4.769238015410145
389	229.26941242611184	4.765807871878516
390	229.26434688198975	4.76238451856634
391	229.25928876983187	4.758967949174494
392	229.25423808414686	4.7555581574038515
393	229.2491948194434	4.752155136955288
394	229.24415897023013	4.748758881529678
395	229.23913053101577	4.745369384827897
396	229.23410949630897	4.741986640550819
397	229.22909586061843	4.738610642399319
398	229.22408961845278	4.735241384074272
399	229.21909076432075	4.731878859276554
400	229.21409929273096	4.728523061707039
401	229.20911519819214	4.725173985066601
402	229.2041384752129	4.721831623056117
403	229.19916911830194	4.718495969376459
404	229.19420712196796	4.715167017728504
405	229.18925248071957	4.711844761813127
406	229.18430518906555	4.708529195331202
407	229.1793652415145	4.705220311983606
408	229.1744326325751	4.70191810547121
409	229.16950735675601	4.6986225694948915
410	229.16458940856597	4.695333697755525
411	229.1596787825136	4.6920514839539855
412	229.15477547310758	4.688775921791148
413	229.14987947485656	4.685507004967887
414	229.14499078226925	4.682244727185077
415	229.14010938985436	4.678989082143594
416	229.13523529212048	4.675740063544312
417	229.13036848357632	4.672497665088105
418	229.1255089587306	4.669261880475852
419	229.12065671209191	4.666032703408423
420	229.11581173816901	4.662810127586694
421	229.1109740314705	4.659594146711543
422	229.1061435865051	4.656384754483842
423	229.10132039778148	4.653181944604466
424	229.09650445980827	4.649985710774291
425	229.09169576709422	4.64679604669419
426	229.08689431414794	4.643612946065041
427	229.08210009547815	4.640436402587716
428	229.07731310559348	4.637266409963091
429	229.07253333900263	4.634102961892042
430	229.0677607902143	4.630946052075442
431	229.0629954537371	4.627795674214166
432	229.05823732407973	4.624651822009092
433	229.0534863957509	4.621514489161091
434	229.04874266325928	4.618383669371038
435	229.04400612111348	4.615259356339813
436	229.03927676382222	4.612141543768283
437	229.03455458589417	4.60903022535733
438	229.02983958183802	4.605925394807825
439	229.02513174616243	4.602827045820643
440	229.02043107337605	4.599735172096661
441	229.0157375579876	4.596649767336753
442	229.01105119450574	4.593570825241793
443	229.00637197743907	4.590498339512656
444	229.0016999012964	4.587432303850218
445	228.99703496058632	4.584372711955352
446	228.99237714981751	4.581319557528936
447	228.98772646349863	4.578272834271841
448	228.98308289613843	4.575232535884946
449	228.97844644224548	4.572198656069123
450	228.97381709632856	4.569171188525247
451	228.96919485289624	4.566150126954194
452	228.96457970645724	4.563135465056838
453	228.95997165152028	4.560127196534055
454	228.95537068259398	4.55712531508672
455	228.950776794187	4.554129814415707
456	228.94618998080804	4.55114068822189
457	228.9416102369658	4.548157930206146
458	228.93703755716894	4.545181534069348
459	228.93247193592606	4.542211493512373
460	228.92791336774596	4.539247802236094
461	228.92336184713724	4.536290453941385
462	228.91881736860856	4.533339442329125
463	228.91427992666866	4.530394761100185
464	228.90974951582615	4.527456403955441
465	228.90522613058974	4.524524364595769
466	228.90070976546806	4.521598636722043
467	228.89620041496985	4.518679214035137
468	228.89169807360375	4.515766090235927
469	228.88720273587842	4.512859259025289
470	228.88271439630253	4.509958714104096
471	228.87823304938482	4.507064449173223
472	228.87375868963392	4.504176457933545
473	228.86929131155847	4.501294734085938
474	228.86483090966718	4.498419271331276
475	228.86037747846873	4.495550063370434
476	228.85593101247179	4.492687103904287
477	228.85149150618503	4.4898303866337095
478	228.8470589541171	4.486979905259577
479	228.84263335077674	4.484135653482765
480	228.83821469067254	4.481297625004147
481	228.83380296831325	4.478465813524599
482	228.82939817820747	4.475640212744994
483	228.82500031486396	4.472820816366209
484	228.82060937279132	4.470007618089118
485	228.81622534649824	4.467200611614596
486	228.81184823049344	4.464399790643517
487	228.80747801928555	4.461605148876759
488	228.8031147073833	4.458816680015193
489	228.79875828929522	4.456034377759696
490	228.79440875953017	4.453258235811143
491	228.79006611259672	4.450488247870409
492	228.78573034300354	4.447724407638367
493	228.78140144525932	4.444966708815893
494	228.77707941387277	4.442215145103862
495	228.77276424335253	4.43946971020315
496	228.7684559282073	4.43673039781463
497	228.76415446294567	4.433997201639178
498	228.75985984207642	4.43127011537767
499	228.7555720601082	4.428549132730977
500	228.75129111154965	4.425834247399978
501	228.74701699090943	4.423125453085547
502	228.7427496926963	4.420422743488556
503	228.73848921141885	4.417726112309884
504	228.73423554158578	4.415035553250403
505	228.72998867770576	4.412351060010989
506	228.72574861428748	4.409672626292519
507	228.72151534583963	4.407000245795863
508	228.71728886687083	4.404333912221899
509	228.7130691718898	4.401673619271502
510	228.7088562554052	4.399019360645546
511	228.7046501119257	4.396371130044907
512	228.70045073595998	4.393728921170458
513	228.6962581220167	4.391092727723076
514	228.69207226460455	4.3884625434036355
515	228.6878931582322	4.38583836191301
516	228.6837207974083	4.383220176952076
517	228.6795551766416	4.380607982221707
518	228.67539629044072	4.378001771422778
519	228.67124413331433	4.375401538256165
520	228.66709869977106	4.372807276422742
521	228.66295998431968	4.370218979623385
522	228.65882798146882	4.367636641558967
523	228.65470268572713	4.3650602559303655
524	228.65058409160332	4.362489816438453
525	228.6464721936061	4.359925316784105
526	228.64236698624404	4.357366750668199
527	228.63826846402586	4.354814111791605
528	228.63417662146028	4.3522673938552
529	228.63009145305594	4.349726590559861
530	228.6260129533215	4.347191695606462
531	228.6219411167656	4.344662702695875
532	228.61787593789705	4.342139605528978
533	228.6138174112244	4.339622397806645
534	228.60976553125636	4.337111073229751
535	228.6057202925016	4.3346056254991705
536	228.6016816894688	4.332106048315779
537	228.59764971666664	4.329612335380451
538	228.59362436860377	4.327124480394061
539	228.58960563978889	4.324642477057484
540	228.58559352473068	4.322166319071597
541	228.58158801793778	4.319696000137271
542	228.5775891139189	4.3172315139553845
543	228.57359680718267	4.31477285422681
544	228.56961109223784	4.312320014652423
545	228.565631963593	4.309872988933099
546	228.56165941575685	4.307431770769714
547	228.55769344323812	4.304996353863141
548	228.5537340405454	4.302566731914254
549	228.54978120218746	4.30014289862393
550	228.54583492267284	4.297724847693043
551	228.54189519651035	4.295312572822468
552	228.5379620182086	4.29290606771308
553	228.53403538227624	4.290505326065755
554	228.530115283222	4.2881103415813655
555	228.52620171555452	4.2857211079607875
556	228.52229467378248	4.283337618904897
557	228.51839415241457	4.280959868114566
558	228.51450014595943	4.278587849290673
559	228.5106126489258	4.276221556134091
560	228.50673165582228	4.2738609823456954
561	228.50285716115758	4.27150612162636
562	228.49898915944036	4.269156967676961
563	228.4951276451793	4.266813514198373
564	228.49127261288308	4.26447575489147
565	228.48742405706037	4.262143683457128
566	228.48358197221987	4.259817293596221
567	228.47974635287022	4.257496579009626
568	228.4759171935201	4.255181533398214
569	228.47209448867815	4.2528721504628635
570	228.46827823285312	4.250568423904448
571	228.46446842055366	4.248270347423842
572	228.46066504628843	4.245977914721921
573	228.45686810456607	4.24369111949956
574	228.45307758989532	4.241409955457634
575	228.44929349678483	4.239134416297016
576	228.44551581974326	4.236864495718583
577	228.44174455327925	4.23460018742321
578	228.43797969190157	4.232341485111771
579	228.43422123011882	4.230088382485141
580	228.43046916243972	4.227840873244196
581	228.42672348337285	4.225598951089808
582	228.42298418742703	4.223362609722855
583	228.41925126911082	4.22113184284421
584	228.41552472293293	4.21890664415475
585	228.41180454340204	4.216687007355347
586	228.40809072502682	4.214472926146877
587	228.40438326231597	4.212264394230216
588	228.4006821497781	4.210061405306238
589	228.39698738192195	4.207863953075819
590	228.39329895325616	4.205672031239832
591	228.38961685828943	4.203485633499153
592	228.38594109153036	4.201304753554657
593	228.38227164748773	4.199129385107218
594	228.37860852067016	4.196959521857712
595	228.3749517055863	4.194795157507013
596	228.37130119674487	4.192636285755997
597	228.36765698865455	4.190482900305538
598	228.36401907582396	4.18833499485651
599	228.3603874527618	4.18619256310979
600	228.35676211397677	4.184055598766252
601	228.35314305397753	4.181924095526771
602	228.34953026727274	4.179798047092222
603	228.34592374837106	4.177677447163479
604	228.3423234917812	4.175562289441416
605	228.33872949201182	4.173452567626911
606	228.33514174357163	4.171348275420836
607	228.3315602409692	4.169249406524068
608	228.32798497871332	4.167155954637482
609	228.32441595131263	4.165067913461951
610	228.32085315327578	4.16298527669835
611	228.31729657911143	4.160908038047557
612	228.31374622332828	4.158836191210443
613	228.31020208043503	4.156769729887885
614	228.30666414494033	4.154708647780756
615	228.30313241135283	4.1526529385899345
616	228.29960687418125	4.150602596016292
617	228.29608752793425	4.148557613760705
618	228.29257436712047	4.1465179855240475
619	228.2890673862486	4.144483705007195
620	228.28556657982736	4.142454765911022
621	228.28207194236538	4.140431161936405
622	228.2785834683713	4.1384128867842165
623	228.27510115235387	4.136399934155332
624	228.27162498882174	4.134392297750628
625	228.26815497228358	4.132389971270977
626	228.264691097248	4.1303929484172555
627	228.2612333582238	4.128401222890338
628	228.25778174971958	4.1264147883911
629	228.254336266244	4.124433638620415
630	228.25089690230575	4.122457767279161
631	228.24746365241353	4.120487168068209
632	228.244036511076	4.118521834688435
633	228.24061547280184	4.116561760840715
634	228.23720053209965	4.114606940225923
635	228.23379168347822	4.112657366544935
636	228.23038892144618	4.110713033498624
637	228.22699224051217	4.108773934787866
638	228.22360163518488	4.106840064113537
639	228.220217099973	4.10491141517651
640	228.21683862938525	4.102987981677661
641	228.21346621793018	4.101069757317864
642	228.21009986011657	4.099156735797995
643	228.20673955045308	4.097248910818928
644	228.20338528344834	4.095346276081539
645	228.20003705361106	4.093448825286701
646	228.1966948554499	4.091556552135291
647	228.19335868347355	4.0896694503281825
648	228.19002853219067	4.08778751356625
649	228.1867043961099	4.08591073555037
650	228.18338626974	4.084039109981417
651	228.18007414758958	4.082172630560265
652	228.17676802416733	4.08031129098779
653	228.1734678939819	4.078455084964865
654	228.170173751542	4.076604006192367
655	228.1668855913563	4.074758048371171
656	228.16360340793346	4.07291720520215
657	228.16032719578217	4.071081470386179
658	228.1570569494111	4.069250837624136
659	228.15379266332891	4.0674253006168914
660	228.1505343320443	4.065604853065324
661	228.14728195006586	4.063789488670307
662	228.1440355119024	4.061979201132713
663	228.1407950120625	4.060173984153423
664	228.13756044505485	4.058373831433305
665	228.13433180538817	4.056578736673239
666	228.13110908757108	4.054788693574096
667	228.12789228611229	4.053003695836754
668	228.1246813955204	4.051223737162086
669	228.12147641030418	4.0494488112509694
670	228.1182773249723	4.047678911804276
671	228.11508413403337	4.045914032522882
672	228.11189683199606	4.044154167107663
673	228.1087154133691	4.042399309259492
674	228.10553987266118	4.040649452679245
675	228.10237020438092	4.038904591067798
676	228.09920640303696	4.037164718126025
677	228.09604846313806	4.0354298275548
678	228.0928963791929	4.033699913054999
679	228.08975014571007	4.031974968327496
680	228.08660975719826	4.030254987073167
681	228.08347520816622	4.028539962992887
682	228.08034649312256	4.02682988978753
683	228.07722360657596	4.02512476115797
684	228.07410654303513	4.0234245708050835
685	228.07099529700872	4.021729312429746
686	228.06788986300538	4.0200389797328295
687	228.0647902355338	4.018353566415213
688	228.0616964091027	4.016673066177766
689	228.0586083782207	4.014997472721369
690	228.05552613739647	4.013326779746894
691	228.0524496811387	4.011660980955215
692	228.0493790039561	4.010000070047209
693	228.0463141003573	4.008344040723751
694	228.043254964851	4.006692886685713
695	228.04020159194582	4.005046601633973
696	228.03715397615053	4.003405179269405
697	228.0341121119737	4.001768613292883
698	228.0310759939241	4.000136897405284
699	228.02804561651033	3.99851002530748
700	228.0250209742411	3.996887990700348
701	228.02200206162507	3.995270787284762
702	228.0189888731709	3.993658408761597
703	228.01598140338731	3.992050848831728
704	228.01297964678298	3.99044810119603
705	228.00998359786652	3.9888501595553776
706	228.0069932511466	3.987257017610646
707	228.004008601132	3.9856686690627106
708	228.0010296423313	3.984085107612445
709	227.99805636925322	3.9825063269607255
710	227.99508877640636	3.9809323208084253
711	227.99212685829949	3.9793630828564206
712	227.98917060944126	3.977798606805586
713	227.9862200243403	3.976238886356797
714	227.9832750975053	3.974683915210927
715	227.98033582344496	3.9731336870688523
716	227.97740219666795	3.9715881956314467
717	227.97447421168292	3.9700474345995858
718	227.97155186299855	3.968511397674145
719	227.96863514512356	3.966980078555998
720	227.96572405256654	3.9654534709460205
721	227.96281857983624	3.9639315685450867
722	227.95991872144128	3.962414365054072
723	227.9570244718904	3.9609018541738514
724	227.95413582569222	3.959394029605299
725	227.9512527773554	3.957890885049291
726	227.94837532138868	3.9563924142067024
727	227.94550345230067	3.9548986107784057
728	227.9426371646001	3.953409468465278
729	227.93977645279557	3.951924980968194
730	227.93692131139582	3.9504451419880273
731	227.93407173490954	3.9489699452256546
732	227.93122771784533	3.947499384381949
733	227.92838925471187	3.9460334531577868
734	227.92555634001792	3.944572145254042
735	227.9227289682721	3.94311545437159
736	227.91990713398306	3.941663374211305
737	227.9170908316595	3.940215898474064
738	227.9142800558101	3.9387730208607388
739	227.91147480094355	3.9373347350722057
740	227.9086750615685	3.935901034809341
741	227.90588083219356	3.934471913773018
742	227.90309210732752	3.9330473656641116
743	227.90030888147902	3.9316273841834968
744	227.89753114915666	3.9302119630320487
745	227.89475890486924	3.9288010959106425
746	227.89199214312532	3.9273947765201527
747	227.88923085843365	3.9259929985614535
748	227.88647504530286	3.924595755735422
749	227.88372469824165	3.9232030417429304
750	227.88097981175866	3.9218148502848553
751	227.87824038036263	3.920431175062072
752	227.87550639856215	3.9190520097754535
753	227.87277786086597	3.9176773481258764
754	227.8700547617827	3.9163071838142143
755	227.86733709582109	3.9149415105413428
756	227.8646248574897	3.913580322008137
757	227.86191804129732	3.912223611915471
758	227.85921664175257	3.9108713739642207
759	227.85652065336416	3.9095236018552613
760	227.85383007064067	3.9081802892894655
761	227.8511448880909	3.90684142996771
762	227.84846510022345	3.90550701759087
763	227.84579070154697	3.9041770458598193
764	227.8431216865702	3.9028515084754334
765	227.8404580498018	3.9015303991385863
766	227.83779978575043	3.900213711550154
767	227.83514688892475	3.898901439411011
768	227.83249935383347	3.8975935764220315
769	227.82985717498522	3.8962901162840917
770	227.82722034688874	3.8949910526980664
771	227.8245888640526	3.8936963793648287
772	227.82196272098557	3.892406089985255
773	227.8193419121963	3.891120178260221
774	227.81672643219346	3.8898386378905996
775	227.81411627548567	3.8885614625772673
776	227.81151143658172	3.8872886460210974
777	227.8089119099902	3.886020181922966
778	227.8063176902198	3.8847560639837484
779	227.80372877177916	3.8834962859043176
780	227.80114514917702	3.8822408413855505
781	227.79856681692203	3.8809897241283218
782	227.79599376952282	3.8797429278335045
783	227.79342600148814	3.8785004462019748
784	227.79086350732663	3.8772622729346087
785	227.78830628154697	3.876028401732279
786	227.78575431865778	3.8747988262958626
787	227.78320761316783	3.873573540326232
788	227.78066615958573	3.8723525375242644
789	227.77812995242016	3.871135811590834
790	227.7755989861798	3.8699233562268143
791	227.77307325537333	3.8687151651330813
792	227.77055275450945	3.8675112320105116
793	227.76803747809677	3.8663115505599768
794	227.765527420644	3.865116114482354
795	227.76302257665984	3.863924917478518
796	227.76052294065292	3.862737953249342
797	227.75802850713194	3.8615552154957036
798	227.75553927060554	3.860376697918475
799	227.75305522558244	3.8592023942185327
800	227.75057636657132	3.8580322980967514
801	227.7481026880808	3.8568664032540054
802	227.74563418461958	3.85570470339117
803	227.74317085069637	3.854547192209121
804	227.7407126808198	3.8533938634087312
805	227.73825966949852	3.852244710690876
806	227.73581181124126	3.851099727756433
807	227.7333691005567	3.849958908306274
808	227.73093153195347	3.8488222460412755
809	227.72849909994025	3.847689734662311
810	227.72607179902576	3.8465613678702564
811	227.72364962371864	3.8454371393659867
812	227.72123256852754	3.8443170428503763
813	227.71882062796115	3.8432010720243
814	227.7164137965282	3.842089220588634
815	227.7140120687373	3.8409814822442514
816	227.71161543909713	3.839877850692029
817	227.70922390211638	3.838778319632839
818	227.70683745230372	3.837682882767558
819	227.70445608416784	3.836591533797062
820	227.70207979221738	3.8355042664222236
821	227.69970857096106	3.8344210743439193
822	227.69734241490752	3.833341951263024
823	227.69498131856542	3.832266890880411
824	227.69262527644347	3.8311958868969564
825	227.69027428305034	3.830128933013536
826	227.6879283328947	3.8290660229310225
827	227.6855874204852	3.8280071503502926
828	227.68325154033053	3.8269523089722197
829	227.68092068693937	3.82590149249768
830	227.67859485482043	3.8248546946275486
831	227.67627403848232	3.823811909062699
832	227.67395823243373	3.8227731295040064
833	227.67164743118335	3.821738349652347
834	227.66934162923985	3.820707563208594
835	227.66704082111193	3.8196807638736234
836	227.66474500130818	3.8186579453483107
837	227.6624541643374	3.8176391013335285
838	227.66016830470815	3.8166242255301546
839	227.65788741692916	3.8156133116390607
840	227.65561149550908	3.814606353361124
841	227.6533405349566	3.8136033443972193
842	227.65107452978043	3.8126042784482204
843	227.64881347448917	3.8116091492150024
844	227.64655736359154	3.810617950398442
845	227.64430619159623	3.809630675699411
846	227.64205995301188	3.8086473188187857
847	227.63981864234714	3.807667873457443
848	227.63758225411075	3.8066923333162546
849	227.63535078281134	3.805720692096098
850	227.63312422295763	3.804752943497846
851	227.6309025690582	3.8037890812223747
852	227.62868581562182	3.802829098970559
853	227.62647395715715	3.801872990443272
854	227.62426698817282	3.8009207493413912
855	227.62206490317752	3.7999723693657916
856	227.61986769667993	3.7990278442173446
857	227.61767536318874	3.798087167596928
858	227.61548789721263	3.7971503332054177
859	227.6133052932602	3.796217334743685
860	227.61112754584022	3.7952881659126088
861	227.60895464946134	3.7943628204130597
862	227.60678659863217	3.793441291945916
863	227.60462338786144	3.7925235742120513
864	227.60246501165784	3.79160966091234
865	227.60031146453002	3.790699545747658
866	227.59816274098662	3.789793222418881
867	227.59601883553637	3.7888906846268813
868	227.59387974268793	3.7879919260725354
869	227.59174545694998	3.7870969404567187
870	227.58961597283115	3.7862057214803047
871	227.58749128484016	3.7853182628441697
872	227.58537138748568	3.784434558249187
873	227.58325627527637	3.783554601396233
874	227.58114594272087	3.782678385986182
875	227.57904038432793	3.7818059057199083
876	227.5769395946062	3.7809371542982877
877	227.57484356806432	3.7800721254221954
878	227.57275229921098	3.7792108127925044
879	227.57066578255487	3.778353210110091
880	227.56858401260465	3.7774993110758315
881	227.56650698386898	3.776649109390598
882	227.56443469085656	3.7758025987552672
883	227.56236712807606	3.7749597728707127
884	227.56030429003619	3.77412062543781
885	227.55824617124551	3.7732851501574354
886	227.55619276621283	3.7724533407304612
887	227.55414406944675	3.771625190857764
888	227.55210007545594	3.7708006942402186
889	227.5500607787491	3.769979844578699
890	227.5480261738349	3.769162635574081
891	227.545996255222	3.76834906092724
892	227.5439710174191	3.767539114339049
893	227.54195045493483	3.766732789510385
894	227.53993456227792	3.7659300801421205
895	227.53792333395702	3.7651309799351322
896	227.5359167644808	3.7643354825902953
897	227.5339148483579	3.763543581808483
898	227.53191758009706	3.762755271290571
899	227.52992495420693	3.7619705447374363
900	227.52793696519615	3.7611893958499496
901	227.52595360757343	3.7604118183289885
902	227.52397487584747	3.7596378058754283
903	227.5220007645269	3.7588673521901423
904	227.52003126812036	3.7581004509740072
905	227.5180663811366	3.7573370959278956
906	227.51610609808426	3.7565772807526834
907	227.51415041347204	3.755820999149247
908	227.51219932180857	3.755068244818459
909	227.51025281760255	3.754319011461195
910	227.50831089536265	3.7535732927783316
911	227.50637354959755	3.752831082470741
912	227.5044407748159	3.7520923742392993
913	227.50251256552642	3.7513571617848824
914	227.50058891623775	3.7506254388083637
915	227.49866982145858	3.749897199010619
916	227.49675527569752	3.7491724360925223
917	227.49484527346337	3.748451143754949
918	227.4929398092647	3.747733315698775
919	227.49103887761024	3.7470189456248733
920	227.4891424730086	3.7463080272341194
921	227.48725058996854	3.74560055422739
922	227.48536322299867	3.744896520305557
923	227.48348036660767	3.744195919169497
924	227.48160201530425	3.743498744520086
925	227.4797281635971	3.7428049900581963
926	227.4778588059948	3.7421146494847046
927	227.47599393700608	3.741427716500485
928	227.47413355113966	3.7407441848064127
929	227.47227764290415	3.740064048103364
930	227.47042620680827	3.7393873000922104
931	227.46857923736061	3.7387139344738287
932	227.46673672906996	3.738043944949095
933	227.46489867644493	3.7373773252188824
934	227.4630650739942	3.736714068984066
935	227.4612359162264	3.736054169945523
936	227.4594111976503	3.7353976218041254
937	227.45759091277452	3.734744418260749
938	227.4557750561077	3.7340945530162686
939	227.4539636221586	3.7334480197715596
940	227.45215660543582	3.7328048122274975
941	227.45035400044807	3.732164924084955
942	227.448555801704	3.731528349044808
943	227.44676200371234	3.730895080807933
944	227.44497260098169	3.7302651130752027
945	227.44318758802078	3.7296384395474926
946	227.44140695933822	3.729015053925679
947	227.43963070944278	3.7283949499106352
948	227.43785883284306	3.727778121203237
949	227.43609132404777	3.7271645615043574
950	227.43432817756553	3.726554264514874
951	227.4325693879051	3.7259472239356612
952	227.43081494957508	3.7253434334675912
953	227.42906485708417	3.724742886811541
954	227.42731910494103	3.724145577668387
955	227.4255776876544	3.723551499739002
956	227.42384059973287	3.72296064672426
957	227.42210783568518	3.7223730123250385
958	227.42037939001992	3.7217885902422103
959	227.41865525724586	3.721207374176652
960	227.41693543187162	3.7206293578292366
961	227.41521990840587	3.7200545349008403
962	227.41350868135734	3.719482899092339
963	227.41180174523464	3.7189144441046045
964	227.4100990945465	3.7183491636385138
965	227.4084007238015	3.7177870513949425
966	227.4067066275084	3.7172281010747636
967	227.4050168001759	3.7166723063788525
968	227.4033312363126	3.7161196610080856
969	227.40164993042714	3.715570158663336
970	227.39997287702832	3.7150237930454795
971	227.39830007062474	3.7144805578553903
972	227.39663150572508	3.7139404467939436
973	227.39496717683798	3.7134034535620155
974	227.3933070784722	3.712869571860479
975	227.39165120513636	3.712338795390209
976	227.38999955133912	3.711811117852083
977	227.38835211158917	3.7112865329469735
978	227.3867088803952	3.7107650343757554
979	227.38506985226587	3.7102466158393046
980	227.38343502170983	3.7097312710384958
981	227.38180438323582	3.709218993674204
982	227.38017793135248	3.7087097774473023
983	227.37855566056845	3.708203616058668
984	227.37693756539244	3.707700503209176
985	227.37532364033314	3.707200432599699
986	227.37371387989919	3.706703397931113
987	227.37210827859926	3.7062093929042943
988	227.37050683094202	3.7057184112201162
989	227.3689095314362	3.7052304465794528
990	227.36731637459044	3.7047454926831813
991	227.36572735491342	3.704263543232175
992	227.3641424669138	3.70378459192731
993	227.36256170510023	3.7033086324694593
994	227.36098506398147	3.702835658559499
995	227.3594125380661	3.7023656638983042
996	227.35784412186283	3.7018986421867495
997	227.35627980988036	3.7014345871257093
998	227.35471959662735	3.70097349241606
999	227.35316347661242	3.700515351758675
1000	227.35161144434434	3.70006015885443
1001	227.35006349433172	3.6996079074041988
1002	227.34851962108326	3.6991585911088576
1003	227.3469798191076	3.6987122036692814
1004	227.34544408291345	3.6982687387863438
1005	227.34391240700947	3.6978281901609193
1006	227.34238478590433	3.697390551493886
1007	227.3408612141067	3.6969558164861147
1008	227.3393416861253	3.6965239788384827
1009	227.33782619646877	3.6960950322518653
1010	227.33631473964576	3.6956689704271364
1011	227.33480731016496	3.6952457870651707
1012	227.33330390253505	3.6948254758668426
1013	227.33180451126475	3.6944080305330287
1014	227.33030913086264	3.6939934447646037
1015	227.32881775583746	3.69358171226244
1016	227.32733038069787	3.693172826727415
1017	227.32584699995257	3.692766781860404
1018	227.32436760811018	3.6923635713622796
1019	227.3228921996794	3.6919631889339177
1020	227.3214207691689	3.6915656282761944
1021	227.31995331108737	3.691170883089983
1022	227.31848981994347	3.6907789470761596
1023	227.3170302902459	3.6903898139355973
1024	227.31557471650328	3.6900034773691726
1025	227.31412309322434	3.689619931077761
1026	227.31267541491772	3.6892391687622346
1027	227.3112316760921	3.6888611841234704
1028	227.30979187125618	3.6884859708623443
1029	227.3083559949186	3.6881135226797284
1030	227.30692404158802	3.687743833276499
1031	227.3054960057732	3.687376896353532
1032	227.30407188198274	3.687012705611701
1033	227.30265166472532	3.686651254751881
1034	227.30123534850958	3.6862925374749467
1035	227.2998229278443	3.685936547481774
1036	227.29841439723808	3.6855832784732376
1037	227.2970097511996	3.685232724150211
1038	227.29560898423753	3.6848848782135697
1039	227.29421209086058	3.6845397343641904
1040	227.2928190655774	3.684197286302946
1041	227.29142990289662	3.6838575277307113
1042	227.290044597327	3.683520452348363
1043	227.28866314337716	3.683186053856774
1044	227.2872855355558	3.6828543259568205
1045	227.28591176837156	3.682525262349376
1046	227.28454183633318	3.682198856735317
1047	227.28317573394926	3.6818751028155186
1048	227.2818134557285	3.6815539942908533
1049	227.28045499617957	3.6812355248621977
1050	227.27910034981116	3.6809196882304276
1051	227.27774951113196	3.6806064780964163
1052	227.27640247465058	3.6802958881610386
1053	227.27505923487576	3.679987912125171
1054	227.27371978631615	3.6796825436896863
1055	227.2723841234804	3.6793797765554617
1056	227.27105224087725	3.67907960442337
1057	227.2697241330153	3.6787820209942867
1058	227.26839979440325	3.6784870199690882
1059	227.26707921954983	3.6781945950486468
1060	227.2657624029636	3.677904739933839
1061	227.26444933915332	3.6776174483255404
1062	227.26314002262768	3.677332713924624
1063	227.2618344478953	3.677050530431966
1064	227.26053260946483	3.676770891548441
1065	227.25923450184501	3.6764937909749236
1066	227.25794011954451	3.67621922241229
1067	227.25664945707197	3.675947179561412
1068	227.25536250893606	3.675677656123167
1069	227.2540792696455	3.675410645798431
1070	227.25279973370894	3.675146142288076
1071	227.25152389563505	3.674884139292978
1072	227.2502517499325	3.674624630514013
1073	227.24898329110994	3.674367609652055
1074	227.24771851367612	3.6741130704079774
1075	227.24645741213965	3.673861006482658
1076	227.2451999810092	3.67361141157697
1077	227.24394621479348	3.673364279391789
1078	227.24269610800118	3.6731196036279883
1079	227.2414496551409	3.672877377986444
1080	227.2402068507214	3.672637596168032
1081	227.2389676892513	3.672400251873625
1082	227.2377321652393	3.672165338804099
1083	227.236500273194	3.6719328506603306
1084	227.2352720076242	3.6717027811431917
1085	227.23404736303848	3.671475123953558
1086	227.23282633394558	3.671249872792306
1087	227.2316089148541	3.671027021360309
1088	227.23039510027277	3.6708065633584437
1089	227.22918488471026	3.670588492487582
1090	227.2279782626752	3.6703728024486004
1091	227.2267752286763	3.6701594869423757
1092	227.22557577722225	3.669948539669779
1093	227.2243799028217	3.6697399543316873
1094	227.22318759998333	3.6695337246289768
1095	227.22199886321582	3.6693298442625206
1096	227.22081368702783	3.6691283069331924
1097	227.21963206592804	3.6689291063418703
1098	227.21845399442512	3.668732236189427
1099	227.21727946702774	3.6685376901767386
1100	227.2161084782446	3.668345462004678
1101	227.21494102258436	3.6681555453741215
1102	227.21377709455567	3.667967933985946
1103	227.21261668866723	3.6677826215410225
1104	227.21145979942773	3.667599601740227
1105	227.21030642134582	3.667418868284437
1106	227.20915654893017	3.6672404148745246
1107	227.20801017668947	3.6670642352113654
1108	227.2068672991324	3.666890322995835
1109	227.20572791076762	3.666718671928807
1110	227.20459200610378	3.6665492757111586
1111	227.2034595796496	3.666382128043762
1112	227.20233062591373	3.6662172226274925
1113	227.20120513940486	3.6660545531632276
1114	227.20008311463164	3.6658941133518392
1115	227.19896454610276	3.665735896894203
1116	227.1978494283269	3.6655798974911953
1117	227.19673775581273	3.6654261088436892
1118	227.19562952306887	3.66527452465256
1119	227.1945247246041	3.6651251386186843
1120	227.19342335492703	3.6649779444429345
1121	227.1923254085463	3.6648329358261877
1122	227.19123087997068	3.6646901064693163
1123	227.19013976370877	3.664549450073197
1124	227.18905205426927	3.664410960338705
1125	227.18796774616084	3.6642746309667147
1126	227.18688683389217	3.6641404556580994
1127	227.18580931197192	3.6640084281137364
1128	227.1847351749088	3.6638785420344995
1129	227.18366441721142	3.663750791121263
1130	227.1825970333885	3.663625169074903
1131	227.18153301794874	3.6635016695962936
1132	227.18047236540076	3.663380286386311
1133	227.1794150702532	3.6632610131458283
1134	227.17836112701485	3.66314384357572
1135	227.17731053019432	3.663028771376864
1136	227.17626327430028	3.6629157902501324
1137	227.17521935384138	3.662804893896401
1138	227.17417876332635	3.662696076016545
1139	227.17314149726383	3.6625893303114387
1140	227.17210755016248	3.662484650481957
1141	227.17107691653104	3.662382030228976
1142	227.17004959087814	3.6622814632533696
1143	227.16902556771245	3.662182943256013
1144	227.16800484154263	3.6620864639377797
1145	227.16698740687738	3.661992018999546
1146	227.1659732582254	3.661899602142188
1147	227.1649623900953	3.661809207066578
1148	227.16395479699577	3.6617208274735913
1149	227.16295047343553	3.661634457064105
1150	227.16194941392322	3.6615500895389923
1151	227.16095161296752	3.6614677185991287
1152	227.1599570650771	3.6613873379453876
1153	227.15896576476064	3.661308941278646
1154	227.15797770652682	3.661232522299778
1155	227.15699288488432	3.661158074709657
1156	227.15601129434174	3.66108559220916
1157	227.15503292940787	3.6610150684991623
1158	227.15405778459132	3.660946497280536
1159	227.15308585440076	3.660879872254157
1160	227.1521171333449	3.6608151871209023
1161	227.15115161593235	3.6607524355816445
1162	227.15018929667187	3.6606916113372603
1163	227.14923017007206	3.6606327080886225
1164	227.14827423064165	3.6605757195366078
1165	227.14732147288927	3.660520639382091
1166	227.14637189132364	3.6604674613259442
1167	227.14542548045335	3.6604161790690455
1168	227.14448223478718	3.66036678631227
1169	227.14354214883375	3.66031927675649
1170	227.14260521710173	3.660273644102582
1171	227.1416714340998	3.66022988205142
1172	227.14074079433664	3.660187984303881
1173	227.13981329232095	3.660147944560837
1174	227.13888892256136	3.6601097565231657
1175	227.13796767956654	3.6600734138917392
1176	227.1370495578452	3.6600389103674353
1177	227.136134551906	3.6600062396511257
1178	227.1352226562576	3.6599753954436873
1179	227.1343138654087	3.6599463714459963
1180	227.133408173868	3.6599191613589257
1181	227.1325055761441	3.659893758883349
1182	227.1316060667457	3.659870157720144
1183	227.1307096401815	3.659848351570184
1184	227.12981629096015	3.6598283341343456
1185	227.12892601359033	3.6598100991135
1186	227.12803880258073	3.659793640208526
1187	227.12715465244	3.659778951120297
1188	227.12627355767685	3.6597660255496876
1189	227.1253955127999	3.659754857197571
1190	227.12452051231787	3.659745439764827
1191	227.1236485507394	3.6597377669523268
1192	227.12277962257323	3.6597318324609445
1193	227.12191372232797	3.6597276299915578
1194	227.12105084451227	3.65972515324504
1195	227.12019098363487	3.6597243959222676
1196	227.11933413420445	3.659725351724113
1197	227.11848029072962	3.659728014351451
1198	227.11762944771908	3.65973237750516
1199	227.11678159968153	3.6597384348861115
1200	227.11593674112564	3.6597461801951816
1201	227.11509486656004	3.659755607133245
1202	227.11425597049345	3.659766709401178
1203	227.11342004743454	3.6597794806998523
1204	227.11258709189198	3.659793914730146
1205	227.1117570983744	3.6598100051929325
1206	227.11093006139055	3.659827745789088
1207	227.11010597544904	3.6598471302194855
1208	227.1092848350586	3.659868152185
1209	227.10846663472782	3.6598908053865093
1210	227.1076513689655	3.6599150835248837
1211	227.1068390322802	3.659940980301001
1212	227.10602961918065	3.659968489415737
1213	227.1052231241755	3.6599976045699636
1214	227.10441954177344	3.660028319464558
1215	227.10361886648315	3.6600606278003944
1216	227.1028210928133	3.6600945232783473
1217	227.10202621527253	3.6601299995992935
1218	227.10123422836955	3.6601670504641053
1219	227.10044512661304	3.6602056695736573
1220	227.09965890451164	3.6602458506288276
1221	227.0988755565741	3.660287587330489
1222	227.09809507730898	3.660330873379516
1223	227.09731746122506	3.6603757024767853
1224	227.09654270283093	3.6604220683231694
1225	227.09577079663532	3.6604699646195447
1226	227.09500173714687	3.6605193850667863
1227	227.0942355188743	3.660570323365768
1228	227.09347213632623	3.660622773217367
1229	227.09271158401137	3.660676728322455
1230	227.0919538564384	3.6607321823819077
1231	227.09119894811596	3.660789129096602
1232	227.09044685355272	3.6608475621674113
1233	227.08969756725742	3.6609074752952098
1234	227.08895108373866	3.660968862180875
1235	227.08820739750516	3.6610317165252786
1236	227.08746650306557	3.6610960320292985
1237	227.08672839492857	3.6611618023938073
1238	227.08599306760286	3.661229021319679
1239	227.08526051559704	3.6612976825077928
1240	227.08453073341988	3.6613677796590194
1241	227.08380371558002	3.6614393064742345
1242	227.08307945658612	3.6615122566543166
1243	227.08235795094683	3.661586623900136
1244	227.08163919317087	3.6616624019125688
1245	227.0809231777669	3.6617395843924907
1246	227.08020989924358	3.661818165040777
1247	227.0794993521096	3.6618981375583015
1248	227.07879153087364	3.6619794956459395
1249	227.07808643004435	3.6620622330045656
1250	227.07738404413044	3.6621463433350567
1251	227.07668436764052	3.662231820338284
1252	227.07598739508333	3.662318657715124
1253	227.07529312096753	3.6624068491664548
1254	227.0746015398018	3.6624963883931465
1255	227.07391264609475	3.662587269096076
1256	227.07322643435515	3.6626794849761177
1257	227.07254289909162	3.662773029734148
1258	227.0718620348128	3.6628678970710404
1259	227.07118383602744	3.6629640806876704
1260	227.07050829724417	3.663061574284912
1261	227.0698354129717	3.663160371563642
1262	227.06916517771865	3.663260466224733
1263	227.06849758599373	3.66336185196906
1264	227.06783263230562	3.6634645224975015
1265	227.06717031116298	3.6635684715109282
1266	227.06651061707447	3.6636736927102156
1267	227.0658535445488	3.663780179796241
1268	227.0651990880946	3.6638879264698767
1269	227.06454724222058	3.663996926432
1270	227.0638980014354	3.664107173383484
1271	227.06325136024776	3.6642186610252034
1272	227.0626073131663	3.664331383058035
1273	227.06196585469968	3.6644453331828513
1274	227.0613269793566	3.6645605051005274
1275	227.06069068164578	3.664676892511941
1276	227.0600569560758	3.6647944891179645
1277	227.05942579715543	3.664913288619474
1278	227.05879719939324	3.6650332847173432
1279	227.058171157298	3.665154471112448
1280	227.05754766537834	3.665276841505663
1281	227.0569267181429	3.6654003895978624
1282	227.05630831010043	3.665525109089922
1283	227.0556924357596	3.6656509936827177
1284	227.055079089629	3.6657780370771227
1285	227.05446826621736	3.6659062329740104
1286	227.05385996003338	3.6660355750742593
1287	227.05325416558568	3.6661660570787418
1288	227.05265087738297	3.666297672688333
1289	227.0520500899339	3.6664304156039105
1290	227.05145179774718	3.666564279526346
1291	227.05085599533146	3.666699258156515
1292	227.0502626771954	3.6668353451952944
1293	227.04967183784768	3.666972534343555
1294	227.049083471797	3.6671108193021764
1295	227.04849757355203	3.6672501937720314
1296	227.04791413762143	3.667390651453993
1297	227.04733315851385	3.6675321860489394
1298	227.046754630738	3.6676747912577445
1299	227.04617854880257	3.667818460781281
1300	227.04560490721616	3.6679631883204262
1301	227.04503370048755	3.6681089675760545
1302	227.04446492312533	3.6682557922490417
1303	227.04389856963823	3.6684036560402604
1304	227.04333463453483	3.6685525526505867
1305	227.04277311232394	3.6687024757808966
1306	227.04221399751412	3.6688534191320623
1307	227.04165728461413	3.669005376404961
1308	227.04110296813255	3.669158341300467
1309	227.04055104257816	3.669312307519455
1310	227.04000150245957	3.6694672687628
1311	227.03945434228547	3.669623218731376
1312	227.03890955656448	3.6697801511260604
1313	227.0383671398054	3.669938059647725
1314	227.03782708651678	3.670096937997248
1315	227.03728939120737	3.6702567798755004
1316	227.03675404838577	3.670417578983361
1317	227.03622105256073	3.670579329021701
1318	227.03569039824092	3.670742023691398
1319	227.03516207993493	3.670905656693326
1320	227.03463609215154	3.6710702217283595
1321	227.03411242939939	3.6712357124973747
1322	227.03359108618713	3.6714021227012457
1323	227.03307205702342	3.6715694460408455
1324	227.03255533641698	3.6717376762170515
1325	227.03204091887648	3.6719068069307395
1326	227.03152879891059	3.672076831882781
1327	227.03101897102792	3.6722477447740545
1328	227.03051142973723	3.672419539305431
1329	227.03000616954716	3.6725922091777883
1330	227.02950318496642	3.672765748092001
1331	227.02900247050357	3.6729401497489422
1332	227.02850402066744	3.6731154078494894
1333	227.0280078299666	3.6732915160945163
1334	227.02751389290975	3.673468468184896
1335	227.02702220400556	3.6736462578215066
1336	227.02653275776274	3.6738248787052203
1337	227.02604554868992	3.674004324536913
1338	227.02556057129578	3.6741845890174614
1339	227.02507782008902	3.674365665847738
1340	227.0245972895783	3.6745475487286168
1341	227.02411897427228	3.674730231360977
1342	227.02364286867964	3.674913707445689
1343	227.0231689673091	3.67509797068363
1344	227.02269726466926	3.6752830147756748
1345	227.02222775526886	3.675468833422696
1346	227.0217604336165	3.6756554203255716
1347	227.02129529422092	3.675842769185177
1348	227.02083233159078	3.6760308737023824
1349	227.02037154023478	3.6762197275780677
1350	227.0199129146615	3.6764093245131053
1351	227.0194564493797	3.676599658208369
1352	227.01900213889803	3.676790722364738
1353	227.01854997772517	3.6769825106830822
1354	227.01809996036977	3.67717501686428
1355	227.01765208134051	3.677368234609205
1356	227.0172063351461	3.6775621576187305
1357	227.0167627162952	3.6777567795937345
1358	227.01632121929646	3.677952094235091
1359	227.01588183865857	3.6781480952436727
1360	227.01544456889022	3.6783447763203565
1361	227.01500940450003	3.6785421311660174
1362	227.01457633999675	3.6787401534815296
1363	227.014145369889	3.678938836967768
1364	227.0137164886855	3.6791381753256074
1365	227.01328969089485	3.6793381622559234
1366	227.01286497102578	3.679538791459591
1367	227.01244232358698	3.679740056637483
1368	227.01202174308708	3.6799419514904783
1369	227.01160322403473	3.6801444697194476
1370	227.0111867609387	3.6803476050252675
1371	227.0107723483076	3.680551351108814
1372	227.01035998065012	3.680755701670959
1373	227.0099496524749	3.6809606504125805
1374	227.00954135829065	3.6811661910345523
1375	227.00913509260604	3.68137231723775
1376	227.00873084992978	3.6815790227230467
1377	227.00832862477043	3.681786301191319
1378	227.00792841163678	3.6819941463434396
1379	227.00753020503748	3.682202551880287
1380	227.00713399948114	3.6824115115027327
1381	227.00673978947654	3.6826210189116524
1382	227.00634756953227	3.682831067807923
1383	227.00595733415705	3.6830416518924163
1384	227.0055690778595	3.6832527648660087
1385	227.00518279514833	3.683464400429576
1386	227.00479848053223	3.683676552283993
1387	227.00441612851986	3.683889214130133
1388	227.00403573361987	3.684102379668872
1389	227.00365729034098	3.6843160426010835
1390	227.00328079319183	3.684530196627646
1391	227.00290623668113	3.68474483544943
1392	227.00253361531747	3.684959952767312
1393	227.00216292360963	3.6851755422821686
1394	227.00179415606624	3.685391597694873
1395	227.00142730719597	3.685608112706299
1396	227.00106237150746	3.6858250810173243
1397	227.00069934350944	3.686042496328821
1398	227.00033821771058	3.686260352341667
1399	226.99997898861952	3.686478642756735
1400	226.99962165074496	3.6866973612749003
1401	226.99926619859556	3.6869165015970387
1402	226.99891262668	3.6871360574240235
1403	226.99856092950697	3.687356022456731
1404	226.9982111015851	3.687576390396035
1405	226.99786313742314	3.6877971549428112
1406	226.9975170315297	3.6880183097979353
1407	226.99717277841344	3.68823984866228
1408	226.99683037258308	3.688461765236721
1409	226.9964898085473	3.688684053222134
1410	226.99615108081477	3.6889067063193934
1411	226.99581418389408	3.689129718229373
1412	226.99547911229402	3.6893530826529513
1413	226.99514586052322	3.6895767932909993
1414	226.99481442309036	3.6898008438443926
1415	226.99448479450407	3.690025228014008
1416	226.9941569692731	3.6902499395007187
1417	226.99383094190608	3.690474972005401
1418	226.99350670691163	3.690700319228928
1419	226.99318425879855	3.6909259748721746
1420	226.99286359207542	3.6911519326360174
1421	226.99254470125095	3.691378186221331
1422	226.9922275808338	3.6916047293289878
1423	226.99191222533264	3.6918315556598675
1424	226.99159862925617	3.6920586589148403
1425	226.99128678711307	3.692286032794784
1426	226.99097669341194	3.692513671000571
1427	226.99066834266154	3.6927415672330786
1428	226.9903617293705	3.6929697151931813
1429	226.99005684804752	3.6931981085817527
1430	226.98975369320124	3.6934267410996675
1431	226.98945225934037	3.6936556064478023
1432	226.98915254097355	3.693884698327033
1433	226.98885453260948	3.6941140104382293
1434	226.98855822875683	3.6943435364822728
1435	226.98826362392427	3.694573270160033
1436	226.98797071262047	3.6948032051723865
1437	226.9876794893541	3.69503333522021
1438	226.98738994863385	3.6952636540043766
1439	226.9871020849684	3.6954941552257607
1440	226.98681589286642	3.6957248325852396
1441	226.98653136683654	3.695955679783685
1442	226.98624850138748	3.6961866905219742
1443	226.98596729102792	3.696417858500983
1444	226.98568773026653	3.6966491774215813
1445	226.98540981361194	3.696880640984649
1446	226.98513353557288	3.6971122428910603
1447	226.984858890658	3.697343976841687
1448	226.98458587337598	3.697575836537408
1449	226.98431447823543	3.6978078156790954
1450	226.98404469974517	3.6980399079676247
1451	226.98377653241374	3.6982721071038727
1452	226.98350997074988	3.698504406788711
1453	226.98324500926222	3.6987368007230166
1454	226.9829816424595	3.698969282607665
1455	226.98271986485034	3.699201846143528
1456	226.98245967094343	3.699434485031485
1457	226.9822010552474	3.6996671929724068
1458	226.98194401227101	3.6998999636671694
1459	226.9816885365229	3.7001327908166495
1460	226.9814346225117	3.7003656681217207
1461	226.98118226474617	3.7005985892832585
1462	226.9809314577349	3.700831548002136
1463	226.98068219598662	3.7010645379792293
1464	226.98043447400994	3.7012975529154133
1465	226.98018828631362	3.701530586511565
1466	226.9799436274063	3.7017636324685554
1467	226.97970049179662	3.7019966844872614
1468	226.97945887399328	3.7022297362685586
1469	226.97921876850495	3.702462781513319
1470	226.97898016984033	3.702695813922421
1471	226.97874307250808	3.7029288271967378
1472	226.97850747101683	3.7031618150371437
1473	226.97827335987532	3.7033947711445157
1474	226.97804073359217	3.7036276892197257
1475	226.9778095866761	3.703860562963651
1476	226.97757991363574	3.7040933860771674
1477	226.97735170897982	3.7043261522611464
1478	226.97712496721698	3.7045588552164648
1479	226.97689968285587	3.704791488643997
1480	226.9766758504052	3.705024046244619
1481	226.97645346437366	3.705256521719205
1482	226.97623251926987	3.7054889087686296
1483	226.97601300960253	3.705721201093767
1484	226.97579492988035	3.705953392395495
1485	226.97557827461196	3.706185476374684
1486	226.97536303830603	3.706417446732213
1487	226.97514921547125	3.706649297168956
1488	226.9749368006163	3.706881021385786
1489	226.97472578824986	3.707112613083579
1490	226.97451617288058	3.7073440659632113
1491	226.97430794901715	3.7075753737255557
1492	226.97410111116824	3.7078065300714877
1493	226.97389565384253	3.708037528701881
1494	226.97369157154873	3.708268363317614
1495	226.9734888587954	3.708499027619558
1496	226.97328751009132	3.708729515308589
1497	226.97308751994515	3.7089598200855844
1498	226.9728888828655	3.709189935651417
1499	226.97269159336113	3.7094198557069586
1500	226.97249564594068	3.70964957395309
1501	226.97230103511282	3.7098790840906815
1502	226.9721077553862	3.7101083798206105
1503	226.97191580126955	3.710337454843751
1504	226.97172516727147	3.710566302860978
1505	226.97153584790073	3.710794917573167
1506	226.9713478376659	3.7110232926811912
1507	226.97116113107572	3.711251421885926
1508	226.97097572263885	3.711479298888249
1509	226.970791606864	3.711706917389033
1510	226.97060877825973	3.71193427108915
1511	226.97042723133487	3.712161353689481
1512	226.97024696059796	3.7123881588908954
1513	226.97006796055777	3.712614680394271
1514	226.9698902257229	3.7128409119004826
1515	226.9697137506021	3.713066847110404
1516	226.96953852970398	3.7132924797249114
1517	226.9693645575372	3.7135178034448786
1518	226.96919182861052	3.7137428119711786
1519	226.96902033743257	3.713967499004691
1520	226.968850078512	3.714191858246289
1521	226.9686810463575	3.7144158833968435
1522	226.96851323547776	3.7146395681572355
1523	226.96834664038144	3.7148629062283356
1524	226.96818125557724	3.7150858913110216
1525	226.96801707557375	3.715308517106166
1526	226.96785409487975	3.715530777314643
1527	226.96769230800388	3.7157526656373308
1528	226.9675317094548	3.715974175775103
1529	226.96737229374114	3.716195301428832
1530	226.96721405537164	3.7164160362993957
1531	226.967056988855	3.7166363740876696
1532	226.9669010886998	3.7168563084945254
1533	226.9667463494148	3.71707583322084
1534	226.96659276550864	3.7172949419674883
1535	226.96644033148996	3.7175136284353445
1536	226.96628904186747	3.717731886325284
1537	226.96613889114988	3.717949709338181
1538	226.9659898738458	3.718167091174912
1539	226.96584198446396	3.7183840255363507
1540	226.96569521751294	3.7186005061233702
1541	226.96554956750154	3.7188165266368483
1542	226.96540502893836	3.7190320807776605
1543	226.96526159633208	3.719247162246678
1544	226.96511926419134	3.719461764744778
1545	226.96497802702493	3.7196758819728366
1546	226.96483787934142	3.7198895076317267
1547	226.9646988156495	3.7201026354223234
1548	226.96456083045786	3.7203152590455018
1549	226.9644239182752	3.7205273722021377
1550	226.96428807361013	3.720738968593105
1551	226.9641532909714	3.7209500419192776
1552	226.9640195648676	3.7211605858815333
1553	226.96388688980747	3.721370594180745
1554	226.96375526029968	3.721580060517788
1555	226.96362467085288	3.7217889785935365
1556	226.96349511597575	3.7219973421088652
1557	226.96336659017695	3.7222051447646525
1558	226.96323908796518	3.7224123802617686
1559	226.9631126038491	3.722619042301089
1560	226.96298713233742	3.7228251245834922
1561	226.96286266793877	3.7230306208098525
1562	226.96273920516182	3.7232355246810402
1563	226.96261673851524	3.7234398298979343
1564	226.9624952625078	3.7236435301614086
1565	226.96237477164803	3.723846619172337
1566	226.96225526044472	3.724049090631597
1567	226.96213672340645	3.7242509382400604
1568	226.962019155042	3.7244521556986037
1569	226.96190254985996	3.724652736708102
1570	226.96178690236903	3.72485267496943
1571	226.96167220707787	3.7250519641834625
1572	226.96155845849518	3.7252505980510744
1573	226.96144565112965	3.725448570273141
1574	226.9613337794899	3.725645874550536
1575	226.96122283808464	3.725842504584135
1576	226.96111282142255	3.7260384540748124
1577	226.96100372401227	3.7262337167234447
1578	226.9608955403625	3.7264282862309046
1579	226.96078826498191	3.726622156298068
1580	226.96068189237917	3.7268153206258106
1581	226.96057641706298	3.727007772915006
1582	226.96047183354196	3.7271995068665307
1583	226.96036813632483	3.7273905161812597
1584	226.96026531992027	3.727580794560064
1585	226.96016337883694	3.7277703357038225
1586	226.96006230758346	3.727959133313409
1587	226.95996210066858	3.7281471810896982
1588	226.95986275260097	3.7283344727335646
1589	226.95976425788925	3.7285210019458828
1590	226.9596666110421	3.7287067624275303
1591	226.95956980656828	3.7288917478793793
1592	226.95947383897638	3.7290759520023036
1593	226.95937870277513	3.729259368497182
1594	226.9592843924731	3.729441991064889
1595	226.95919090257908	3.7296238134062945
1596	226.95909822760171	3.729804829222279
1597	226.95900636204965	3.7299850322137145
1598	226.95891530043156	3.730164416081477
1599	226.95882503725616	3.7303429745264416
1600	226.9587355670321	3.7305207012494805
1601	226.95864688426803	3.730697589951472
1602	226.95855898347264	3.7308736343332902
1603	226.95847185915466	3.7310488280958087
1604	226.9583855058227	3.7312231649399017
1605	226.95829991798539	3.7313966385664488
1606	226.95821509015153	3.7315692426763185
1607	226.9581310168297	3.7317409709703906
1608	226.9580476925286	3.7319118171495376
1609	226.9579651117569	3.732081774914636
1610	226.95788326902328	3.7322508379665598
1611	226.95780215883644	3.732419000006182
1612	226.95772177570504	3.7325862547343798
1613	226.95764211413768	3.732752595852029
1614	226.95756316864316	3.732918017060002
1615	226.9574849337301	3.7330825120591737
1616	226.9574074039071	3.733246074550423
1617	226.95733057368292	3.733408698234619
1618	226.95725443756623	3.733570376812641
1619	226.9571789900657	3.733731103985363
1620	226.95710422568996	3.7338908734536593
1621	226.95703013894774	3.734049678918403
1622	226.95695672434772	3.7342075140804707
1623	226.9568839763985	3.734364372640739
1624	226.95681188960882	3.7345202483000817
1625	226.95674045848733	3.7346751347593714
1626	226.9566696775427	3.734829025719484
1627	226.95659954128362	3.7349819148812977
1628	226.95653004421874	3.7351337959456816
1629	226.95646118085676	3.735284662613516
1630	226.95639294570637	3.735434508585673
1631	226.9563253332762	3.735583327563029
1632	226.95625833807492	3.735731113246458
1633	226.95619195461126	3.7358778593368327
1634	226.95612617739386	3.7360235595350315
1635	226.9560610009314	3.7361682075419305
1636	226.95599641973251	3.7363117970583977
1637	226.95593242830594	3.7364543217853146
1638	226.95586902116034	3.736595775423554
1639	226.95580619280435	3.7367361516739916
1640	226.95574393774666	3.7368754442374987
1641	226.95568225049598	3.737013646814954
1642	226.95562112556095	3.737150753107232
1643	226.9555605574502	3.737286756815207
1644	226.95550054067252	3.737421651639752
1645	226.9554410697365	3.7375554312817454
1646	226.95538213915083	3.7376880894420608
1647	226.95532374342417	3.737819619821569
1648	226.95526587706524	3.737950016121151
1649	226.95520853458268	3.738079272041681
1650	226.95515171048515	3.73820738128403
1651	226.95509539928133	3.7383343375490754
1652	226.95503959547995	3.738460134537691
1653	226.95498429358963	3.738584765950752
1654	226.95492948811906	3.7387082254891353
1655	226.95487517357688	3.738830506853712
1656	226.95482134447184	3.738951603745362
1657	226.95476799531255	3.7390715098649565
1658	226.95471512060766	3.7391902189133703
1659	226.95466271486595	3.739307724591478
1660	226.954610772596	3.739424020600159
1661	226.95455928830654	3.7395391006402834
1662	226.9545082565062	3.739652958412729
1663	226.95445767170366	3.739765587618366
1664	226.95440752840764	3.739876981958075
1665	226.9543578211268	3.7399871351327287
1666	226.95430854436972	3.7400960408432
1667	226.95425969264522	3.7402036927903675
1668	226.9542112604619	3.7403100846751043
1669	226.95416324232843	3.7404152101982837
1670	226.95411563275348	3.7405190630607814
1671	226.95406842624575	3.7406216369634757
1672	226.9540216173139	3.7407229256072374
1673	226.95397520046663	3.7408229226929426
1674	226.95392917021255	3.740921621921466
1675	226.9538835210604	3.741019016993684
1676	226.95383824751883	3.7411151016104713
1677	226.95379334409648	3.741209869472698
1678	226.9537488053021	3.7413033142812457
1679	226.95370462564432	3.741395429736987
1680	226.95366079963182	3.741486209540794
1681	226.95361732177324	3.7415756473935438
1682	226.9535741865773	3.741663736996114
1683	226.95353138855265	3.7417504720493766
1684	226.953488922208	3.741835846254205
1685	226.95344678205197	3.7419198533114746
1686	226.95340496259328	3.7420024869220634
1687	226.9533634583406	3.7420837407868457
1688	226.95332226380256	3.7421636086066923
1689	226.95328137348784	3.7422420840824815
1690	226.95324078190518	3.7423191609150903
1691	226.95320048356322	3.7423948328053864
1692	226.95316047297064	3.7424690934542517
1693	226.95312074463604	3.7425419365625596
1694	226.9530812930682	3.7426133558311823
1695	226.95304211277573	3.7426833449609966
1696	226.95300319826734	3.742751897652877
1697	226.95296454405167	3.7428190076076993
1698	226.95292614463744	3.742884668526339
1699	226.95288799453328	3.742948874109666
1700	226.95285008824789	3.74301161805856
1701	226.95281242028992	3.7430728940738964
1702	226.95277498516808	3.7431326958565463
1703	226.952737777391	3.743191017107388
1704	226.95270079146738	3.743247851527296
1705	226.95266402190592	3.7433031928171427
1706	226.95262746321526	3.743357034677805
1707	226.95259110990406	3.743409370810157
1708	226.952554956481	3.7434601949150745
1709	226.95251899745483	3.743509500693434
1710	226.9524832273341	3.7435572818461043
1711	226.9524476406276	3.743603532073965
1712	226.9524122318439	3.743648245077894
1713	226.95237699549176	3.7436914145587585
1714	226.95234192607984	3.743733034217437
1715	226.95230701811673	3.743773097754808
1716	226.9522722661112	3.7438115988717424
1717	226.95223766457192	3.7438485312691143
1718	226.95220320800752	3.7438838886477988
1719	226.95216889092669	3.743917664708676
1720	226.9521347078381	3.743949853152615
1721	226.95210065325043	3.7439804476804923
1722	226.95206672167237	3.7440094419931826
1723	226.95203290761256	3.744036829791563
1724	226.95199920557968	3.744062604776506
1725	226.95196561008245	3.7440867606488855
1726	226.95193211562952	3.744109291109581
1727	226.95189871672952	3.744130189859462
1728	226.95186540789115	3.744149450599407
1729	226.95183218362314	3.744167067030289
1730	226.9517990384341	3.7441830328529844
1731	226.95176596683268	3.7441973417683685
1732	226.95173296332766	3.744209987477314
1733	226.95170002242762	3.7442209636806956
1734	226.95166713864126	3.744230264079391
1735	226.95163430647725	3.7442378823742737
1736	226.9516015204443	3.744243812266216
1737	226.95156877505104	3.744248047456098
1738	226.95153606480616	3.74425058164479
1739	226.95150338421834	3.7442514085331693
1740	226.95147072779628	3.7442505218221096
1741	226.9514380900486	3.7442479152124872
1742	226.951405465484	3.744243582405178
1743	226.95137284861113	3.744237517101053
1744	226.9513402339387	3.7442297130009887
1745	226.9513076159754	3.7442201638058616
1746	226.95127498922983	3.744208863216546
1747	226.95124234821077	3.7441958049339155
1748	226.9512096874268	3.744180982658844
1749	226.9511770013866	3.7441643900922092
1750	226.9511442845989	3.744146020934887
1751	226.95111153157237	3.744125868887748
1752	226.95107873681565	3.74410392765167
1753	226.9510458948374	3.7440801909275288
1754	226.9510130001463	3.7440546524161946
1755	226.9509800472511	3.744027305818546
1756	226.9509470306604	3.7439981448354605
1757	226.95091394488287	3.743967163167808
1758	226.95088078442723	3.7439343545164636
1759	226.95084754380213	3.7438997125823055
1760	226.95081421751624	3.743863231066206
1761	226.9507808000782	3.7438249036690423
1762	226.95074728599678	3.7437847240916846
1763	226.95071366978058	3.7437426860350147
1764	226.9506799459383	3.743698783199903
1765	226.95064610897856	3.7436530092872244
1766	226.95061215341013	3.743605357997854
1767	226.95057807374164	3.7435558230326706
1768	226.95054386448174	3.743504398092544
1769	226.9505095201391	3.7434510768783493
1770	226.95047503522244	3.743395853090965
1771	226.95044040424042	3.7433387204312627
1772	226.9504056217017	3.7432796726001203
1773	226.95037068211494	3.743218703298409
1774	226.95033557998886	3.7431558062270067
1775	226.9503003098321	3.743090975086789
1776	226.9502648661533	3.7430242035786256
1777	226.95022924346125	3.742955485403396
1778	226.9501934362645	3.7428848142619766
1779	226.9501574390718	3.742812183855238
1780	226.95012124639177	3.742737587884057
1781	226.95008485273314	3.7426610200493067
1782	226.95004825260457	3.742582474051866
1783	226.95001144051471	3.7425019435926066
1784	226.94997441097223	3.7424194223724028
1785	226.94993715848582	3.74233490409213
1786	226.9498996775642	3.7422483824526673
1787	226.94986196271597	3.7421598511548844
1788	226.9498240084498	3.7420693038996573
1789	226.94978580927443	3.741976734387863
1790	226.9497473596985	3.741882136320375
1791	226.9497086542307	3.7417855033980683
1792	226.94966968737967	3.741686829321817
1793	226.9496304536541	3.7415861077924966
1794	226.94959094756268	3.741483332510985
1795	226.94955116361405	3.741378497178149
1796	226.94951109631694	3.7412715954948714
1797	226.94947074017998	3.741162621162026
1798	226.94943008971185	3.741051567880484
1799	226.9493891394212	3.7409384293511216
1800	226.9493478838168	3.740823199274816
1801	226.94930631740723	3.7407058713524406
1802	226.9492644347012	3.7405864392848702
1803	226.94922223020734	3.7404648967729797
1804	226.9491796984344	3.740341237517643
1805	226.949136833891	3.7402154552197393
1806	226.94909363108584	3.740087543580137
1807	226.94905008452756	3.7399574962997133
1808	226.94900618872487	3.739825307079347
1809	226.94896193818644	3.73969096961991
1810	226.94891732742093	3.7395544776222747
1811	226.948872350937	3.7394158247873204
1812	226.94882700324337	3.73927500481592
1813	226.94878127884868	3.7391320114089464
1814	226.94873517226165	3.738986838267278
1815	226.94868867799084	3.7388394790917894
1816	226.94864179054505	3.7386899275833545
1817	226.94859450443292	3.738538177442846
1818	226.94854681416308	3.7383842223711414
1819	226.94849871424424	3.7382280560691172
1820	226.9484501991851	3.7380696722376427
1821	226.94840126349428	3.7379090645775985
1822	226.94835190168044	3.737746226789857
1823	226.94830210825234	3.7375811525752933
1824	226.9482518777186	3.7374138356347824
1825	226.9482012045879	3.737244269669199
1826	226.9481500833689	3.7370724483794175
1827	226.94809850857027	3.7368983654663164
1828	226.94804647470073	3.736722014630764
1829	226.94799397626895	3.7365433895736384
1830	226.94794100778353	3.736362483995818
1831	226.94788756375323	3.7361792915981726
1832	226.94783363868666	3.73599380608158
1833	226.94777922709255	3.735806021146914
1834	226.94772432347952	3.7356159304950496
1835	226.94766892235629	3.735423527826862
1836	226.94761301823152	3.735228806843227
1837	226.94755660561387	3.735031761245015
1838	226.94749967901203	3.734832384733108
1839	226.9474422329347	3.7346306710083743
1840	226.94738426189048	3.734426613771694
1841	226.94732576038808	3.734220206723938
1842	226.9472667229362	3.7340114435659815
1843	226.94720714404352	3.7338003179987043
1844	226.9471470182187	3.733586823722974
1845	226.94708633997033	3.733370954439673
1846	226.9470251038072	3.7331527038496706
1847	226.94696330423795	3.7329320656538436
1848	226.94690093577125	3.7327090335530655
1849	226.94683799291573	3.7324836012482145
1850	226.94677447018015	3.7322557624401616
1851	226.94671036207313	3.7320255108297857
1852	226.94664566310337	3.731792840117958
1853	226.9465803677795	3.731557744005555
1854	226.94651447061023	3.731320216193452
1855	226.94644796610422	3.731080250382524
1856	226.94638084877013	3.730837840273645
1857	226.9463131131167	3.73059297956769
1858	226.94624475365254	3.730345661965536
1859	226.94617576488636	3.730095881168053
1860	226.9461061413268	3.729843630876121
1861	226.94603587748256	3.729588904790611
1862	226.9459649678623	3.729331696612402
1863	226.9458934069747	3.729072000042365
1864	226.94582118932843	3.7288098087813784
1865	226.94574830943216	3.728545116530312
1866	226.9456747617946	3.728277916990046
1867	226.9456005409244	3.728008203861453
1868	226.9455256413302	3.727735970845408
1869	226.94545005752073	3.727461211642787
1870	226.94537378400463	3.727183919954462
1871	226.9452968152906	3.7269040894813115
1872	226.94521914588725	3.7266217139242066
1873	226.94514077030337	3.7263367869840267
1874	226.94506168304753	3.7260493023616426
1875	226.94498187862843	3.7257592537579325
1876	226.94490135155476	3.725466634873767
1877	226.9448200963352	3.7251714394100266
1878	226.94473810747843	3.7248736610675817
1879	226.94465537949307	3.7245732935473086
1880	226.9445719068879	3.7242703305500826
1881	226.94448768417146	3.723964765776777
1882	226.94440270585253	3.7236565929282714
1883	226.9443169664397	3.723345805705434
1884	226.94423046044173	3.7230323978091455
1885	226.94414318236724	3.722716362940276
1886	226.94405512672492	3.722397694799705
1887	226.94396628802343	3.7220763870883022
1888	226.94387666077145	3.7217524335069485
1889	226.9437862394777	3.7214258277565126
1890	226.9436950186508	3.721096563537874
1891	226.9436029927994	3.7207646345519074
1892	226.94351015643224	3.720430034499484
1893	226.94341650405798	3.7200927570814843
1894	226.94332203018524	3.7197527959987764
1895	226.9432267293228	3.719410144952241
1896	226.94313059597923	3.7190647976427496
1897	226.94303362466326	3.7187167477711793
1898	226.94293580988352	3.7183659890384013
1899	226.94283714614875	3.718012515145297
1900	226.94273762796755	3.7176563197927335
1901	226.94263724984867	3.7172973966815928
1902	226.94253600630068	3.716935739512745
1903	226.9424338918324	3.716571341987066
1904	226.94233090095238	3.716204197805434
1905	226.94222702816936	3.715834300668718
1906	226.94212226799195	3.7154616442777986
1907	226.9420166149289	3.7150862223335466
1908	226.94191006348885	3.71470802853684
1909	226.94180260818047	3.7143270565885493
1910	226.94169424351244	3.7139433001895554
1911	226.94158496399342	3.7135567530407285
1912	226.94147476413212	3.713167408842947
1913	226.9413636384372	3.71277526129708
1914	226.94125158141728	3.712380304104009
1915	226.94113858758112	3.711982530964606
1916	226.94102465143735	3.7115819355797455
1917	226.94090976749462	3.7111785116503024
1918	226.94079393026166	3.710772252877154
1919	226.94067713424712	3.7103631529611727
1920	226.94055937395967	3.7099512056032315
1921	226.94044064390795	3.709536404504211
1922	226.9403209386007	3.7091187433649813
1923	226.94020025254656	3.708698215886421
1924	226.94007858025424	3.7082748157693985
1925	226.93995591623232	3.707848536714796
1926	226.93983225498957	3.7074193724234856
1927	226.93970759103465	3.70698731659634
1928	226.9395819188762	3.7065523629342385
1929	226.9394552330229	3.706114505138054
1930	226.93932752798344	3.7056737369086608
1931	226.9391987982665	3.705230051946932
1932	226.93906903838072	3.7047834439537466
1933	226.93893824283478	3.704333906629976
1934	226.93880640613742	3.7038814336764987
1935	226.93867352279725	3.7034260187941834
1936	226.9385395873229	3.7029676556839135
1937	226.9384045942232	3.702506338046556
1938	226.93826853800667	3.7020420595829924
1939	226.93813141318205	3.7015748139940916
1940	226.937993214258	3.7011045949807317
1941	226.93785393574322	3.7006313962437885
1942	226.93771357214635	3.700155211484134
1943	226.9375721179761	3.699676034402646
1944	226.93742956774108	3.6991938587001973
1945	226.93728591595004	3.698708678077665
1946	226.93714115711163	3.698220486235921
1947	226.9369952857345	3.6977292768758425
1948	226.9368482963273	3.6972350436983037
1949	226.93670018339878	3.696737780404179
1950	226.9365509414576	3.6962374806943434
1951	226.9364005650124	3.6957341382696733
1952	226.93624904857185	3.6952277468310424
1953	226.93609638664464	3.694718300079324
1954	226.93594257373948	3.694205791715396
1955	226.93578760436495	3.693690215440131
1956	226.93563147302984	3.693171564954407
1957	226.93547417424276	3.692649833959094
1958	226.93531570251238	3.692125016155071
1959	226.93515605234737	3.6915971052432113
1960	226.93499521825643	3.69106609492439
1961	226.93483319474825	3.6905319788994806
1962	226.93466997633146	3.689994750869363
1963	226.93450555751474	3.689454404534905
1964	226.93433993280678	3.688910933596985
1965	226.93417309671628	3.6883643317564796
1966	226.93400504375188	3.6878145927142607
1967	226.93383576842223	3.687261710171206
1968	226.93366526523604	3.6867056778281873
1969	226.933493528702	3.686146489386082
1970	226.93332055332877	3.6855841385457637
1971	226.933146333625	3.6850186190081073
1972	226.93297086409936	3.6844499244739874
1973	226.93279413926058	3.683878048644283
1974	226.93261615361726	3.6833029852198615
1975	226.93243690167816	3.6827247279016038
1976	226.9322563779519	3.6821432703903825
1977	226.93207457694714	3.68155860638707
1978	226.93189149317257	3.68097072959255
1979	226.93170712113692	3.6803796337076853
1980	226.9315214553488	3.6797853124333613
1981	226.93133449031689	3.6791877594704467
1982	226.93114622054983	3.678586968519818
1983	226.9309566405564	3.6779829332823493
1984	226.9307657448452	3.67737564745892
1985	226.93057352792488	3.6767651047503978
1986	226.93037998430415	3.6761512988576626
1987	226.93018510849174	3.6755342234815864
1988	226.92998889499623	3.674913872323047
1989	226.92979133832637	3.6742902390829184
1990	226.92959243299075	3.673663317462074
1991	226.9293921734981	3.673033101161392
1992	226.9291905543571	3.6723995838817434
1993	226.92898757007643	3.6717627593240043
1994	226.92878321516469	3.6711226211890495
1995	226.92857748413064	3.6704791631777574
1996	226.92837037148294	3.6698323789909963
1997	226.9281618717302	3.6691822623296466
1998	226.9279519793812	3.668528806894581
1999	226.9277406889445	3.667872006386674
2000	226.92752799492888	3.6672118545068026
2001	226.9273138918429	3.6665483449558383
2002	226.92709837419537	3.665881471434659
2003	226.92688143649485	3.6652112276441384
2004	226.92666307325007	3.664537607285151
2005	226.92644327896969	3.663860604058572
2006	226.92622204816237	3.6631802116652796
2007	226.92599937533683	3.662496423806142
2008	226.9257752550017	3.6618092341820416
2009	226.92554968166564	3.6611186364938453
2010	226.92532264983737	3.660424624442435
2011	226.92509415402557	3.6597271917286807
2012	226.9248641887389	3.6590263320534593
2013	226.92463274848595	3.658322039117646
2014	226.92439982777552	3.657614306622116
2015	226.92416542111624	3.656903128267745
2016	226.92392952301674	3.6561884977554038
2017	226.9236921279858	3.6554704087859733
2018	226.92345323053198	3.6547488550603218
2019	226.923212825164	3.65402383027933
2020	226.9229709063905	3.6532953281438676
2021	226.92272746872024	3.6525633423548145
2022	226.92248250666185	3.6518278666130413
2023	226.92223601472398	3.6510888946194267
2024	226.9219879874153	3.6503464200748406
2025	226.92173841924452	3.649600436680163
2026	226.9214873047203	3.648850938136268
2027	226.92123463835134	3.6480979181440274
2028	226.92098041464624	3.647341370404321
2029	226.92072462811376	3.6465812886180173
2030	226.92046727326252	3.6458176664859976
2031	226.9202083446012	3.6450504977091307
2032	226.9199478366385	3.6442797759882968
2033	226.9196857438831	3.643505495024367
2034	226.91942206084363	3.6427276485182194
2035	226.91915678202875	3.6419462301707264
2036	226.91888990194724	3.6411612336827632
2037	226.91862141510768	3.6403726527552056
2038	226.91835131601877	3.6395804810889274
2039	226.91807959918916	3.6387847123848074
2040	226.9178062591276	3.6379853403437137
2041	226.91753129034268	3.637182358666528
2042	226.9172546873431	3.636375761054119
2043	226.91697644463753	3.635565541207367
2044	226.9166965567347	3.634751692827144
2045	226.91641501814323	3.633934209614326
2046	226.91613182337179	3.6331130852697844
2047	226.91584696692905	3.6322883134944
2048	226.91556044332373	3.6314598879890436
2049	226.91527224706448	3.63062780245459
2050	226.91498237265998	3.6297920505919183
2051	226.91469081461884	3.6289526261018974
2052	226.91439756744984	3.628109522685408
2053	226.9141026256616	3.627262734043319
2054	226.91380598376276	3.6264122538765107
2055	226.91350763626207	3.625558075885856
2056	226.91320757766817	3.624700193772229
2057	226.91290580248972	3.6238386012365034
2058	226.9126023052354	3.6229732919795583
2059	226.91229708041388	3.622104259702265
2060	226.91199012253387	3.6212314981055
2061	226.91168142610402	3.6203550008901373
2062	226.91137098563297	3.6194747617570506
2063	226.91105879562943	3.6185907744071204
2064	226.9107448506021	3.617703032541215
2065	226.9104291450596	3.6168115298602115
2066	226.9101116735106	3.615916260064987
2067	226.90979243046388	3.6150172168564136
2068	226.90947141042798	3.614114393935367
2069	226.90914860791167	3.6132077850027238
2070	226.90882401742354	3.612297383759354
2071	226.90849763347234	3.6113831839061397
2072	226.9081694505667	3.6104651791439486
2073	226.9078394632153	3.609543363173661
2074	226.90750766592686	3.608617729696151
2075	226.90717405320999	3.6076882724122887
2076	226.90683861957342	3.606754985022955
2077	226.90650135952575	3.6058178612290224
2078	226.90616226757572	3.604876894731366
2079	226.905821338232	3.603932079230857
2080	226.90547856600324	3.6029834084283774
2081	226.9051339453981	3.6020308760247968
2082	226.90478747092527	3.6010744757209925
2083	226.90443913709348	3.6001142012178384
2084	226.90408893841132	3.5991500462162116
2085	226.9037368693875	3.598182004416981
2086	226.9033829245307	3.597210069521027
2087	226.90302709834958	3.5962342352292245
2088	226.90266938535285	3.5952544952424446
2089	226.9023097800491	3.594270843261568
2090	226.9019482769471	3.593283272987461
2091	226.9015848705555	3.592291778121008
2092	226.90121955538294	3.5912963523630768
2093	226.9008523259381	3.5902969894145462
2094	226.9004831767297	3.58929368297629
2095	226.90011210226635	3.588286426749184
2096	226.89973909705674	3.5872752144341007
2097	226.8993641556096	3.586260039731914
2098	226.89898727243354	3.585240896343504
2099	226.89860844203727	3.5842177779697426
