39	226.60934664727816	7.963956358091098
40	226.60847973528968	7.9673124345459945
41	226.60761325109488	7.970663029477287
42	226.6067471939894	7.974008147612322
43	226.60588156326895	7.9773477936784465
44	226.60501635822916	7.980681972403006
45	226.60415157816573	7.984010688513346
46	226.60328722237432	7.987333946736814
47	226.6024232901506	7.990651751800755
48	226.60155978079018	7.9939641084325155
49	226.6006966935888	7.997271021359442
50	226.59983402784206	8.00057249530888
51	226.59897178284567	8.003868535008177
52	226.5981099578953	8.007159145184676
53	226.5972485522866	8.010444330565727
54	226.5963875653153	8.013724095878674
55	226.59552699627693	8.016998445850865
56	226.59466684446727	8.020267385209642
57	226.59380710918194	8.023530918682356
58	226.59294778971662	8.026789050996351
59	226.59208888536696	8.030041786878973
60	226.59123039542865	8.033289131057568
61	226.59037231919734	8.036531088259482
62	226.58951465596874	8.039767663212062
63	226.58865740503845	8.042998860642655
64	226.58780056570217	8.046224685278606
65	226.58694413725556	8.049445141847261
66	226.5860881189943	8.052660235075965
67	226.58523251021404	8.055869969692067
68	226.58437731021044	8.059074350422911
69	226.5835225182792	8.062273381995844
70	226.58266813371597	8.06546706913821
71	226.58181415581637	8.068655416577359
72	226.58096058387616	8.071838429040636
73	226.58010741719093	8.075016111255385
74	226.57925465505636	8.078188467948953
75	226.57840229676813	8.081355503848688
76	226.5775503416219	8.084517223681933
77	226.5766987889134	8.087673632176038
78	226.57584763793818	8.090824734058346
79	226.57499688799197	8.093970534056204
80	226.57414653837043	8.09711103689696
81	226.57329658836923	8.100246247307958
82	226.57244703728404	8.103376170016544
83	226.57159788441052	8.106500809750067
84	226.57074912904432	8.109620171235868
85	226.56990077048115	8.112734259201297
86	226.56905280801666	8.1158430783737
87	226.56820524094647	8.118946633480423
88	226.56735806856628	8.122044929248812
89	226.56651129017177	8.125137970406211
90	226.5656649050586	8.12822576167997
91	226.56481891252244	8.13130830779743
92	226.56397331185892	8.134385613485943
93	226.56312810236378	8.137457683472851
94	226.56228328333262	8.140524522485503
95	226.5614388540611	8.143586135251242
96	226.56059481384494	8.146642526497418
97	226.55975116197976	8.149693700951373
98	226.55890789776126	8.152739663340455
99	226.55806502048512	8.155780418392013
100	226.55722252944693	8.158815970833388
101	226.55638042394247	8.16184632539193
102	226.5555387032673	8.164871486794983
103	226.55469736671714	8.167891459769892
104	226.55385641358762	8.170906249044009
105	226.55301584317448	8.173915859344675
106	226.5521756547733	8.176920295399237
107	226.5513358476798	8.17991956193504
108	226.55049642118962	8.182913663679432
109	226.5496573745985	8.185902605359761
110	226.54881870720197	8.18888639170337
111	226.5479804182958	8.191865027437606
112	226.54714250717564	8.194838517289815
113	226.54630497313713	8.197806865987344
114	226.54546781547594	8.200770078257538
115	226.54463103348775	8.203728158827746
116	226.54379462646827	8.206681112425308
117	226.54295859371308	8.209628943777576
118	226.5421229345179	8.212571657611894
119	226.54128764817835	8.21550925865561
120	226.54045273399015	8.218441751636067
121	226.53961819124896	8.221369141280613
122	226.53878401925041	8.224291432316592
123	226.53795021729022	8.227208629471354
124	226.53711678466402	8.230120737472244
125	226.53628372066748	8.233027761046607
126	226.53545102459626	8.235929704921787
127	226.53461869574602	8.238826573825135
128	226.53378673341246	8.241718372483993
129	226.53295513689125	8.24460510562571
130	226.532123905478	8.24748677797763
131	226.53129303846842	8.2503633942671
132	226.5304625351582	8.25323495922147
133	226.52963239484293	8.256101477568079
134	226.52880261681835	8.258962954034278
135	226.52797320038007	8.261819393347409
136	226.5271441448238	8.264670800234823
137	226.5263154494452	8.267517179423866
138	226.5254871135399	8.27035853564188
139	226.5246591364036	8.273194873616214
140	226.523831517332	8.276026198074213
141	226.52300425562072	8.278852513743225
142	226.52217735056539	8.281673825350593
143	226.52135080146175	8.284490137623667
144	226.5205246076054	8.28730145528979
145	226.51969876829207	8.290107783076309
146	226.5188732828174	8.29290912571057
147	226.51804815047706	8.295705487919921
148	226.51722337056674	8.298496874431708
149	226.51639894238204	8.301283289973272
150	226.51557486521864	8.304064739271967
151	226.51475113837228	8.306841227055132
152	226.51392776113855	8.309612758050118
153	226.51310473281313	8.31237933698427
154	226.51228205269175	8.315140968584933
155	226.51145972006998	8.317897657579454
156	226.51063773424357	8.320649408695179
157	226.50981609450815	8.323396226659455
158	226.50899480015937	8.326138116199626
159	226.5081738504929	8.328875082043039
160	226.50735324480442	8.331607128917042
161	226.50653298238961	8.33433426154898
162	226.50571306254412	8.337056484666197
163	226.50489348456367	8.339773802996042
164	226.50407424774383	8.34248622126586
165	226.5032553513803	8.345193744202998
166	226.50243679476876	8.347896376534802
167	226.50161857720488	8.350594122988616
168	226.50080069798432	8.353286988291789
169	226.49998315640275	8.355974977171666
170	226.49916595175586	8.358658094355594
171	226.4983490833393	8.361336344570915
172	226.49753255044868	8.36400973254498
173	226.49671635237974	8.366678263005134
174	226.4959004884281	8.369341940678725
175	226.49508495788947	8.372000770293093
176	226.49426976005947	8.374654756575591
177	226.49345489423382	8.37730390425356
178	226.49264035970813	8.379948218054349
179	226.49182615577814	8.382587702705305
180	226.49101228173942	8.38522236293377
181	226.4901987368877	8.387852203467094
182	226.48938552051862	8.390477229032623
183	226.4885726319279	8.3930974443577
184	226.48776007041113	8.395712854169675
185	226.486947835264	8.398323463195892
186	226.4861359257822	8.400929276163696
187	226.48532434126145	8.403530297800437
188	226.4845130809973	8.406126532833458
189	226.48370214428545	8.408717985990105
190	226.4828915304216	8.411304661997727
191	226.4820812387014	8.413886565583667
192	226.4812712684205	8.416463701475273
193	226.4804616188746	8.41903607439989
194	226.47965228935936	8.421603689084865
195	226.47884327917046	8.424166550257544
196	226.4780345876035	8.426724662645274
197	226.4772262139542	8.429278030975398
198	226.47641815751822	8.431826659975266
199	226.4756104175912	8.434370554372222
200	226.47480299346887	8.436909718893613
201	226.47399588444685	8.439444158266785
202	226.4731890898208	8.441973877219084
203	226.47238260888642	8.444498880477855
204	226.47157644093934	8.447019172770446
205	226.47077058527523	8.449534758824203
206	226.46996504118977	8.452045643366471
207	226.46915980797863	8.454551831124597
208	226.46835488493747	8.457053326825928
209	226.46755027136197	8.459550135197807
210	226.4667459665478	8.462042260967584
211	226.46594196979058	8.464529708862601
212	226.46513828038601	8.467012483610208
213	226.46433489762975	8.46949058993775
214	226.4635318208175	8.471964032572572
215	226.46272904924487	8.474432816242022
216	226.46192658220755	8.476896945673444
217	226.46112441900124	8.479356425594187
218	226.46032255892158	8.481811260731591
219	226.4595210012642	8.48426145581301
220	226.4587197453248	8.486707015565788
221	226.45791879039905	8.489147944717269
222	226.45711813578262	8.491584247994798
223	226.45631778077117	8.494015930125723
224	226.45551772466035	8.496442995837393
225	226.45471796674585	8.498865449857151
226	226.45391850632336	8.501283296912343
227	226.4531193426885	8.503696541730315
228	226.45232047513693	8.506105189038415
229	226.45152190296434	8.508509243563987
230	226.4507236254664	8.510908710034379
231	226.44992564193876	8.513303593176936
232	226.44912795167713	8.515693897719004
233	226.44833055397712	8.51807962838793
234	226.44753344813444	8.520460789911061
235	226.44673663344471	8.522837387015741
236	226.44594010920363	8.525209424429319
237	226.44514387470687	8.527576906879137
238	226.44434792925009	8.529939839092544
239	226.44355227212893	8.532298225796886
240	226.4427569026391	8.53465207171951
241	226.44196182007624	8.537001381587757
242	226.44116702373606	8.53934616012898
243	226.44037251291414	8.541686412070522
244	226.4395782869062	8.54402214213973
245	226.4387843450079	8.546353355063948
246	226.43799068651492	8.548680055570523
247	226.4371973107229	8.551002248386805
248	226.43640421692754	8.553319938240135
249	226.43561140442446	8.555633129857862
250	226.4348188725094	8.55794182796733
251	226.43402662047797	8.560246037295887
252	226.43323464762582	8.562545762570878
253	226.43244295324865	8.56484100851965
254	226.43165153664214	8.56713177986955
255	226.43086039710192	8.569418081347921
256	226.43006953392367	8.571699917682112
257	226.4292789464031	8.57397729359947
258	226.4284886338358	8.576250213827338
259	226.42769859551746	8.578518683093064
260	226.42690883074377	8.580782706123992
261	226.4261193388104	8.583042287647473
262	226.42533011901298	8.585297432390847
263	226.42454117064722	8.587548145081467
264	226.42375249300875	8.589794430446673
265	226.4229640853933	8.592036293213813
266	226.4221759470964	8.594273738110235
267	226.42138807741387	8.596506769863284
268	226.4206004756413	8.598735393200304
269	226.41981314107434	8.600959612848644
270	226.4190260730087	8.60317943353565
271	226.41823927074003	8.605394859988667
272	226.417452733564	8.607605896935043
273	226.4166664607763	8.609812549102122
274	226.41588045167256	8.612014821217251
275	226.41509470554843	8.614212718007776
276	226.41430922169963	8.616406244201043
277	226.41352399942178	8.618595404524399
278	226.41273903801056	8.620780203705188
279	226.41195433676165	8.622960646470759
280	226.41116989497073	8.625136737548456
281	226.41038571193343	8.627308481665626
282	226.40960178694544	8.629475883549617
283	226.4088181193024	8.63163894792777
284	226.4080347083	8.633797679527436
285	226.40725155323392	8.63595208307596
286	226.40646865339977	8.638102163300688
287	226.40568600809328	8.640247924928966
288	226.40490361661008	8.64238937268814
289	226.4041214782459	8.644526511305555
290	226.4033395922963	8.64665934550856
291	226.40255795805703	8.648787880024498
292	226.40177657482369	8.650912119580717
293	226.400995441892	8.653032068904563
294	226.40021455855762	8.655147732723382
295	226.39943392411618	8.657259115764521
296	226.3986535378634	8.659366222755324
297	226.39787339909495	8.661469058423139
298	226.3970935071064	8.663567627495311
299	226.39631386119353	8.665661934699187
300	226.39553446065193	8.667751984762115
301	226.3947553047773	8.669837782411436
302	226.3939763928653	8.6719193323745
303	226.3931977242116	8.673996639378652
304	226.39241929811192	8.676069708151239
305	226.39164111386182	8.678138543419607
306	226.390863170757	8.680203149911101
307	226.39008546809316	8.682263532353069
308	226.38930800516596	8.684319695472855
309	226.38853078127104	8.686371643997807
310	226.3877537957041	8.68841938265527
311	226.38697704776078	8.69046291617259
312	226.3862005367368	8.692502249277116
313	226.38542426192774	8.69453738669619
314	226.38464822262932	8.69656833315716
315	226.3838724181372	8.698595093387373
316	226.38309684774703	8.700617672114173
317	226.38232151075448	8.702636074064909
318	226.38154640645524	8.704650303966924
319	226.38077153414497	8.706660366547567
320	226.37999689311934	8.708666266534182
321	226.379222482674	8.710668008654116
322	226.3784483021046	8.712665597634716
323	226.37767435070685	8.714659038203328
324	226.37690062777637	8.716648335087296
325	226.37612713260887	8.718633493013968
326	226.3753538645	8.72061451671069
327	226.3745808227454	8.722591410904808
328	226.37380800664081	8.72456418032367
329	226.3730354154818	8.726532829694616
330	226.37226304856412	8.728497363745
331	226.37149090518338	8.730457787202164
332	226.37071898463526	8.732414104793454
333	226.36994728621542	8.734366321246217
334	226.36917580921957	8.7363144412878
335	226.36840455294333	8.738258469645547
336	226.36763351668242	8.740198411046805
337	226.36686269973242	8.742134270218923
338	226.36609210138909	8.744066051889241
339	226.365321720948	8.745993760785112
340	226.3645515577049	8.747917401633877
341	226.3637816109554	8.749836979162886
342	226.36301187999524	8.751752498099481
343	226.36224236412	8.753663963171011
344	226.3614730626254	8.755571379104822
345	226.3607039748071	8.75747475062826
346	226.35993509996075	8.759374082468671
347	226.35916643738202	8.7612693793534
348	226.35839798636655	8.763160646009794
349	226.35762974621008	8.765047887165201
350	226.35686171620821	8.766931107546965
351	226.35609389565667	8.768810311882433
352	226.35532628385104	8.77068550489895
353	226.35455888008707	8.772556691323862
354	226.35379168366035	8.774423875884517
355	226.35302469386662	8.77628706330826
356	226.3522579100015	8.778146258322439
357	226.35149133136065	8.780001465654395
358	226.35072495723978	8.781852690031482
359	226.34995878693454	8.783699936181039
360	226.34919281974058	8.785543208830415
361	226.34842705495356	8.787382512706957
362	226.34766149186916	8.78921785253801
363	226.34689612978306	8.79104923305092
364	226.34613096799092	8.792876658973036
365	226.3453660057884	8.794700135031698
366	226.34460124247116	8.796519665954259
367	226.3438366773349	8.79833525646806
368	226.34307230967522	8.80014691130045
369	226.34230813878784	8.801954635178776
370	226.34154416396842	8.80375843283038
371	226.3407803845126	8.805558308982611
372	226.3400167997161	8.807354268362817
373	226.33925340887453	8.80914631569834
374	226.33849021128358	8.810934455716529
375	226.33772720623895	8.812718693144728
376	226.33696439303625	8.814499032710286
377	226.33620177097117	8.816275479140547
378	226.33543933933936	8.818048037162857
379	226.33467709743653	8.819816711504563
380	226.3339150445583	8.821581506893011
381	226.33315318000032	8.823342428055549
382	226.33239150305835	8.825099479719519
383	226.331630013028	8.826852666612272
384	226.3308687092049	8.828601993461149
385	226.33010759088475	8.8303474649935
386	226.32934665736323	8.83208908593667
387	226.328585907936	8.833826861018006
388	226.32782534189872	8.835560794964852
389	226.32706495854703	8.837290892504555
390	226.32630475717664	8.839017158364461
391	226.32554473708322	8.840739597271918
392	226.3247848975624	8.842458213954272
393	226.32402523790986	8.844173013138867
394	226.32326575742127	8.845883999553049
395	226.3225064553923	8.847591177924167
396	226.32174733111862	8.849294552979565
397	226.32098838389587	8.850994129446589
398	226.32022961301976	8.852689912052586
399	226.31947101778593	8.854381905524901
400	226.31871259749002	8.856070114590883
401	226.31795435142774	8.857754543977876
402	226.31719627889473	8.859435198413225
403	226.31643837918668	8.86111208262428
404	226.31568065159925	8.862785201338381
405	226.3149230954281	8.86445455928288
406	226.3141657099689	8.86612016118512
407	226.31340849451732	8.86778201177245
408	226.312651448369	8.869440115772212
409	226.31189457081962	8.871094477911756
410	226.31113786116487	8.872745102918426
411	226.3103813187004	8.87439199551957
412	226.30962494272185	8.876035160442532
413	226.30886873252496	8.877674602414658
414	226.30811268740533	8.879310326163296
415	226.30735680665865	8.880942336415792
416	226.30660108958057	8.88257063789949
417	226.30584553546677	8.884195235341739
418	226.30509014361292	8.885816133469884
419	226.30433491331465	8.88743333701127
420	226.3035798438677	8.889046850693244
421	226.30282493456767	8.890656679243154
422	226.3020701847103	8.892262827388343
423	226.30131559359117	8.89386529985616
424	226.30056116050596	8.895464101373946
425	226.2998068847504	8.897059236669055
426	226.2990527656201	8.898650710468827
427	226.29829880241073	8.90023852750061
428	226.297544994418	8.901822692491752
429	226.29679134093752	8.903403210169596
430	226.29603784126502	8.90498008526149
431	226.29528449469612	8.90655332249478
432	226.29453130052647	8.90812292659681
433	226.2937782580518	8.909688902294931
434	226.2930253665677	8.911251254316486
435	226.29227262536986	8.91280998738882
436	226.291520033754	8.91436510623928
437	226.29076759101574	8.915916615595215
438	226.29001529645078	8.917464520183968
439	226.28926314935475	8.919008824732884
440	226.2885111490233	8.920549533969314
441	226.28775929475214	8.9220866526206
442	226.28700758583693	8.923620185414089
443	226.2862560215733	8.925150137077129
444	226.28550460125697	8.926676512337064
445	226.2847533241836	8.928199315921239
446	226.28400218964882	8.929718552557004
447	226.2832511969483	8.931234226971704
448	226.2825003453777	8.932746343892683
449	226.28174963423274	8.93425490804729
450	226.28099906280903	8.935759924162866
451	226.2802486304023	8.937261396966765
452	226.27949833630814	8.938759331186327
453	226.2787481798223	8.940253731548902
454	226.27799816024034	8.941744602781831
455	226.27724827685802	8.943231949612466
456	226.27649852897093	8.94471577676815
457	226.27574891587483	8.94619608897623
458	226.2749994368653	8.947672890964052
459	226.27425009123806	8.949146187458961
460	226.27350087828876	8.950615983188303
461	226.27275179731308	8.952082282879427
462	226.27200284760664	8.953545091259679
463	226.27125402846514	8.955004413056402
464	226.27050533918424	8.956460252996944
465	226.26975677905963	8.95791261580865
466	226.26900834738694	8.959361506218869
467	226.26826004346185	8.960806928954945
468	226.26751186658004	8.962248888744224
469	226.26676381603718	8.963687390314051
470	226.26601589112892	8.965122438391775
471	226.26526809115092	8.966554037704741
472	226.26452041539886	8.967982192980296
473	226.26377286316838	8.969406908945784
474	226.2630254337552	8.970828190328552
475	226.26227812645493	8.972246041855946
476	226.2615309405633	8.973660468255314
477	226.26078387537592	8.975071474254001
478	226.26003693018848	8.976479064579351
479	226.2592901042966	8.977883243958715
480	226.25854339699603	8.979284017119433
481	226.25779680758237	8.980681388788856
482	226.25705033535132	8.982075363694328
483	226.25630397959856	8.983465946563197
484	226.2555577396197	8.984853142122807
485	226.25481161471046	8.986236955100505
486	226.2540656041665	8.987617390223637
487	226.25331970728345	8.988994452219549
488	226.252573923357	8.990368145815589
489	226.2518282516828	8.9917384757391
490	226.25108269155658	8.993105446717431
491	226.25033724227393	8.994469063477926
492	226.24959190313055	8.995829330747931
493	226.24884667342212	8.997186253254794
494	226.24810155244427	8.998539835725861
495	226.24735653949267	8.999890082888479
496	226.246611633863	9.00123699946999
497	226.24586683485097	9.002580590197743
498	226.24512214175218	9.003920859799084
499	226.2443775538623	9.00525781300136
500	226.24363307047707	9.006591454531918
501	226.24288869089207	9.0079217891181
502	226.24214441440301	9.009248821487255
503	226.24140024030552	9.010572556366728
504	226.24065616789534	9.011892998483868
505	226.23991219646805	9.013210152566018
506	226.23916832531935	9.014524023340524
507	226.23842455374495	9.015834615534734
508	226.2376808810405	9.017141933875994
509	226.2369373065016	9.01844598309165
510	226.23619382942397	9.019746767909046
511	226.23545044910327	9.021044293055532
512	226.23470716483519	9.022338563258451
513	226.23396397591534	9.023629583245151
514	226.23322088163943	9.024917357742977
515	226.2324778813031	9.026201891479275
516	226.23173497420208	9.027483189181392
517	226.23099215963194	9.028761255576676
518	226.2302494368884	9.030036095392468
519	226.22950680526714	9.031307713356117
520	226.2287642640638	9.03257611419497
521	226.22802181257404	9.033841302636375
522	226.22727945009356	9.035103283407674
523	226.226537175918	9.036362061236215
524	226.22579498934306	9.03761764084934
525	226.22505288966434	9.038870026974404
526	226.22431087617758	9.040119224338747
527	226.22356894817838	9.041365237669716
528	226.22282710496245	9.042608071694657
529	226.22208534582546	9.043847731140918
530	226.22134367006305	9.045084220735843
531	226.2206020769709	9.04631754520678
532	226.2198605658447	9.047547709281073
533	226.21911913598007	9.048774717686069
534	226.21837778667268	9.049998575149115
535	226.21763651721824	9.051219286397556
536	226.21689532691238	9.052436856158739
537	226.21615421505078	9.05365128916001
538	226.21541318092912	9.054862590128714
539	226.21467222384305	9.0560707637922
540	226.21393134308823	9.057275814877812
541	226.21319053796032	9.058477748112896
542	226.212449807755	9.059676568224798
543	226.21170915176796	9.060872279940867
544	226.21096856929483	9.062064887988445
545	226.21022805963128	9.063254397094882
546	226.209487622073	9.06444081198752
547	226.20874725591565	9.065624137393709
548	226.2080069604549	9.066804378040793
549	226.20726673498638	9.067981538656118
550	226.20652657880578	9.069155623967033
551	226.20578649120878	9.07032663870088
552	226.20504647149102	9.071494587585008
553	226.20430651894821	9.07265947534676
554	226.20356663287598	9.073821306713489
555	226.20282681257	9.074980086412534
556	226.20208705732594	9.076135819171244
557	226.20134736643948	9.077288509716965
558	226.20060773920625	9.078438162777044
559	226.19986817492196	9.079584783078824
560	226.19912867288224	9.080728375349654
561	226.1983892323828	9.08186894431688
562	226.19764985271925	9.083006494707849
563	226.19691053318732	9.084141031249905
564	226.19617127308263	9.085272558670395
565	226.19543207170085	9.086401081696664
566	226.19469292833764	9.08752660505606
567	226.19395384228872	9.08864913347593
568	226.1932148128497	9.089768671683617
569	226.19247583931627	9.09088522440647
570	226.19173692098408	9.091998796371831
571	226.19099805714885	9.093109392307053
572	226.19025924710618	9.094217016939476
573	226.18952049015175	9.095321674996448
574	226.18878178558126	9.096423371205317
575	226.18804313269032	9.097522110293426
576	226.18730453077467	9.098617896988124
577	226.1865659791299	9.099710736016755
578	226.18582747705173	9.100800632106667
579	226.18508902383584	9.101887589985205
580	226.18435061877784	9.102971614379715
581	226.18361226117344	9.104052710017545
582	226.18287395031828	9.105130881626039
583	226.18213568550803	9.106206133932544
584	226.18139746603836	9.107278471664404
585	226.18065929120493	9.10834789954897
586	226.17992116030348	9.109414422313584
587	226.17918307262954	9.110478044685594
588	226.1784450274789	9.111538771392347
589	226.17770702414714	9.112596607161185
590	226.17696906192998	9.113651556719457
591	226.17623114012304	9.114703624794512
592	226.17549325802204	9.115752816113691
593	226.17475541492263	9.116799135404342
594	226.17401761012047	9.117842587393813
595	226.1732798429112	9.11888317680945
596	226.17254211259052	9.119920908378596
597	226.1718044184541	9.120955786828599
598	226.17106675979758	9.121987816886804
599	226.17032913591663	9.12301700328056
600	226.16959154610694	9.12404335073721
601	226.16885398966417	9.125066863984104
602	226.16811646588403	9.126087547748584
603	226.16737897406207	9.127105406757998
604	226.16664151349403	9.128120445739693
605	226.16590408347557	9.129132669421015
606	226.16516668330237	9.130142082529307
607	226.16442931227007	9.13114868979192
608	226.16369196967435	9.132152495936195
609	226.16295465481087	9.133153505689483
610	226.16221736697534	9.134151723779127
611	226.16148010546337	9.135147154932474
612	226.1607428695706	9.13613980387687
613	226.1600056585928	9.137129675339663
614	226.15926847182556	9.138116774048196
615	226.15853130856453	9.139101104729818
616	226.15779416810545	9.140082672111873
617	226.15705704974394	9.141061480921708
618	226.1563199527757	9.14203753588667
619	226.15558287649634	9.143010841734105
620	226.15484582020156	9.143981403191358
621	226.154108783187	9.144949224985773
622	226.15337176474839	9.145914311844702
623	226.15263476418133	9.146876668495487
624	226.15189778078152	9.147836299665475
625	226.15116081384465	9.148793210082012
626	226.15042386266634	9.149747404472445
627	226.14968692654224	9.150698887564118
628	226.1489500047681	9.151647664084381
629	226.1482130966395	9.152593738760578
630	226.14747620145212	9.153537116320052
631	226.1467393185017	9.154477801490156
632	226.14600244708382	9.15541579899823
633	226.14526558649422	9.156351113571624
634	226.1445287360285	9.157283749937681
635	226.14379189498234	9.158213712823748
636	226.14305506265143	9.159141006957174
637	226.14231823833146	9.160065637065303
638	226.14158142131802	9.16098760787548
639	226.14084461090684	9.161906924115055
640	226.14010780639356	9.162823590511367
641	226.1393710070739	9.16373761179177
642	226.13863421224343	9.164648992683608
643	226.13789742119786	9.165557737914224
644	226.13716063323287	9.166463852210965
645	226.13642384764412	9.16736734030118
646	226.1356870637273	9.168268206912213
647	226.134950280778	9.16916645677141
648	226.134213498092	9.17006209460612
649	226.1334767149649	9.170955125143685
650	226.13273993069234	9.171845553111453
651	226.13200314457004	9.172733383236771
652	226.13126635589364	9.173618620246986
653	226.1305295639588	9.17450126886944
654	226.1297927680612	9.175381333831481
655	226.1290559674965	9.176258819860458
656	226.12831916156037	9.177133731683714
657	226.12758234954853	9.178006074028596
658	226.12684553075655	9.17887585162245
659	226.12610870448015	9.179743069192625
660	226.12537187001496	9.180607731466463
661	226.12463502665668	9.18146984317131
662	226.12389817370098	9.182329409034516
663	226.12316131044352	9.183186433783424
664	226.12242443617995	9.184040922145382
665	226.121687550206	9.184892878847736
666	226.12095065181722	9.18574230861783
667	226.12021374030937	9.18658921618301
668	226.1194768149781	9.187433606270627
669	226.11873987511905	9.188275483608024
670	226.1180029200279	9.189114852922545
671	226.1172659490003	9.18995171894154
672	226.116528961332	9.19078608639235
673	226.11579195631856	9.19161796000233
674	226.11505493325566	9.192447344498817
675	226.11431789143901	9.193274244609162
676	226.1135808301643	9.194098665060709
677	226.1128437487271	9.194920610580805
678	226.11210664642317	9.195740085896798
679	226.11136952254813	9.196557095736033
680	226.1106323763977	9.197371644825854
681	226.10989520726744	9.198183737893608
682	226.1091580144531	9.198993379666645
683	226.10842079725032	9.199800574872306
684	226.10768355495478	9.20060532823794
685	226.10694628686213	9.20140764449089
686	226.10620899226805	9.202207528358507
687	226.1054716704682	9.203004984568134
688	226.1047343207583	9.203800017847119
689	226.10399694243392	9.204592632922806
690	226.10325953479077	9.205382834522542
691	226.1025220971245	9.206170627373673
692	226.10178462873083	9.206956016203545
693	226.10104712890538	9.207739005739507
694	226.10030959694382	9.2085196007089
695	226.09957203214182	9.209297805839075
696	226.09883443379508	9.210073625857374
697	226.0980968011992	9.210847065491148
698	226.09735913364992	9.21161812946774
699	226.09662143044284	9.212386822514494
700	226.09588369087365	9.21315314935876
701	226.09514591423803	9.213917114727883
702	226.09440809983167	9.21467872334921
703	226.09367024695018	9.215437979950083
704	226.09293235488929	9.216194889257853
705	226.09219442294457	9.216949455999865
706	226.09145645041178	9.217701684903464
707	226.09071843658654	9.218451580695998
708	226.08998038076453	9.21919914810481
709	226.0892422822414	9.219944391857249
710	226.08850414031286	9.22068731668066
711	226.08776595427454	9.22142792730239
712	226.08702772342212	9.222166228449783
713	226.08628944705126	9.22290222485019
714	226.08555112445762	9.223635921230949
715	226.08481275493688	9.224367322319415
716	226.08407433778467	9.225096432842928
717	226.08333587229671	9.225823257528837
718	226.08259735776863	9.226547801104486
719	226.08185879349617	9.227270068297225
720	226.08112017877488	9.227990063834396
721	226.0803815129005	9.228707792443346
722	226.07964279516867	9.229423258851424
723	226.07890402487507	9.230136467785973
724	226.07816520131536	9.23084742397434
725	226.0774263237852	9.231556132143874
726	226.07668739158026	9.232262597021917
727	226.07594840399628	9.232966823335817
728	226.07520936032878	9.23366881581292
729	226.07447025987355	9.23436857918057
730	226.07373110192617	9.235066118166117
731	226.0729918857824	9.235761437496906
732	226.0722526107378	9.236454541900281
733	226.07151327608813	9.23714543610359
734	226.07077388112899	9.23783412483418
735	226.0700344251561	9.238520612819396
736	226.0692949074651	9.239204904786584
737	226.06855532735165	9.239887005463089
738	226.0678156841114	9.24056691957626
739	226.06707597704005	9.24124465185344
740	226.06633620543326	9.241920207021979
741	226.0655963685867	9.242593589809218
742	226.06485646579603	9.243264804942507
743	226.06411649635695	9.243933857149193
744	226.06337645956503	9.244600751156618
745	226.06263635471603	9.245265491692132
746	226.06189618110557	9.24592808348308
747	226.06115593802934	9.246588531256807
748	226.060415624783	9.24724683974066
749	226.05967524066222	9.247903013661984
750	226.05893478496264	9.248557057748128
751	226.05819425698	9.249208976726436
752	226.05745365600987	9.249858775324254
753	226.05671298134794	9.25050645826893
754	226.05597223228995	9.251152030287809
755	226.05523140813148	9.251795496108235
756	226.05449050816821	9.252436860457557
757	226.05374953169587	9.253076128063121
758	226.05300847801007	9.253713303652273
759	226.0522673464065	9.254348391952357
760	226.0515261361808	9.25498139769072
761	226.05078484662866	9.255612325594711
762	226.05004347704573	9.256241180391674
763	226.0493020267277	9.256867966808954
764	226.04856049497022	9.257492689573901
765	226.04781888106893	9.258115353413856
766	226.0470771843196	9.258735963056168
767	226.04633540401775	9.259354523228184
768	226.04559353945913	9.259971038657248
769	226.0448515899394	9.260585514070707
770	226.04410955475421	9.261197954195909
771	226.04336743319925	9.261808363760197
772	226.04262522457017	9.262416747490919
773	226.04188292816266	9.263023110115421
774	226.04114054327238	9.263627456361048
775	226.04039806919496	9.264229790955149
776	226.03965550522608	9.264830118625065
777	226.0389128506614	9.265428444098148
778	226.03817010479665	9.26602477210174
779	226.0374272669274	9.26661910736319
780	226.0366843363494	9.267211454609843
781	226.03594131235826	9.267801818569044
782	226.03519819424972	9.26839020396814
783	226.03445498131936	9.268976615534477
784	226.0337116728629	9.269561057995404
785	226.03296826817595	9.270143536078262
786	226.03222476655424	9.270724054510401
787	226.0314811672934	9.271302618019165
788	226.03073746968911	9.271879231331901
789	226.02999367303704	9.272453899175956
790	226.02924977663287	9.273026626278675
791	226.02850577977222	9.273597417367405
792	226.0277616817508	9.27416627716949
793	226.02701748186425	9.274733210412279
794	226.02627317940824	9.275298221823117
795	226.02552877367845	9.275861316129351
796	226.02478426397053	9.276422498058325
797	226.02403964958017	9.276981772337386
798	226.02329492980306	9.277539143693883
799	226.02255010393478	9.278094616855157
800	226.02180517127107	9.278648196548557
801	226.02106013110756	9.27919988750143
802	226.0203149827399	9.279749694441122
803	226.01956972546384	9.280297622094977
804	226.01882435857496	9.280843675190344
805	226.01807888136895	9.281387858454567
806	226.01733329314152	9.28193017661499
807	226.0165875931883	9.282470634398965
808	226.01584178080492	9.283009236533834
809	226.01509585528711	9.283545987746946
810	226.0143498159305	9.284080892765644
811	226.01360366203076	9.284613956317274
812	226.01285739288357	9.285145183129186
813	226.01211100778463	9.285674577928724
814	226.01136450602954	9.286202145443232
815	226.01061788691396	9.28672789040006
816	226.00987114973364	9.28725181752655
817	226.00912429378417	9.287773931550053
818	226.00837731836123	9.288294237197912
819	226.00763022276053	9.288812739197473
820	226.00688300627766	9.289329442276083
821	226.0061356682084	9.289844351161088
822	226.0053882078483	9.290357470579835
823	226.0046406244931	9.29086880525967
824	226.0038929174384	9.291378359927936
825	226.00314508597995	9.291886139311984
826	226.00239712941337	9.292392148139157
827	226.0016490470343	9.292896391136802
828	226.00090083813848	9.293398873032265
829	226.00015250202154	9.29389959855289
830	225.9994040379791	9.29439857242603
831	225.9986554453069	9.294895799379024
832	225.99790672330056	9.295391284139221
833	225.99715787125575	9.295885031433967
834	225.99640888846815	9.296377045990607
835	225.99565977423342	9.29686733253649
836	225.99491052784722	9.29735589579896
837	225.9941611486053	9.297842740505363
838	225.99341163580317	9.298327871383046
839	225.99266198873661	9.298811293159353
840	225.99191220670124	9.299293010561634
841	225.99116228899277	9.299773028317233
842	225.9904122349068	9.300251351153495
843	225.98966204373906	9.300727983797769
844	225.9889117147852	9.301202930977398
845	225.98816124734088	9.30167619741973
846	225.98741064070174	9.302147787852112
847	225.9866598941635	9.30261770700189
848	225.98590900702177	9.303085959596405
849	225.98515797857226	9.303552550363012
850	225.9844068081106	9.30401748402905
851	225.9836554949325	9.304480765321868
852	225.9829040383336	9.304942398968812
853	225.98215243760959	9.305402389697226
854	225.9814006920561	9.305860742234461
855	225.9806488009688	9.30631746130786
856	225.97989676364335	9.306772551644768
857	225.9791445793755	9.307226017972532
858	225.9783922474608	9.3076778650185
859	225.97763976719497	9.308128097510016
860	225.97688713787372	9.308576720174427
861	225.97613435879262	9.30902373773908
862	225.97538142924742	9.30946915493132
863	225.97462834853374	9.309912976478493
864	225.97387511594727	9.310355207107946
865	225.97312173078365	9.310795851547024
866	225.9723681923386	9.311234914523075
867	225.9716144999077	9.311672400763443
868	225.97086065278674	9.312108314995477
869	225.97010665027128	9.31254266194652
870	225.969352491657	9.31297544634392
871	225.9685981762396	9.313406672915022
872	225.9678437033147	9.313836346387172
873	225.96708907217806	9.314264471487718
874	225.96633428212525	9.314691052944006
875	225.965579332452	9.315116095483381
876	225.96482422245396	9.315539603833187
877	225.96406895142673	9.315961582720776
878	225.96331351866607	9.316382036873488
879	225.96255792346759	9.316800971018674
880	225.96180216512698	9.317218389883678
881	225.96104624293991	9.317634298195845
882	225.96029015620203	9.318048700682523
883	225.95953390420902	9.318461602071057
884	225.95877748625657	9.318873007088794
885	225.95802090164028	9.319282920463078
886	225.95726414965588	9.319691346921259
887	225.956507229599	9.320098291190682
888	225.9557501407653	9.32050375799869
889	225.95499288245045	9.320907752072632
890	225.95423545395016	9.321310278139855
891	225.95347785456008	9.3217113409277
892	225.95272008357585	9.322110945163521
893	225.95196214029318	9.32250909557466
894	225.95120402400767	9.32290579688846
895	225.950445734015	9.323301053832271
896	225.9496872696109	9.32369487113344
897	225.94892863009096	9.324087253519311
898	225.9481698147509	9.32447820571723
899	225.94741082288638	9.324867732454546
900	225.94665165379308	9.3252558384586
901	225.9458923067666	9.325642528456743
902	225.94513278110267	9.32602780717632
903	225.94437307609692	9.326411679344677
904	225.94361319104502	9.326794149689157
905	225.94285312524266	9.327175222937111
906	225.94209287798552	9.327554903815884
907	225.94133244856923	9.327933197052818
908	225.94057183628945	9.328310107375263
909	225.93981104044187	9.328685639510566
910	225.93905006032213	9.329059798186071
911	225.93828889522595	9.329432588129125
912	225.93752754444895	9.329804014067072
913	225.9367660072868	9.33017408072726
914	225.93600428303517	9.330542792837038
915	225.93524237098978	9.33091015512375
916	225.93448027044622	9.33127617231474
917	225.93371798070018	9.331640849137353
918	225.93295550104733	9.33200419031894
919	225.93219283078335	9.332366200586845
920	225.9314299692039	9.332726884668414
921	225.9306669156046	9.333086247290995
922	225.9299036692812	9.333444293181929
923	225.92914022952934	9.333801027068567
924	225.92837659564464	9.334156453678254
925	225.9276127669228	9.334510577738337
926	225.9268487426595	9.33486340397616
927	225.92608452215038	9.33521493711907
928	225.9253201046911	9.335565181894413
929	225.92455548957736	9.335914143029537
930	225.9237906761048	9.336261825251785
931	225.92302566356912	9.336608233288505
932	225.92226045126597	9.336953371867043
933	225.92149503849097	9.337297245714746
934	225.92072942453984	9.337639859558958
935	225.91996360870823	9.337981218127029
936	225.91919759029182	9.3383213261463
937	225.91843136858625	9.33866018834412
938	225.91766494288723	9.338997809447836
939	225.91689831249042	9.33933419418479
940	225.91613147669142	9.339669347282335
941	225.91536443478594	9.34000327346781
942	225.91459718606964	9.340335977468566
943	225.91382972983823	9.340667464011949
944	225.91306206538732	9.340997737825301
945	225.9122941920126	9.341326803635972
946	225.91152610900974	9.341654666171308
947	225.9107578156744	9.341981330158653
948	225.90998931130224	9.342306800325355
949	225.90922059518894	9.34263108139876
950	225.90845166663016	9.342954178106213
951	225.90768252492157	9.34327609517506
952	225.9069131693588	9.343596837332651
953	225.9061435992376	9.343916409306326
954	225.90537381385357	9.344234815823434
955	225.9046038125024	9.344552061611324
956	225.90383359447972	9.344868151397339
957	225.90306315908123	9.345183089908824
958	225.9022925056026	9.345496881873128
959	225.90152163333948	9.345809532017595
960	225.90075054158757	9.346121045069575
961	225.89997922964247	9.346431425756409
962	225.89920769679995	9.346740678805446
963	225.89843594235558	9.347048808944033
964	225.89766396560506	9.347355820899512
965	225.89689176584403	9.347661719399234
966	225.89611934236822	9.347966509170542
967	225.89534669447326	9.348270194940785
968	225.8945738214548	9.348572781437305
969	225.89380072260852	9.348874273387452
970	225.89302739723013	9.34917467551857
971	225.89225384461523	9.349473992558007
972	225.8914800640595	9.349772229233107
973	225.89070605485864	9.350069390271218
974	225.88993181630826	9.350365480399685
975	225.8891573477041	9.350660504345853
976	225.88838264834177	9.350954466837072
977	225.88760771751697	9.351247372600685
978	225.88683255452537	9.351539226364038
979	225.8860571586626	9.35183003285448
980	225.88528152922433	9.352119796799354
981	225.88450566550625	9.352408522926007
982	225.883729566804	9.352696215961785
983	225.88295323241329	9.352982880634036
984	225.88217666162976	9.353268521670104
985	225.88139985374906	9.353553143797336
986	225.8806228080669	9.35383675174308
987	225.8798455238789	9.354119350234678
988	225.87906800048074	9.35440094399948
989	225.8782902371681	9.35468153776483
990	225.87751223323664	9.354961136258073
991	225.87673398798205	9.355239744206559
992	225.87595550069994	9.355517366337631
993	225.875176770686	9.355794007378638
994	225.87439779723596	9.356069672056922
995	225.8736185796454	9.356344365099833
996	225.87283911721002	9.356618091234715
997	225.8720594092255	9.356890855188915
998	225.87127945498747	9.35716266168978
999	225.87049925379162	9.357433515464654
1000	225.8697188049336	9.357703421240885
1001	225.86893810770914	9.357972383745818
1002	225.86815716141382	9.358240407706798
1003	225.86737596534337	9.358507497851175
1004	225.8665945187934	9.358773658906292
1005	225.86581282105962	9.359038895599495
1006	225.86503087143768	9.359303212658133
1007	225.86424866922326	9.35956661480955
1008	225.863466213712	9.359829106781092
1009	225.86268350419962	9.360090693300107
1010	225.86190053998172	9.360351379093938
1011	225.861117320354	9.360611168889934
1012	225.86033384461211	9.360870067415439
1013	225.85955011205175	9.361128079397801
1014	225.85876612196856	9.361385209564364
1015	225.8579818736582	9.361641462642478
1016	225.85719736641636	9.361896843359485
1017	225.85641259953871	9.362151356442734
1018	225.85562757232088	9.362405006619568
1019	225.85484228405858	9.362657798617336
1020	225.85405673404742	9.362909737163385
1021	225.85327092158312	9.363160826985059
1022	225.85248484596133	9.363411072809704
1023	225.8516985064777	9.363660479364667
1024	225.85091190242792	9.363909051377291
1025	225.85012503310767	9.36415679357493
1026	225.84933789781257	9.364403710684922
1027	225.8485504958383	9.364649807434617
1028	225.84776282648056	9.36489508855136
1029	225.84697488903498	9.365139558762499
1030	225.84618668279722	9.365383222795378
1031	225.845398207063	9.365626085377345
1032	225.84460946112793	9.365868151235745
1033	225.84382044428773	9.366109425097923
1034	225.84303115583802	9.366349911691227
1035	225.84224159507448	9.366589615743003
1036	225.84145176129277	9.366828541980597
1037	225.84066165378857	9.367066695131355
1038	225.83987127185753	9.367304079922622
1039	225.83908061479534	9.367540701081746
1040	225.83828968189766	9.367776563336072
1041	225.83749847246017	9.368011671412946
1042	225.83670698577848	9.368246030039714
1043	225.8359152211483	9.368479643943724
1044	225.8351231778653	9.368712517852321
1045	225.83433085522512	9.368944656492852
1046	225.83353825252345	9.369176064592661
1047	225.83274536905597	9.369406746879095
1048	225.83195220411835	9.369636708079502
1049	225.8311587570062	9.369865952921227
1050	225.8303650270152	9.370094486131615
1051	225.82957101344104	9.370322312438013
1052	225.8287767155794	9.370549436567766
1053	225.82798213272594	9.370775863248223
1054	225.82718726417627	9.371001597206728
1055	225.82639210922613	9.371226643170628
1056	225.8255966671712	9.371451005867266
1057	225.82480093730706	9.371674690023994
1058	225.8240049189294	9.371897700368155
1059	225.82320861133394	9.372120041627095
1060	225.82241201381632	9.372341718528158
1061	225.82161512567217	9.372562735798695
1062	225.82081794619722	9.37278309816605
1063	225.82002047468708	9.373002810357567
1064	225.8192227104375	9.373221877100596
1065	225.818424652744	9.37344030312248
1066	225.8176263009024	9.373658093150567
1067	225.81682765420825	9.373875251912201
1068	225.81602871195727	9.37409178413473
1069	225.81522947344516	9.374307694545502
1070	225.8144299379675	9.374522987871858
1071	225.81363010482005	9.37473766884115
1072	225.81282997329845	9.374951742180718
1073	225.8120295426983	9.375165212617913
1074	225.81122881231533	9.37537808488008
1075	225.81042778144518	9.375590363694563
1076	225.80962644938356	9.37580205378871
1077	225.80882481542608	9.376013159889869
1078	225.80802287886843	9.376223686725384
1079	225.8072206390063	9.376433639022599
1080	225.8064180951353	9.376643021508864
1081	225.80561524655118	9.376851838911524
1082	225.80481209254953	9.377060095957923
1083	225.80400863242602	9.37726779737541
1084	225.80320486547637	9.37747494789133
1085	225.80240079099622	9.377681552233028
1086	225.8015964082812	9.377887615127854
1087	225.80079171662703	9.37809314130315
1088	225.7999867153294	9.378298135486263
1089	225.79918140368386	9.37850260240454
1090	225.7983757809862	9.378706546785327
1091	225.79756984653199	9.378909973355972
1092	225.79676359961698	9.379112886843817
1093	225.79595703953677	9.379315291976212
1094	225.79515016558707	9.379517193480499
1095	225.79434297706356	9.379718596084029
1096	225.79353547326184	9.379919504514145
1097	225.79272765347764	9.380119923498196
1098	225.7919195170066	9.380319857763523
1099	225.79111106314434	9.380519312037476
1100	225.7903022911866	9.380718291047401
1101	225.78949320042904	9.380916799520646
1102	225.78868379016728	9.381114842184552
1103	225.78787405969706	9.381312423766468
1104	225.787064008314	9.38150954899374
1105	225.7862536353137	9.381706222593715
1106	225.78544293999195	9.38190244929374
1107	225.78463192164432	9.382098233821157
1108	225.78382057956654	9.382293580903315
1109	225.78300891305423	9.38248849526756
1110	225.7821969214031	9.382682981641238
1111	225.78138460390883	9.382877044751696
1112	225.78057195986702	9.383070689326278
1113	225.77975898857335	9.383263920092332
1114	225.7789456893235	9.383456741777206
1115	225.77813206141317	9.383649159108241
1116	225.77731810413798	9.383841176812785
1117	225.77650381679362	9.384032799618186
1118	225.77568919867576	9.38422403225179
1119	225.77487424908009	9.384414879440943
1120	225.77405896730218	9.38460534591299
1121	225.7732433526378	9.384795436395276
1122	225.77242740438254	9.384985155615151
1123	225.77161112183214	9.385174508299958
1124	225.7707945042822	9.385363499177044
1125	225.76997755102843	9.385552132973755
1126	225.7691602613665	9.385740414417437
1127	225.76834263459207	9.385928348235439
1128	225.76752467000077	9.386115939155102
1129	225.7667063668883	9.386303191903776
1130	225.76588772455028	9.386490111208806
1131	225.76506874228247	9.386676701797539
1132	225.76424941938043	9.386862968397319
1133	225.76342975513992	9.387048915735495
1134	225.76260974885656	9.38723454853941
1135	225.76178939982603	9.387419871536412
1136	225.76096870734398	9.387604889453847
1137	225.76014767070606	9.387789607019062
1138	225.759326289208	9.387974028959402
1139	225.7585045621454	9.388158160002213
1140	225.75768248881394	9.388342004874842
1141	225.75686006850933	9.388525568304633
1142	225.7560373005272	9.388708855018937
1143	225.75521418416324	9.388891869745095
1144	225.75439071871307	9.389074617210454
1145	225.75356690347238	9.389257102142363
1146	225.75274273773687	9.389439329268168
1147	225.75191822080217	9.389621303315211
1148	225.75109335196393	9.389803029010842
1149	225.75026813051787	9.389984511082405
1150	225.74944255575966	9.390165754257247
1151	225.7486166269849	9.390346763262714
1152	225.74779034348927	9.390527542826154
1153	225.7469637045685	9.39070809767491
1154	225.74613670951817	9.39088843253633
1155	225.74530935763403	9.391068552137762
1156	225.7444816482117	9.391248461206548
1157	225.74365358054683	9.391428164470037
1158	225.74282515393517	9.391607666655572
1159	225.74199636767227	9.391786972490504
1160	225.74116722105387	9.391966086702176
1161	225.74033771337562	9.392145014017935
1162	225.73950784393318	9.392323759165125
1163	225.73867761202223	9.392502326871094
1164	225.73784701693845	9.39268072186319
1165	225.73701605797746	9.392858948868758
1166	225.73618473443497	9.393037012615142
1167	225.73535304560662	9.39321491782969
1168	225.73452099078807	9.393392669239748
1169	225.73368856927502	9.393570271572662
1170	225.7328557803631	9.393747729555777
1171	225.73202262334803	9.393925047916442
1172	225.73118909752543	9.394102231382
1173	225.73035520219096	9.394279284679799
1174	225.72952093664034	9.394456212537186
1175	225.72868630016916	9.394633019681505
1176	225.72785129207315	9.394809710840102
1177	225.72701591164795	9.394986290740325
1178	225.72618015818924	9.39516276410952
1179	225.72534403099266	9.39533913567503
1180	225.7245075293539	9.395515410164206
1181	225.72367065256861	9.395691592304392
1182	225.7228333999325	9.395867686822932
1183	225.7219957707412	9.396043698447176
1184	225.72115776429033	9.396219631904467
1185	225.72031937987563	9.396395491922153
1186	225.71948061679277	9.396571283227578
1187	225.71864147433735	9.396747010548092
1188	225.7178019518051	9.396922678611038
1189	225.71696204849167	9.397098292143763
1190	225.7161217636927	9.397273855873612
1191	225.71528109670388	9.397449374527934
1192	225.71444004682087	9.397624852834072
1193	225.71359861333934	9.397800295519374
1194	225.71275679555495	9.397975707311188
1195	225.71191459276335	9.398151092936855
1196	225.71107200426027	9.398326457123726
1197	225.71022902934132	9.398501804599144
1198	225.7093856673022	9.398677140090456
1199	225.7085419174385	9.39885246832501
1200	225.707697779046	9.39902779403015
1201	225.70685325142028	9.399203121933223
1202	225.70600833385703	9.399378456761575
1203	225.70516302565193	9.39955380324255
1204	225.70431732610066	9.399729166103498
1205	225.70347123449886	9.399904550071764
1206	225.7026247501422	9.400079959874693
1207	225.70177787232635	9.400255400239633
1208	225.70093060034696	9.400430875893928
1209	225.70008293349971	9.400606391564924
1210	225.69923487108028	9.400781951979969
1211	225.69838641238434	9.400957561866408
1212	225.69753755670752	9.401133225951588
1213	225.69668830334552	9.401308948962855
1214	225.695838651594	9.401484735627553
1215	225.69498860074862	9.401660590673032
1216	225.694138150105	9.401836518826636
1217	225.6932872989589	9.40201252481571
1218	225.69243604660593	9.402188613367601
1219	225.69158439234178	9.402364789209656
1220	225.6907323354621	9.402541057069222
1221	225.68987987526256	9.402717421673644
1222	225.6890270110388	9.402893887750267
1223	225.68817374208655	9.403070460026438
1224	225.68732006770142	9.403247143229503
1225	225.68646598717908	9.40342394208681
1226	225.68561149981522	9.403600861325703
1227	225.68475660490552	9.403777905673529
1228	225.6839013017456	9.403955079857631
1229	225.68304558963118	9.404132388605362
1230	225.68218946785788	9.404309836644062
1231	225.6813329357214	9.404487428701081
1232	225.68047599251736	9.404665169503762
1233	225.6796186375415	9.404843063779452
1234	225.6787608700894	9.4050211162555
1235	225.6779026894568	9.405199331659249
1236	225.67704409493936	9.405377714718046
1237	225.67618508583269	9.405556270159238
1238	225.67532566143248	9.40573500271017
1239	225.6744658210344	9.40591391709819
1240	225.67360556393416	9.40609301805064
1241	225.67274488942738	9.40627231029487
1242	225.6718837968097	9.406451798558226
1243	225.67102228537686	9.406631487568053
1244	225.67016035442452	9.406811382051696
1245	225.66929800324826	9.406991486736503
1246	225.66843523114383	9.40717180634982
1247	225.66757203740684	9.407352345618992
1248	225.666708421333	9.407533109271368
1249	225.66584438221798	9.40771410203429
1250	225.6649799193574	9.407895328635108
1251	225.66411503204696	9.408076793801166
1252	225.66324971958235	9.40825850225981
1253	225.6623839812592	9.408440458738387
1254	225.66151781637316	9.408622667964243
1255	225.66065122421995	9.408805134664723
1256	225.65978420409516	9.408987863567175
1257	225.65891675529454	9.409170859398944
1258	225.6580488771137	9.409354126887377
1259	225.65718056884836	9.409537670759821
1260	225.65631182979416	9.409721495743618
1261	225.65544265924672	9.409905606566118
1262	225.65457305650176	9.410090007954668
1263	225.65370302085492	9.41027470463661
1264	225.6528325516019	9.410459701339294
1265	225.65196164803834	9.410645002790062
1266	225.6510903094599	9.410830613716264
1267	225.65021853516225	9.411016538845246
1268	225.64934632444113	9.411202782904352
1269	225.64847367659206	9.41138935062093
1270	225.64760059091083	9.411576246722323
1271	225.64672706669305	9.411763475935881
1272	225.6458531032344	9.41195104298895
1273	225.64497869983057	9.412138952608872
1274	225.6441038557772	9.412327209522998
1275	225.64322857036993	9.41251581845867
1276	225.6423528429045	9.412704784143239
1277	225.6414766726765	9.412894111304047
1278	225.64060005898165	9.41308380466844
1279	225.63972300111558	9.413273868963769
1280	225.63884549837397	9.413464308917375
1281	225.6379675500525	9.413655129256606
1282	225.63708915544683	9.413846334708808
1283	225.63621031385264	9.414037930001326
1284	225.63533102456555	9.414229919861508
1285	225.63445128688127	9.414422309016702
1286	225.63357110009545	9.41461510219425
1287	225.63269046350374	9.4148083041215
1288	225.63180937640183	9.415001919525798
1289	225.6309278380854	9.415195953134491
1290	225.63004584785008	9.415390409674924
1291	225.62916340499157	9.415585293874443
1292	225.62828050880552	9.415780610460393
1293	225.6273971585876	9.415976364160125
1294	225.62651335363347	9.41617255970098
1295	225.62562909323879	9.416369201810308
1296	225.62474437669923	9.416566295215452
1297	225.62385920331047	9.416763844643759
1298	225.62297357236818	9.416961854822576
1299	225.62208748316803	9.417160330479248
1300	225.62120093500565	9.417359276341124
1301	225.62031392717674	9.417558697135545
1302	225.61942645897693	9.417758597589861
1303	225.61853852970194	9.417958982431418
1304	225.6176501386474	9.418159856387563
1305	225.616761285109	9.418361224185638
1306	225.61587196838235	9.418563090552993
1307	225.61498218776322	9.418765460216973
1308	225.6140919425472	9.418968337904925
1309	225.61320123202992	9.419171728344192
1310	225.61231005550715	9.419375636262124
1311	225.61141841227447	9.419580066386064
1312	225.6105263016276	9.419785023443362
1313	225.60963372286218	9.41999051216136
1314	225.60874067527388	9.420196537267408
1315	225.60784715815842	9.420403103488848
1316	225.60695317081135	9.42061021555303
1317	225.60605871252844	9.420817878187297
1318	225.6051637826053	9.421026096118997
1319	225.60426838033763	9.421234874075475
1320	225.60337250502107	9.42144421678408
1321	225.6024761559513	9.421654128972154
1322	225.601579332424	9.421864615367047
1323	225.60068203373484	9.422075680696103
1324	225.59978425917944	9.422287329686668
1325	225.59888600805348	9.422499567066088
1326	225.59798727965267	9.42271239756171
1327	225.59708807327263	9.422925825900881
1328	225.59618838820904	9.423139856810945
1329	225.5952882237576	9.42335449501925
1330	225.59438757921396	9.423569745253142
1331	225.59348645387374	9.423785612239966
1332	225.59258484703264	9.42400210070707
1333	225.59168275798632	9.424219215381797
1334	225.59078018603049	9.424436960991493
1335	225.58987713046074	9.42465534226351
1336	225.5889735905728	9.424874363925188
1337	225.5880695656623	9.425094030703878
1338	225.58716505502494	9.425314347326923
1339	225.58626005795637	9.425535318521668
1340	225.58535457375223	9.425756949015462
1341	225.5844486017082	9.42597924353565
1342	225.58354214111998	9.426202206809577
1343	225.5826351912832	9.426425843564592
1344	225.58172775149353	9.42665015852804
1345	225.58081982104667	9.426875156427267
1346	225.57991139923828	9.427100841989617
1347	225.57900248536396	9.42732721994244
1348	225.57809307871943	9.427554295013078
1349	225.57718317860036	9.42778207192888
1350	225.57627278430243	9.428010555417192
1351	225.57536189512126	9.42823975020536
1352	225.57445051035253	9.42846966102073
1353	225.57353862929193	9.428700292590646
1354	225.57262625123516	9.428931649642458
1355	225.5717133754778	9.429163736903508
1356	225.57080000131555	9.429396559101146
1357	225.56988612804406	9.429630120962717
1358	225.56897175495905	9.429864427215566
1359	225.56805688135614	9.430099482587039
1360	225.56714150653104	9.430335291804484
1361	225.56622562977935	9.430571859595247
1362	225.56530925039684	9.430809190686672
1363	225.56439236767906	9.431047289806106
1364	225.56347498092174	9.431286161680896
1365	225.56255708942052	9.431525811038389
1366	225.56163869247112	9.431766242605928
1367	225.56071978936913	9.432007461110862
1368	225.55980037941026	9.432249471280537
1369	225.55888046189017	9.432492277842298
1370	225.55796003610456	9.43273588552349
1371	225.55703910134906	9.432980299051462
1372	225.5561176569193	9.433225523153558
1373	225.555195702111	9.433471562557127
1374	225.55427323621984	9.43371842198951
1375	225.55335025854143	9.43396610617806
1376	225.55242676837148	9.434214619850117
1377	225.55150276500567	9.434463967733029
1378	225.5505782477396	9.434714154554143
1379	225.549653215869	9.434965185040808
1380	225.54872766868948	9.435217063920364
1381	225.54780160549677	9.43546979592016
1382	225.54687502558647	9.435723385767544
1383	225.54594792825432	9.43597783818986
1384	225.54502031279594	9.436233157914454
1385	225.54409217850701	9.436489349668673
1386	225.54316352468317	9.436746418179862
1387	225.54223435062013	9.43700436817537
1388	225.54130465561352	9.437263204382539
1389	225.54037443895902	9.437522931528719
1390	225.5394436999523	9.437783554341255
1391	225.538512437889	9.438045077547491
1392	225.53758065206486	9.438307505874777
1393	225.53664834177548	9.438570844050455
1394	225.53571550631654	9.438835096801874
1395	225.5347821449837	9.439100268856379
1396	225.53384825707263	9.439366364941318
1397	225.532913841879	9.439633389784033
1398	225.5319788986985	9.439901348111874
1399	225.53104342682678	9.440170244652187
1400	225.5301074255595	9.440440084132316
1401	225.52917089419233	9.440710871279608
1402	225.52823383202093	9.44098261082141
1403	225.52729623834097	9.441255307485067
1404	225.5263581124481	9.441528965997925
1405	225.52541945363802	9.441803591087332
1406	225.52448026120638	9.442079187480633
1407	225.52354053444884	9.442355759905174
1408	225.5226002726611	9.442633313088301
1409	225.5216594751388	9.44291185175736
1410	225.52071814117758	9.4431913806397
1411	225.51977627007315	9.443471904462662
1412	225.51883386112115	9.443753427953595
1413	225.51789091361726	9.444035955839846
1414	225.51694742685714	9.44431949284876
1415	225.51600340013647	9.444604043707685
1416	225.5150588327509	9.444889613143964
1417	225.51411372399613	9.445176205884943
1418	225.51316807316778	9.44546382665797
1419	225.5122218795615	9.445752480190393
1420	225.51127514247304	9.446042171209555
1421	225.510327861198	9.446332904442805
1422	225.50938003503205	9.446624684617486
1423	225.5084316632709	9.446917516460946
1424	225.50748274521018	9.44721140470053
1425	225.50653328014556	9.447506354063586
1426	225.5055832673727	9.447802369277458
1427	225.5046327061873	9.448099455069492
1428	225.50368159588498	9.448397616167037
1429	225.50272993576147	9.448696857297438
1430	225.50177772511236	9.44899718318804
1431	225.50082496323336	9.44929859856619
1432	225.49987164942016	9.449601108159232
1433	225.49891778296836	9.449904716694517
1434	225.49796336317368	9.450209428899386
1435	225.49700838933177	9.450515249501189
1436	225.49605286073827	9.450822183227269
1437	225.4950967766889	9.451130234804975
1438	225.49414013647927	9.451439408961651
1439	225.4931829394051	9.451749710424645
1440	225.49222518476208	9.452061143921302
1441	225.49126687184577	9.452373714178966
1442	225.49030799995188	9.452687425924989
1443	225.48934856837613	9.453002283886711
1444	225.48838857641414	9.453318292791483
1445	225.48742802336156	9.453635457366646
1446	225.4864669085141	9.45395378233955
1447	225.4855052311674	9.454273272437542
1448	225.48454299061717	9.454593932387965
1449	225.483580186159	9.454915766918168
1450	225.4826168170886	9.455238780755492
1451	225.48165288270164	9.45556297862729
1452	225.48068838229378	9.455888365260904
1453	225.4797233151607	9.456214945383682
1454	225.47875768059802	9.456542723722968
1455	225.47779147790146	9.45687170500611
1456	225.4768247063667	9.457201893960454
1457	225.47585736528933	9.457533295313345
1458	225.47488945396506	9.45786591379213
1459	225.47392097168955	9.458199754124156
1460	225.4729519177585	9.458534821036768
1461	225.47198229146753	9.45887111925731
1462	225.47101209211232	9.459208653513134
1463	225.47004131898854	9.45954742853158
1464	225.4690699713919	9.459887449039996
1465	225.468098048618	9.460228719765732
1466	225.4671255499625	9.46057124543613
1467	225.46615247472113	9.460915030778537
1468	225.4651788221895	9.461260080520299
1469	225.46420459166333	9.461606399388762
1470	225.46322978243822	9.461953992111276
1471	225.46225439380993	9.46230286341518
1472	225.46127842507403	9.462653018027826
1473	225.46030187552623	9.463004460676558
1474	225.45932474446218	9.46335719608872
1475	225.45834703117757	9.463711228991665
1476	225.45736873496807	9.46406656411273
1477	225.45638985512932	9.46442320617927
1478	225.45541039095698	9.464781159918623
1479	225.4544303417468	9.465140430058142
1480	225.45344970679432	9.465501021325169
1481	225.4524684853953	9.465862938447051
1482	225.45148667684535	9.466226186151136
1483	225.45050428044016	9.466590769164767
1484	225.44952129547542	9.466956692215293
1485	225.44853772124677	9.467323960030058
1486	225.44755355704987	9.467692577336411
1487	225.44656880218042	9.468062548861694
1488	225.44558345593404	9.468433879333256
1489	225.4445975176064	9.468806573478444
1490	225.44361098649324	9.469180636024602
1491	225.44262386189013	9.469556071699076
1492	225.4416361430928	9.469932885229213
1493	225.44064782939688	9.470311081342361
1494	225.43965892009808	9.470690664765863
1495	225.43866941449204	9.471071640227066
1496	225.4376793118744	9.471454012453318
1497	225.43668861154086	9.471837786171964
1498	225.43569731278708	9.472222966110348
1499	225.43470541490873	9.47260955699582
1500	225.43371291720146	9.472997563555724
1501	225.43271981896095	9.473386990517406
1502	225.43172611948287	9.473777842608213
1503	225.43073181806292	9.47417012455549
1504	225.4297369139967	9.474563841086583
1505	225.42874140657986	9.47495899692884
1506	225.42774529510817	9.475355596809607
1507	225.42674857887718	9.47575364545623
1508	225.42575125718267	9.476153147596053
1509	225.4247533293202	9.476554107956424
1510	225.4237547945855	9.476956531264687
1511	225.42275565227428	9.477360422248193
1512	225.4217559016821	9.477765785634283
1513	225.42075554210467	9.478172626150307
1514	225.4197545728377	9.478580948523607
1515	225.41875299317678	9.478990757481533
1516	225.4177508024176	9.479402057751429
1517	225.4167479998559	9.479814854060644
1518	225.41574458478726	9.48022915113652
1519	225.41474055650738	9.480644953706404
1520	225.4137359143119	9.481062266497645
1521	225.41273065749652	9.481481094237589
1522	225.4117247853569	9.481901441653578
1523	225.4107182971887	9.482323313472962
1524	225.4097111922876	9.482746714423087
1525	225.40870346994922	9.483171649231295
1526	225.40769512946932	9.483598122624938
1527	225.40668617014347	9.484026139331359
1528	225.40567659126737	9.484455704077902
1529	225.40466639213668	9.48488682159192
1530	225.4036555720471	9.485319496600752
1531	225.40264413029425	9.485753733831746
1532	225.40163206617382	9.486189538012251
1533	225.40061937898147	9.48662691386961
1534	225.39960606801293	9.487065866131172
1535	225.39859213256378	9.48750639952428
1536	225.3975775719297	9.487948518776284
1537	225.39656238540636	9.488392228614526
1538	225.39554657228945	9.488837533766354
1539	225.39453013187463	9.489284438959114
1540	225.39351306345756	9.489732948920153
1541	225.39249536633392	9.490183068376817
1542	225.39147703979935	9.490634802056451
1543	225.39045808314955	9.491088154686402
1544	225.38943849568014	9.491543130994016
1545	225.38841827668682	9.491999735706639
1546	225.38739742546525	9.492457973551618
1547	225.38637594131112	9.492917849256298
1548	225.38535382352006	9.493379367548025
1549	225.38433107138772	9.493842533154146
1550	225.38330768420985	9.494307350802007
1551	225.38228366128203	9.494773825218953
1552	225.3812590019	9.495241961132333
1553	225.38023370535933	9.49571176326949
1554	225.37920777095576	9.496183236357771
1555	225.37818119798493	9.496656385124524
1556	225.37715398574252	9.497131214297092
1557	225.3761261335242	9.497607728602825
1558	225.37509764062565	9.498085932769067
1559	225.3740685063425	9.498565831523164
1560	225.37303872997043	9.499047429592462
1561	225.37200831080509	9.499530731704308
1562	225.37097724814217	9.500015742586045
1563	225.36994554127733	9.500502466965026
1564	225.36891318950626	9.500990909568591
1565	225.3678801921246	9.501481075124087
1566	225.36684654842801	9.501972968358862
1567	225.36581225771218	9.502466594000262
1568	225.36477731927272	9.502961956775634
1569	225.36374173240537	9.50345906141232
1570	225.36270549640577	9.50395791263767
1571	225.36166861056958	9.50445851517903
1572	225.36063107419247	9.504960873763745
1573	225.3595928865701	9.50546499311916
1574	225.35855404699817	9.505970877972622
1575	225.35751455477228	9.50647853305148
1576	225.35647440918814	9.506987963083077
1577	225.35543360954142	9.507499172794759
1578	225.35439215512778	9.508012166913874
1579	225.35335004524288	9.508526950167767
1580	225.35230727918238	9.509043527283785
1581	225.351263856242	9.509561902989274
1582	225.35021977571733	9.510082082011579
1583	225.3491750369041	9.510604069078045
1584	225.34812963909792	9.511127868916022
1585	225.3470835815945	9.511653486252854
1586	225.34603686368945	9.512180925815889
1587	225.3449894846785	9.51271019233247
1588	225.3439414438573	9.513241290529944
1589	225.34289274052153	9.513774225135657
1590	225.3418433739668	9.514309000876958
1591	225.34079334348885	9.514845622481191
1592	225.33974264838326	9.515384094675701
1593	225.33869128794578	9.515924422187837
1594	225.33763926147205	9.516466609744942
1595	225.3365865682577	9.517010662074364
1596	225.33553320759842	9.517556583903449
1597	225.33447917878993	9.518104379959544
1598	225.33342448112782	9.518654054969993
1599	225.3323691139078	9.519205613662143
1600	225.3313130764255	9.519759060763342
1601	225.33025636797657	9.520314401000935
1602	225.32919898785676	9.520871639102266
1603	225.3281409353617	9.52143077979468
1604	225.32708220978702	9.52199182780553
1605	225.32602281042844	9.522554787862159
1606	225.3249627365816	9.523119664691912
1607	225.32390198754214	9.523686463022134
1608	225.32284056260576	9.524255187580174
1609	225.32177846106813	9.524825843093376
1610	225.3207156822249	9.525398434289087
1611	225.31965222537173	9.525972965894653
1612	225.31858808980434	9.52654944263742
1613	225.31752327481834	9.527127869244735
1614	225.3164577797094	9.527708250443943
1615	225.31539160377318	9.528290590962392
1616	225.3143247463054	9.528874895527427
1617	225.31325720660166	9.529461168866392
1618	225.31218898395767	9.530049415706637
1619	225.31112007766907	9.530639640775506
1620	225.3100504870316	9.531231848800346
1621	225.30898021134084	9.531826044508502
1622	225.30790924989245	9.53242223262732
1623	225.30683760198215	9.533020417884149
1624	225.30576526690558	9.533620605006332
1625	225.3046922439584	9.534222798721217
1626	225.30361853243633	9.534827003756147
1627	225.302544131635	9.535433224838473
1628	225.30146904085007	9.536041466695538
1629	225.30039325937716	9.536651734054688
1630	225.299316786512	9.537264031643272
1631	225.29823962155027	9.537878364188632
1632	225.2971617637876	9.538494736418118
1633	225.29608321251965	9.539113153059073
1634	225.29500396704213	9.539733618838847
1635	225.29392402665064	9.54035613848478
1636	225.29284339064094	9.540980716724224
1637	225.29176205830862	9.541607358284525
1638	225.29068002894934	9.542236067893025
1639	225.2895973018588	9.542866850277072
1640	225.28851387633267	9.543499710164014
1641	225.28742975166662	9.544134652281196
1642	225.28634492715628	9.544771681355963
1643	225.28525940209735	9.545410802115661
1644	225.28417317578553	9.546052019287638
1645	225.2830862475164	9.546695337599239
1646	225.28199861658567	9.547340761777813
1647	225.280910282289	9.5479882965507
1648	225.27982124392207	9.548637946645252
1649	225.27873150078054	9.549289716788813
1650	225.27764105216008	9.549943611708727
1651	225.27654989735635	9.550599636132345
1652	225.27545803566505	9.55125779478701
1653	225.27436546638177	9.551918092400065
1654	225.27327218880225	9.552580533698862
1655	225.2721782022221	9.553245123410745
1656	225.271083505937	9.55391186626306
1657	225.26998809924268	9.554580766983154
1658	225.26889198143473	9.55525183029837
1659	225.26779515180888	9.555925060936058
1660	225.26669760966072	9.556600463623564
1661	225.265599354286	9.55727804308823
1662	225.2645003849803	9.557957804057406
1663	225.26340070103933	9.558639751258436
1664	225.26230030175878	9.55932388941867
1665	225.26119918643428	9.560010223265449
1666	225.2600973543615	9.560698757526122
1667	225.25899480483616	9.561389496928035
1668	225.25789153715385	9.562082446198533
1669	225.25678755061028	9.562777610064963
1670	225.25568284450108	9.563474993254673
1671	225.25457741812195	9.564174600495006
1672	225.25347127076856	9.564876436513309
1673	225.25236440173657	9.565580506036929
1674	225.25125681032162	9.56628681379321
1675	225.25014849581945	9.566995364509502
1676	225.24903945752564	9.567706162913149
1677	225.2479296947359	9.568419213731497
1678	225.24681920674587	9.569134521691891
1679	225.24570799285124	9.56985209152168
1680	225.24459605234765	9.570571927948208
1681	225.2434833845308	9.571294035698822
1682	225.24236998869637	9.572018419500868
1683	225.24125586414	9.572745084081692
1684	225.24014101015734	9.57347403416864
1685	225.23902542604407	9.574205274489058
1686	225.23790911109586	9.574938809770293
1687	225.23679206460835	9.57567464473969
1688	225.23567428587728	9.576412784124598
1689	225.23455577419824	9.577153232652359
1690	225.23343652886692	9.577895995050321
1691	225.23231654917905	9.57864107604583
1692	225.2311958344302	9.579388480366235
1693	225.23007438391605	9.580138212738877
1694	225.2289521969323	9.580890277891108
1695	225.22782927277464	9.581644680550266
1696	225.22670561073866	9.582401425443706
1697	225.2255812101201	9.583160517298769
1698	225.22445607021461	9.583921960842803
1699	225.22333019031782	9.584685760803152
1700	225.22220356972545	9.585451921907165
1701	225.2210762077331	9.586220448882186
1702	225.21994810363648	9.586991346455562
1703	225.21881925673125	9.58776461935464
1704	225.2176896663131	9.588540272306764
1705	225.21655933167764	9.589318310039282
1706	225.21542825212063	9.59009873727954
1707	225.2142964269376	9.590881558754884
1708	225.21316385542434	9.591666779192659
1709	225.21203053687645	9.592454403320213
1710	225.21089647058963	9.59324443586489
1711	225.20976165585952	9.594036881554038
1712	225.20862609198178	9.594831745115004
1713	225.20748977825212	9.59562903127513
1714	225.2063527139662	9.596428744761765
1715	225.20521489841965	9.597230890302257
1716	225.20407633090815	9.598035472623948
1717	225.20293701072737	9.598842496454187
1718	225.20179693717296	9.59965196652032
1719	225.20065610954063	9.600463887549692
1720	225.19951452712598	9.601278264269649
1721	225.19837218922476	9.602095101407539
1722	225.1972290951326	9.602914403690708
1723	225.19608524414514	9.603736175846498
1724	225.19494063555808	9.60456042260226
1725	225.19379526866706	9.60538714868534
1726	225.19264914276775	9.606216358823081
1727	225.19150225715583	9.60704805774283
1728	225.19035461112696	9.607882250171935
1729	225.18920620397682	9.608718940837742
1730	225.1880570350011	9.609558134467594
1731	225.18690710349537	9.610399835788842
1732	225.1857564087554	9.611244049528826
1733	225.1846049500768	9.6120907804149
1734	225.18345272675523	9.612940033174402
1735	225.18229973808639	9.613791812534684
1736	225.18114598336592	9.61464612322309
1737	225.17999146188953	9.615502969966967
1738	225.17883617295288	9.61636235749366
1739	225.1776801158516	9.617224290530515
1740	225.17652328988132	9.618088773804878
1741	225.17536569433778	9.618955812044097
1742	225.17420732851664	9.619825409975517
1743	225.17304819171355	9.620697572326485
1744	225.17188828322415	9.621572303824344
1745	225.1707276023442	9.622449609196444
1746	225.16956614836923	9.623329493170129
1747	225.16840392059498	9.624211960472747
1748	225.16724091831713	9.625097015831642
1749	225.16607714083133	9.625984663974162
1750	225.16491258743324	9.626874909627652
1751	225.16374725741852	9.627767757519457
1752	225.16258115008287	9.628663212376926
1753	225.16141426472194	9.629561278927405
1754	225.16024660063138	9.630461961898236
1755	225.15907815710688	9.631365266016768
1756	225.15790893344408	9.63227119601035
1757	225.15673892893864	9.633179756606324
1758	225.15556814288627	9.634090952532038
1759	225.1543965745826	9.635004788514836
1760	225.15322422332332	9.635921269282067
1761	225.1520510884041	9.636840399561075
1762	225.1508771691206	9.63776218407921
1763	225.14970246476844	9.63868662756381
1764	225.14852697464335	9.63961373474223
1765	225.14735069804098	9.640543510341812
1766	225.14617363425697	9.641475959089902
1767	225.14499578258702	9.64241108571385
1768	225.14381714232675	9.643348894940996
1769	225.14263771277191	9.644289391498688
1770	225.1414574932181	9.645232580114277
1771	225.14027648296099	9.646178465515103
1772	225.13909468129626	9.647127052428514
1773	225.13791208751957	9.64807834558186
1774	225.1367287009266	9.64903234970248
1775	225.13554452081297	9.649989069517726
1776	225.13435954647443	9.650948509754942
1777	225.1331737772066	9.651910675141476
1778	225.13198721230515	9.65287557040467
1779	225.13079985106572	9.653843200271872
1780	225.129611692784	9.654813569470432
1781	225.12842273675565	9.655786682727692
1782	225.12723298227635	9.656762544770999
1783	225.12604242864177	9.657741160327697
1784	225.12485107514757	9.658722534125136
1785	225.12365892108943	9.659706670890662
1786	225.12246596576296	9.660693575351619
1787	225.1212722084639	9.661683252235353
1788	225.12007764848784	9.66267570626921
1789	225.1188822851305	9.66367094218054
1790	225.11768611768755	9.664668964696684
1791	225.11648914545464	9.665669778544993
1792	225.11529136772745	9.666673388452807
1793	225.11409278380162	9.667679799147479
1794	225.11289339297284	9.668689015356351
1795	225.11169319453674	9.669701041806771
1796	225.11049218778902	9.670715883226084
1797	225.10929037202536	9.671733544341635
1798	225.1080877465414	9.672754029880773
1799	225.1068843106328	9.673777344570842
1800	225.10568006359526	9.674803493139189
1801	225.10447500472443	9.67583248031316
1802	225.10326913331596	9.6768643108201
1803	225.10206244866552	9.677898989387359
1804	225.1008549500688	9.678936520742278
1805	225.09964663682143	9.679976909612206
1806	225.09843750821912	9.681020160724488
1807	225.0972275635575	9.682066278806474
1808	225.0960168021323	9.683115268585505
1809	225.0948052232391	9.684167134788929
1810	225.0935928261736	9.685221882144093
1811	225.0923796102315	9.686279515378342
1812	225.09116557470838	9.687340039219023
1813	225.0899507189	9.688403458393482
1814	225.088735042102	9.689469777629066
1815	225.08751854361003	9.690539001653118
1816	225.08630122271978	9.691611135192987
1817	225.08508307872688	9.69268618297602
1818	225.083864110927	9.69376414972956
1819	225.08264431861585	9.694845040180956
1820	225.08142370108908	9.695928859057553
1821	225.08020225764233	9.697015611086695
1822	225.07897998757127	9.698105300995731
1823	225.07775689017157	9.699197933512007
1824	225.07653296473896	9.700293513362869
1825	225.075308210569	9.70139204527566
1826	225.07408262695745	9.702493533977734
1827	225.0728562131999	9.703597984196428
1828	225.07162896859205	9.704705400659094
1829	225.0704008924296	9.705815788093073
1830	225.06917198400816	9.706929151225717
1831	225.06794224262342	9.70804549478437
1832	225.0667116675711	9.709164823496376
1833	225.06548025814675	9.710287142089085
1834	225.06424801364614	9.711412455289839
1835	225.06301493336485	9.712540767825987
1836	225.06178101659862	9.713672084424875
1837	225.0605462626431	9.714806409813848
1838	225.05931067079393	9.715943748720253
1839	225.05807424034683	9.717084105871434
1840	225.0568369705974	9.71822748599474
1841	225.05559886084134	9.719373893817517
1842	225.0543599103743	9.72052333406711
1843	225.05312011849196	9.721675811470863
1844	225.05187948449	9.722831330756128
1845	225.05063800766408	9.723989896650245
1846	225.04939568730984	9.725151513880565
1847	225.04815252272297	9.726316187174431
1848	225.04690851319913	9.727483921259191
1849	225.045663658034	9.728654720862188
1850	225.04441795652323	9.729828590710774
1851	225.04317140796246	9.731005535532288
1852	225.04192401164744	9.73218556005408
1853	225.04067576687373	9.7333686690035
1854	225.03942667293708	9.734554867107887
1855	225.03817672913317	9.73574415909459
1856	225.03692593475756	9.736936549690958
1857	225.035674289106	9.738132043624331
1858	225.03442179147413	9.739330645622061
1859	225.0331684411576	9.74053236041149
1860	225.03191423745216	9.741737192719969
1861	225.03065917965338	9.742945147274838
1862	225.02940326705695	9.744156228803448
1863	225.0281464989586	9.745370442033142
1864	225.0268888746539	9.746587791691269
1865	225.02563039343858	9.747808282505174
1866	225.02437105460828	9.749031919202201
1867	225.02311085745868	9.750258706509701
1868	225.0218498012854	9.751488649155014
1869	225.0205878853842	9.752721751865492
1870	225.0193251090507	9.753958019368477
1871	225.01806147158055	9.755197456391317
1872	225.01679697226942	9.756440067661357
1873	225.01553161041298	9.757685857905946
1874	225.01426538530689	9.758934831852425
1875	225.01299829624685	9.760186994228146
1876	225.0117303425285	9.76144234976045
1877	225.01046152344747	9.76270090317669
1878	225.0091918382995	9.763962659204203
1879	225.00792128638025	9.765227622570343
1880	225.00664986698533	9.76649579800245
1881	225.00537757941044	9.767767190227875
1882	225.00410442295123	9.769041803973963
1883	225.0028303969034	9.77031964396806
1884	225.00155550056257	9.77160071493751
1885	225.00027973322446	9.77288502160966
1886	224.99900309418473	9.77417256871186
1887	224.99772558273898	9.77546336097145
1888	224.99644719818292	9.77675740311578
1889	224.99516793981223	9.778054699872198
1890	224.99388780692254	9.779355255968044
1891	224.9926067988096	9.78065907613067
1892	224.99132491476897	9.781966165087418
1893	224.99004215409636	9.783276527565638
1894	224.98875851608747	9.784590168292672
1895	224.98747400003793	9.78590709199587
1896	224.9861886052434	9.787227303402576
1897	224.98490233099957	9.788550807240137
1898	224.9836151766021	9.789877608235898
1899	224.98232714134662	9.791207711117206
1900	224.98103822452885	9.792541120611407
1901	224.97974842544446	9.793877841445846
1902	224.97845774338907	9.795217878347874
1903	224.97716617765838	9.79656123604483
1904	224.97587372754802	9.797907919264064
1905	224.97458039235372	9.799257932732925
1906	224.97328617137106	9.800611281178753
1907	224.97199106389579	9.8019679693289
1908	224.97069506922352	9.803328001910705
1909	224.96939818664995	9.80469138365152
1910	224.96810041547076	9.806058119278692
1911	224.96680175498156	9.807428213519563
1912	224.96550220447804	9.808801671101481
1913	224.9642017632559	9.81017849675179
1914	224.96290043061074	9.81155869519784
1915	224.9615982058383	9.812942271166978
1916	224.9602950882342	9.814329229386544
1917	224.95899107709414	9.815719574583888
1918	224.95768617171376	9.817113311486358
1919	224.95638037138872	9.818510444821294
1920	224.95507367541472	9.81991097931605
1921	224.95376608308737	9.821314919697967
1922	224.9524575937024	9.822722270694392
1923	224.95114820655542	9.82413303703267
1924	224.94983792094214	9.825547223440152
1925	224.94852673615821	9.82696483464418
1926	224.94721465149934	9.8283858753721
1927	224.9459016662611	9.82981035035126
1928	224.94458777973924	9.831238264309004
1929	224.9432729912294	9.83266962197268
1930	224.9419573000272	9.834104428069633
1931	224.9406407054284	9.83554268732721
1932	224.9393232067286	9.836984404472759
1933	224.93800480322352	9.838429584233623
1934	224.93668549420875	9.83987823133715
1935	224.93536527898	9.841330350510683
1936	224.93404415683293	9.842785946481571
1937	224.9327221270632	9.84424502397716
1938	224.93139918896648	9.845707587724798
1939	224.93007534183846	9.847173642451827
1940	224.9287505849748	9.848643192885595
1941	224.92742491767117	9.85011624375345
1942	224.9260983392232	9.851592799782734
1943	224.92477084892656	9.853072865700797
1944	224.92344244607696	9.854556446234984
1945	224.92211312997003	9.856043546112641
1946	224.92078289990144	9.857534170061113
1947	224.91945175516688	9.859028322807749
1948	224.918119695062	9.860526009079893
1949	224.91678671888246	9.86202723360489
1950	224.91545282592395	9.863532001110087
1951	224.9141180154821	9.865040316322833
1952	224.9127822868526	9.866552183970471
1953	224.9114456393311	9.868067608780349
1954	224.91010807221332	9.869586595479811
1955	224.90876958479487	9.871109148796204
1956	224.9074301763714	9.872635273456877
1957	224.90608984623867	9.874164974189172
1958	224.90474859369226	9.875698255720437
1959	224.90340641802786	9.877235122778018
1960	224.9020633185411	9.878775580089261
1961	224.90071929452773	9.880319632381514
1962	224.89937434528335	9.88186728438212
1963	224.89802847010367	9.883418540818427
1964	224.89668166828432	9.88497340641778
1965	224.895333939121	9.886531885907527
1966	224.89398528190935	9.888093984015011
1967	224.89263569594505	9.889659705467583
1968	224.89128518052374	9.891229054992586
1969	224.8899337349411	9.892802037317365
1970	224.88858135849281	9.89437865716927
1971	224.88722805047456	9.895958919275643
1972	224.88587381018195	9.897542828363832
1973	224.88451863691074	9.899130389161183
1974	224.8831625299565	9.900721606395043
1975	224.88180548861493	9.90231648479276
1976	224.88044751218172	9.903915029081674
1977	224.8790885999525	9.905517243989134
1978	224.87772875122295	9.90712313424249
1979	224.87636796528875	9.908732704569085
1980	224.8750062414456	9.910345959696263
1981	224.8736435789891	9.911962904351373
1982	224.87227997721493	9.913583543261762
1983	224.87091543541877	9.915207881154773
1984	224.86954995289628	9.916835922757755
1985	224.86818352894312	9.918467672798052
1986	224.866816162855	9.920103136003013
1987	224.86544785392752	9.921742317099978
1988	224.86407860145644	9.923385220816302
1989	224.8627084047373	9.925031851879325
1990	224.86133726306588	9.926682215016395
1991	224.85996517573778	9.928336314954857
1992	224.85859214204868	9.929994156422058
1993	224.85721816129427	9.931655744145345
1994	224.85584323277018	9.933321082852064
1995	224.8544673557721	9.93499017726956
1996	224.85309052959573	9.936663032125178
1997	224.85171275353667	9.938339652146267
1998	224.8503340268906	9.940020042060173
1999	224.8489543489532	9.94170420659424
2000	224.84757371902018	9.943392150475816
2001	224.84619213638712	9.945083878432245
2002	224.84480960034975	9.946779395190875
2003	224.84342611020372	9.948478705479053
2004	224.84204166524472	9.950181814024123
2005	224.84065626476837	9.951888725553433
2006	224.83926990807035	9.953599444794328
2007	224.83788259444634	9.955313976474153
2008	224.836494323192	9.957032325320256
2009	224.83510509360298	9.958754496059983
2010	224.83371490497498	9.960480493420679
2011	224.83232375660364	9.96221032212969
2012	224.83093164778467	9.963943986914366
2013	224.82953857781368	9.96568149250205
2014	224.82814454598636	9.967422843620087
2015	224.82674955159837	9.969168044995824
2016	224.82535359394538	9.970917101356608
2017	224.82395667232308	9.972670017429786
2018	224.8225587860271	9.974426797942701
2019	224.82115993435312	9.976187447622703
2020	224.81976011659683	9.977951971197136
2021	224.81835933205386	9.979720373393345
2022	224.81695758001987	9.98149265893868
2023	224.81555485979058	9.983268832560483
2024	224.8141511706616	9.985048898986102
2025	224.81274651192865	9.986832862942885
2026	224.81134088288732	9.988620729158175
2027	224.80993428283338	9.99041250235932
2028	224.80852671106243	9.992208187273663
2029	224.80711816687014	9.994007788628554
2030	224.80570864955214	9.99581131115134
2031	224.80429815840418	9.997618759569361
2032	224.8028866927219	9.99943013860997
2033	224.80147425180093	10.001245453000509
2034	224.80006083493694	10.003064707468328
2035	224.7986464414257	10.004887906740768
2036	224.7972310705627	10.006715055545179
2037	224.79581472164375	10.008546158608905
2038	224.79439739396443	10.010381220659292
2039	224.79297908682045	10.012220246423688
2040	224.7915597995075	10.01406324062944
2041	224.79013953132116	10.015910208003891
2042	224.78871828155718	10.017761153274389
2043	224.78729604951124	10.01961608116828
2044	224.78587283447894	10.021474996412909
2045	224.78444863575595	10.023337903735625
2046	224.78302345263796	10.025204807863771
2047	224.78159728442063	10.027075713524694
2048	224.78017013039963	10.028950625445741
2049	224.77874198987064	10.030829548354257
2050	224.7773128621293	10.03271248697759
2051	224.77588274647132	10.034599446043085
2052	224.7744516421923	10.036490430278088
2053	224.77301954858797	10.038385444409943
2054	224.77158646495394	10.040284493166002
2055	224.77015239058593	10.042187581273607
2056	224.76871732477957	10.044094713460103
2057	224.76728126683054	10.04600589445284
2058	224.7658442160345	10.04792112897916
2059	224.76440617168717	10.049840421766413
2060	224.76296713308412	10.051763777541943
2061	224.7615270995211	10.053691201033095
2062	224.76008607029368	10.055622696967218
2063	224.75864404469763	10.057558270071658
2064	224.75720102202857	10.059497925073758
2065	224.75575700158217	10.061441666700867
2066	224.7543119826541	10.06338949968033
2067	224.75286596454004	10.065341428739494
2068	224.7514189465356	10.067297458605704
2069	224.74997092793652	10.069257594006308
2070	224.7485219080384	10.071221839668649
2071	224.74707188613698	10.073190200320076
2072	224.74562086152784	10.075162680687935
2073	224.74416883350673	10.07713928549957
2074	224.7427158013693	10.079120019482328
2075	224.74126176441115	10.081104887363557
2076	224.739806721928	10.0830938938706
2077	224.7383506732155	10.085087043730809
2078	224.73689361756934	10.087084341671522
2079	224.73543555428517	10.089085792420091
2080	224.73397648265868	10.09109140070386
2081	224.73251640198546	10.093101171250176
2082	224.7310553115613	10.095115108786386
2083	224.72959321068177	10.097133218039833
2084	224.72813009864254	10.099155503737865
2085	224.72666597473932	10.10118197060783
2086	224.72520083826777	10.10321262337707
2087	224.7237346885235	10.105247466772934
2088	224.72226752480225	10.107286505522769
2089	224.72079934639967	10.109329744353918
2090	224.7193301526114	10.11137718799373
2091	224.71785994273313	10.11342884116955
2092	224.7163887160605	10.115484708608726
2093	224.71491647188918	10.117544795038599
2094	224.71344320951488	10.11960910518652
2095	224.7119689282332	10.121677643779835
2096	224.71049362733987	10.123750415545889
2097	224.70901730613053	10.125827425212027
2098	224.70753996390087	10.127908677505594
2099	224.70606159994648	10.12999417715394
