3636   2.074e-14   40.00    31.5
3704   1.976e-14   40.00    47.5
3862   1.614e-14   40.00    106.0
4036   1.740e-14   40.00    217.8
4167   1.842e-14   40.00    295.1
4255   1.752e-14   40.00    329.6
4464   1.634e-14   40.00    408.7
4566   1.554e-14   40.00    443.1
4785   1.436e-14   40.00    471.3
5000   1.323e-14   40.00    493.6
5263   1.197e-14   40.00    491.3
5556   1.042e-14   40.00    475.6
5840   9.053e-15   40.00    442.1
6056   8.373e-15   40.00    416.7
6436   7.264e-15   40.00    393.8
6790   6.473e-15   40.00    389.6
7100   5.727e-15   40.00    375.4
7550   4.696e-15   40.00    312.7
7780   4.418e-15   40.00    306.8
