0.0	94.89234030715966	4.0
1.0	94.8932409453143	4.0
2.0	94.89413501485505	4.0
3.0	94.89502251842839	4.0
4.0	94.89590345868083	4.0
5.0	94.89677783825887	4.0
6.0	94.89764565980903	4.0
7.0	94.8985069259778	4.0
8.0	94.89936163941171	4.0
9.0	94.90020980275722	4.0
10.0	94.90105141866087	4.0
11.0	94.90188648976917	4.0
12.0	94.9027150187286	4.0
13.0	94.90353700818567	4.0
14.0	94.9043524607869	4.0
15.0	94.9051613791788	4.0
16.0	94.90596376600783	4.0
17.0	94.90675962392055	4.0
18.0	94.90754895556344	4.0
19.0	94.90833176358302	4.0
20.0	94.90910805062576	4.0
21.0	94.9098778193382	4.0
22.0	94.91064107236684	4.0
23.0	94.91139781235817	4.0
24.0	94.9121480419587	4.0
25.0	94.91289176381494	4.0
26.0	94.9136289805734	4.0
27.0	94.91435969488057	4.0
28.0	94.91508390938297	4.0
29.0	94.9158016267271	4.0
30.0	94.91651284955947	4.0
31.0	94.91721758052655	4.0
32.0	94.9179158222749	4.0
33.0	94.91860757745101	4.0
34.0	94.91929284870136	4.0
35.0	94.91997163867246	4.0
36.0	94.92064395001084	4.0
37.0	94.921309785363	4.0
38.0	94.92196914737539	4.0
39.0	94.9226220386946	4.0
40.0	94.92326846196708	4.0
41.0	94.92390841983936	4.0
42.0	94.92454191495793	4.0
43.0	94.9251689499693	4.0
44.0	94.92578952752	4.0
45.0	94.92640365025649	4.0
46.0	94.92701132082529	4.0
47.0	94.92761254187292	4.0
48.0	94.92820731604587	4.0
49.0	94.92879564599066	4.0
50.0	94.92937753435378	4.0
51.0	94.92995298378175	4.0
52.0	94.93052199692106	4.0
53.0	94.93108457641821	4.0
54.0	94.93164072491973	4.0
55.0	94.93219044507212	4.0
56.0	94.93273373952188	4.0
57.0	94.93327061091549	4.0
58.0	94.93380106189949	4.0
59.0	94.93432509512037	4.0
60.0	94.93484271322465	4.0
61.0	94.93535391885881	4.0
62.0	94.93585871466938	4.0
63.0	94.93635710330284	4.0
64.0	94.9368490874057	4.0
65.0	94.9373346696245	4.0
66.0	94.93781385260571	4.0
67.0	94.93828663899585	4.0
68.0	94.9387530314414	4.0
69.0	94.9392130325889	4.0
70.0	94.93966664508483	4.0
71.0	94.94011387157572	4.0
72.0	94.94055471470803	4.0
73.0	94.94098917712832	4.0
74.0	94.94141726148307	4.0
75.0	94.94183897041876	4.0
76.0	94.94225430658194	4.0
77.0	94.9426632726191	4.0
78.0	94.94306587117673	4.0
79.0	94.94346210490134	4.0
80.0	94.94385197643945	4.0
81.0	94.94423548843756	4.0
82.0	94.94461264354217	4.0
83.0	94.94498344439977	4.0
84.0	94.94534789365689	4.0
85.0	94.94570599396003	4.0
86.0	94.94605774795569	4.0
87.0	94.94640315829037	4.0
88.0	94.94674222761059	4.0
89.0	94.94707495856285	4.0
90.0	94.94740135379364	4.0
91.0	94.94772141594949	4.0
92.0	94.94803514767688	4.0
93.0	94.94834255162233	4.0
94.0	94.94864363043234	4.0
95.0	94.94893838675343	4.0
96.0	94.94922682323208	4.0
97.0	94.94950894251481	4.0
98.0	94.94978474724812	4.0
99.0	94.95005424007853	4.0
100.0	94.95031742365252	4.0
101.0	94.95057430061661	4.0
102.0	94.95082487361731	4.0
103.0	94.95106914530112	4.0
104.0	94.95130711831455	4.0
105.0	94.95153879530407	4.0
106.0	94.95176417891624	4.0
107.0	94.95198327179753	4.0
108.0	94.95219607659446	4.0
109.0	94.95240259595352	4.0
110.0	94.95260283252122	4.0
111.0	94.95279678894408	4.0
112.0	94.95298446786859	4.0
113.0	94.95316587194127	4.0
114.0	94.9533410038086	4.0
115.0	94.95350986611712	4.0
116.0	94.95367246151329	4.0
117.0	94.95382879264366	4.0
118.0	94.95397886215471	4.0
119.0	94.95412267269295	4.0
120.0	94.95426022690488	4.0
121.0	94.95439152743701	4.0
122.0	94.95451657693586	4.0
123.0	94.95463537804791	4.0
124.0	94.95474793341967	4.0
125.0	94.95485424569766	4.0
126.0	94.95495431752839	4.0
127.0	94.95504815155832	4.0
128.0	94.95513575043401	4.0
129.0	94.95521711680193	4.0
130.0	94.95529225330861	4.0
131.0	94.95536116260052	4.0
132.0	94.95542384732421	4.0
133.0	94.95548031012616	4.0
134.0	94.95553055365288	4.0
135.0	94.95557458055085	4.0
136.0	94.95561239346661	4.0
137.0	94.95564399504666	4.0
138.0	94.95566938793748	4.0
139.0	94.95568857478561	4.0
140.0	94.95570155823754	4.0
141.0	94.95570834093976	4.0
142.0	94.95570892553879	4.0
143.0	94.95570331468114	4.0
144.0	94.95569151101331	4.0
145.0	94.95567351718181	4.0
146.0	94.95564933583312	4.0
147.0	94.95561896961378	4.0
148.0	94.95558242117028	4.0
149.0	94.95553969314912	4.0
150.0	94.9554907881968	4.0
151.0	94.95543570895984	4.0
152.0	94.95537445808475	4.0
153.0	94.955307038218	4.0
154.0	94.95523345200614	4.0
155.0	94.95515370209566	4.0
156.0	94.95506779113305	4.0
157.0	94.95497572176481	4.0
158.0	94.9548774966375	4.0
159.0	94.95477311839755	4.0
160.0	94.95466258969152	4.0
161.0	94.95454591316587	4.0
162.0	94.95442309146716	4.0
163.0	94.95429412724187	4.0
164.0	94.95415902313647	4.0
165.0	94.95401778179752	4.0
166.0	94.9538704058715	4.0
167.0	94.95371689800491	4.0
168.0	94.95355726084426	4.0
169.0	94.95339149703607	4.0
170.0	94.95321960922682	4.0
171.0	94.95304160006303	4.0
172.0	94.9528574721912	4.0
173.0	94.95266722825784	4.0
174.0	94.95247087090945	4.0
175.0	94.95226840279253	4.0
176.0	94.95205982655361	4.0
177.0	94.95184514483917	4.0
178.0	94.95162436029572	4.0
179.0	94.95139747556976	4.0
180.0	94.95116449330783	4.0
181.0	94.9509254161564	4.0
182.0	94.95068024676198	4.0
183.0	94.95042898777106	4.0
184.0	94.95017164183018	4.0
185.0	94.94990821158584	4.0
186.0	94.94963869968451	4.0
187.0	94.94936310877273	4.0
188.0	94.949081441497	4.0
189.0	94.94879370050381	4.0
190.0	94.94849988843967	4.0
191.0	94.9482000079511	4.0
192.0	94.94789406168461	4.0
193.0	94.94758205228666	4.0
194.0	94.9472639824038	4.0
195.0	94.94693985468253	4.0
196.0	94.94660967176932	4.0
197.0	94.94627343631072	4.0
198.0	94.9459311509532	4.0
199.0	94.9455828183433	4.0
200.0	94.9452284411275	4.0
201.0	94.94486802195229	4.0
202.0	94.94450156346423	4.0
203.0	94.94412906830978	4.0
204.0	94.94375053913545	4.0
205.0	94.94336597858774	4.0
206.0	94.94297538931318	4.0
207.0	94.94257877395826	4.0
208.0	94.94217613516949	4.0
209.0	94.94176747559337	4.0
210.0	94.9413527978764	4.0
211.0	94.94093210466511	4.0
212.0	94.94050539860596	4.0
213.0	94.9400726823455	4.0
214.0	94.93963395853022	4.0
215.0	94.93918922980663	4.0
216.0	94.9387384988212	4.0
217.0	94.93828176822049	4.0
218.0	94.93781904065096	4.0
219.0	94.93735031875914	4.0
220.0	94.93687560519153	4.0
221.0	94.93639490259464	4.0
222.0	94.93590821361497	4.0
223.0	94.93541554089902	4.0
224.0	94.93491688709327	4.0
225.0	94.93441225484429	4.0
226.0	94.93390164679853	4.0
227.0	94.93338506560252	4.0
228.0	94.93286251390276	4.0
229.0	94.93233399434575	4.0
230.0	94.93179950957801	4.0
231.0	94.93125906224603	4.0
232.0	94.93071265499631	4.0
233.0	94.93016029047538	4.0
234.0	94.92960197132973	4.0
235.0	94.92903770020585	4.0
236.0	94.92846747975028	4.0
237.0	94.92789131260949	4.0
238.0	94.92730920143	4.0
239.0	94.92672114885833	4.0
240.0	94.92612715754096	4.0
241.0	94.92552723012442	4.0
242.0	94.92492136925517	4.0
243.0	94.92430957757978	4.0
244.0	94.9236918577447	4.0
245.0	94.92306821239647	4.0
246.0	94.92243864418157	4.0
247.0	94.92180315574653	4.0
248.0	94.92116174973783	4.0
249.0	94.92051442880198	4.0
250.0	94.91986119558551	4.0
251.0	94.9192020527349	4.0
252.0	94.91853700289667	4.0
253.0	94.9178660487173	4.0
254.0	94.91718919284334	4.0
255.0	94.91650643792124	4.0
256.0	94.91581778659756	4.0
257.0	94.91512324151874	4.0
258.0	94.91442280533136	4.0
259.0	94.91371648068187	4.0
260.0	94.9130042702168	4.0
261.0	94.91228617658264	4.0
262.0	94.91156220242591	4.0
263.0	94.91083235039312	4.0
264.0	94.91009662313074	4.0
265.0	94.90935502328531	4.0
266.0	94.90860755350333	4.0
267.0	94.9078542164313	4.0
268.0	94.90709501471571	4.0
269.0	94.90632995100309	4.0
270.0	94.90555902793994	4.0
271.0	94.90478224817275	4.0
272.0	94.90399961434804	4.0
273.0	94.90321112911231	4.0
274.0	94.90241679511206	4.0
275.0	94.9016166149938	4.0
276.0	94.90081059140404	4.0
277.0	94.89999872698928	4.0
278.0	94.89918102439603	4.0
279.0	94.89835748627078	4.0
280.0	94.89752811526006	4.0
281.0	94.89669291401036	4.0
282.0	94.89585188516817	4.0
283.0	94.89500503138002	4.0
284.0	94.8941523552924	4.0
285.0	94.89329385955185	4.0
286.0	94.8924295468048	4.0
287.0	94.89155941969784	4.0
288.0	94.89068348087743	4.0
289.0	94.88980173299008	4.0
290.0	94.88891417868228	4.0
291.0	94.88802082060057	4.0
292.0	94.88712166139145	4.0
293.0	94.8862167037014	4.0
294.0	94.88530595017691	4.0
295.0	94.88438940346455	4.0
296.0	94.88346706621078	4.0
297.0	94.88253894106211	4.0
298.0	94.88160503066504	4.0
299.0	94.88066533766609	4.0
300.0	94.87971986471176	4.0
301.0	94.87876861444855	4.0
302.0	94.87781158952296	4.0
303.0	94.87684879258153	4.0
304.0	94.87588022627072	4.0
305.0	94.87490589323706	4.0
306.0	94.87392579612704	4.0
307.0	94.87293993758719	4.0
308.0	94.871948320264	4.0
309.0	94.87095094680396	4.0
310.0	94.86994781985359	4.0
311.0	94.8689389420594	4.0
312.0	94.86792431606789	4.0
313.0	94.86690394452557	4.0
314.0	94.86587783007894	4.0
315.0	94.86484597537451	4.0
316.0	94.86380838305875	4.0
317.0	94.86276505577823	4.0
318.0	94.86171599617941	4.0
319.0	94.86066120690882	4.0
320.0	94.85960069061292	4.0
321.0	94.85853444993826	4.0
322.0	94.85746248753134	4.0
323.0	94.85638480603863	4.0
324.0	94.8553014081067	4.0
325.0	94.854212296382	4.0
326.0	94.85311747351105	4.0
327.0	94.85201694214035	4.0
328.0	94.85091070491642	4.0
329.0	94.84979876448575	4.0
330.0	94.84868112349487	4.0
331.0	94.84755778459025	4.0
332.0	94.84642875041843	4.0
333.0	94.84529402362588	4.0
334.0	94.84415360685914	4.0
335.0	94.84300750276466	4.0
336.0	94.84185571398902	4.0
337.0	94.84069824317868	4.0
338.0	94.83953509298014	4.0
339.0	94.83836626603994	4.0
340.0	94.83719176500456	4.0
341.0	94.8360115925205	4.0
342.0	94.83482575123428	4.0
343.0	94.83363424379239	4.0
344.0	94.83243707284136	4.0
345.0	94.83123424102767	4.0
346.0	94.83002575099782	4.0
347.0	94.82881160539834	4.0
348.0	94.82759180687574	4.0
349.0	94.82636635807648	4.0
350.0	94.82513526164712	4.0
351.0	94.82389852023414	4.0
352.0	94.82265613648404	4.0
353.0	94.82140811304332	4.0
354.0	94.8201544525585	4.0
355.0	94.81889515767608	4.0
356.0	94.81763023104259	4.0
357.0	94.81635967530447	4.0
358.0	94.81508349310829	4.0
359.0	94.81380168710054	4.0
360.0	94.81251425992768	4.0
361.0	94.81122121423628	4.0
362.0	94.80992255267282	4.0
363.0	94.8086182778838	4.0
364.0	94.8073083925157	4.0
365.0	94.80599289921507	4.0
366.0	94.8046718006284	4.0
367.0	94.8033450994022	4.0
368.0	94.80201279818294	4.0
369.0	94.80067489961718	4.0
370.0	94.79933140635138	4.0
371.0	94.79798232103208	4.0
372.0	94.79662764630575	4.0
373.0	94.79526738481891	4.0
374.0	94.7939015392181	4.0
375.0	94.79253011214975	4.0
376.0	94.79115310626044	4.0
377.0	94.78977052419663	4.0
378.0	94.78838236860484	4.0
379.0	94.78698864213156	4.0
380.0	94.78558934742334	4.0
381.0	94.78418448712664	4.0
382.0	94.78277406388797	4.0
383.0	94.78135808035384	4.0
384.0	94.77993653917078	4.0
385.0	94.77850944298527	4.0
386.0	94.77707679444379	4.0
387.0	94.7756385961929	4.0
388.0	94.77419485087908	4.0
389.0	94.77274556114884	4.0
390.0	94.77129072964865	4.0
391.0	94.76983035902508	4.0
392.0	94.7683644519246	4.0
393.0	94.7668930109937	4.0
394.0	94.7654160388789	4.0
395.0	94.76393353822671	4.0
396.0	94.76244551168362	4.0
397.0	94.76095196189615	4.0
398.0	94.7594528915108	4.0
399.0	94.75794830317409	4.0
400.0	94.75643819953251	4.0
401.0	94.75492258323256	4.0
402.0	94.75340145692074	4.0
403.0	94.75187482324358	4.0
404.0	94.75034268484758	4.0
405.0	94.74880504437922	4.0
406.0	94.74726190448503	4.0
407.0	94.74571326781151	4.0
408.0	94.74415913700516	4.0
409.0	94.74259951471248	4.0
410.0	94.74103440357999	4.0
411.0	94.7394638062542	4.0
412.0	94.73788772538157	4.0
413.0	94.73630616360866	4.0
414.0	94.73471912358194	4.0
415.0	94.73312660794795	4.0
416.0	94.73152861935314	4.0
417.0	94.72992516044408	4.0
418.0	94.72831623386723	4.0
419.0	94.72670184226912	4.0
420.0	94.72508198829622	4.0
421.0	94.72345667459508	4.0
422.0	94.72182590381219	4.0
423.0	94.72018967859402	4.0
424.0	94.71854800158712	4.0
425.0	94.71690087543799	4.0
426.0	94.71524830279311	4.0
427.0	94.71359028629901	4.0
428.0	94.71192682860217	4.0
429.0	94.71025793234914	4.0
430.0	94.70858360018637	4.0
431.0	94.70690383476038	4.0
432.0	94.70521863871771	4.0
433.0	94.70352801470483	4.0
434.0	94.70183196536824	4.0
435.0	94.7001304933545	4.0
436.0	94.69842360131004	4.0
437.0	94.69671129188143	4.0
438.0	94.69499356771512	4.0
439.0	94.69327043145765	4.0
440.0	94.69154188575551	4.0
441.0	94.68980793325522	4.0
442.0	94.68806857660327	4.0
443.0	94.68632381844618	4.0
444.0	94.68457366143045	4.0
445.0	94.68281810820258	4.0
446.0	94.68105716140906	4.0
447.0	94.67929082369643	4.0
448.0	94.67751909771118	4.0
449.0	94.6757419860998	4.0
450.0	94.67395949150881	4.0
451.0	94.67217161658472	4.0
452.0	94.67037836397402	4.0
453.0	94.66857973632322	4.0
454.0	94.66677573627884	4.0
455.0	94.66496636648738	4.0
456.0	94.66315162959532	4.0
457.0	94.66133152824918	4.0
458.0	94.65950606509548	4.0
459.0	94.65767524278071	4.0
460.0	94.65583906395138	4.0
461.0	94.65399753125399	4.0
462.0	94.65215064733506	4.0
463.0	94.65029841484109	4.0
464.0	94.64844083641854	4.0
465.0	94.646577914714	4.0
466.0	94.6447096523739	4.0
467.0	94.6428360520448	4.0
468.0	94.64095711637316	4.0
469.0	94.63907284800551	4.0
470.0	94.63718324958836	4.0
471.0	94.63528832376818	4.0
472.0	94.63338807319153	4.0
473.0	94.63148250050487	4.0
474.0	94.62957160835472	4.0
475.0	94.62765539938758	4.0
476.0	94.62573387624998	4.0
477.0	94.62380704158839	4.0
478.0	94.62187489804934	4.0
479.0	94.61993744827932	4.0
480.0	94.61799469492485	4.0
481.0	94.61604664063242	4.0
482.0	94.61409328804855	4.0
483.0	94.61213463981971	4.0
484.0	94.61017069859247	4.0
485.0	94.60820146701327	4.0
486.0	94.60622694772864	4.0
487.0	94.60424714338511	4.0
488.0	94.60226205662916	4.0
489.0	94.60027169010729	4.0
490.0	94.598276046466	4.0
491.0	94.59627512835182	4.0
492.0	94.59426893841125	4.0
493.0	94.59225747929078	4.0
494.0	94.5902407536369	4.0
495.0	94.58821876409617	4.0
496.0	94.58619151331506	4.0
497.0	94.58415900394007	4.0
498.0	94.58212123861772	4.0
499.0	94.5800782199945	4.0
500.0	94.57802995071694	4.0
501.0	94.5759764334315	4.0
502.0	94.57391767078475	4.0
503.0	94.57185366542315	4.0
504.0	94.5697844199932	4.0
505.0	94.56770993714142	4.0
506.0	94.56563021951432	4.0
507.0	94.56354526975841	4.0
508.0	94.56145509052018	4.0
509.0	94.55935968444612	4.0
510.0	94.55725905418278	4.0
511.0	94.55515320237663	4.0
512.0	94.55304213167418	4.0
513.0	94.55092584472195	4.0
514.0	94.54880434416644	4.0
515.0	94.54667763265415	4.0
516.0	94.54454571283156	4.0
517.0	94.54240858734524	4.0
518.0	94.54026625884164	4.0
519.0	94.53811872996728	4.0
520.0	94.53596600336866	4.0
521.0	94.5338080816923	4.0
522.0	94.5316449675847	4.0
523.0	94.52947666369234	4.0
524.0	94.52730317266176	4.0
525.0	94.52512449713946	4.0
526.0	94.52294063977193	4.0
527.0	94.52075160320568	4.0
528.0	94.51855739008722	4.0
529.0	94.51635800306306	4.0
530.0	94.51415344477971	4.0
531.0	94.51194371788363	4.0
532.0	94.50972882502137	4.0
533.0	94.50750876883943	4.0
534.0	94.5052835519843	4.0
535.0	94.5030531771025	4.0
536.0	94.50081764684053	4.0
537.0	94.4985769638449	4.0
538.0	94.49633113076209	4.0
539.0	94.49408015023863	4.0
540.0	94.49182402492103	4.0
541.0	94.48956275745579	4.0
542.0	94.48729635048937	4.0
543.0	94.48502480666835	4.0
544.0	94.48274812863919	4.0
545.0	94.48046631904842	4.0
546.0	94.4781793805425	4.0
547.0	94.47588731576798	4.0
548.0	94.47359012737135	4.0
549.0	94.47128781799911	4.0
550.0	94.46898039029777	4.0
551.0	94.46666784691385	4.0
552.0	94.46435019049383	4.0
553.0	94.46202742368422	4.0
554.0	94.45969954913154	4.0
555.0	94.45736656948229	4.0
556.0	94.45502848738296	4.0
557.0	94.45268530548006	4.0
558.0	94.45033702642012	4.0
559.0	94.44798365284963	4.0
560.0	94.44562518741506	4.0
561.0	94.44326163276297	4.0
562.0	94.44089299153984	4.0
563.0	94.43851926639219	4.0
564.0	94.43614045996648	4.0
565.0	94.43375657490927	4.0
566.0	94.43136761386704	4.0
567.0	94.4289735794863	4.0
568.0	94.42657447441354	4.0
569.0	94.42417030129529	4.0
570.0	94.42176106277803	4.0
571.0	94.41934676150828	4.0
572.0	94.41692740013255	4.0
573.0	94.41450298129735	4.0
574.0	94.41207350764917	4.0
575.0	94.40963898183449	4.0
576.0	94.40719940649987	4.0
577.0	94.40475478429178	4.0
578.0	94.40230511785674	4.0
579.0	94.39985040984124	4.0
580.0	94.3973906628918	4.0
581.0	94.39492587965492	4.0
582.0	94.3924560627771	4.0
583.0	94.38998121490485	4.0
584.0	94.38750133868467	4.0
585.0	94.38501643676308	4.0
586.0	94.38252651178657	4.0
587.0	94.38003156640166	4.0
588.0	94.37753160325484	4.0
589.0	94.37502662499261	4.0
590.0	94.37251663426149	4.0
591.0	94.37000163370799	4.0
592.0	94.3674816259786	4.0
593.0	94.36495661371983	4.0
594.0	94.36242659957817	4.0
595.0	94.35989158620016	4.0
596.0	94.35735157623229	4.0
597.0	94.35480657232104	4.0
598.0	94.35225657711295	4.0
599.0	94.34970159325452	4.0
600.0	94.34714162339223	4.0
601.0	94.34457667017261	4.0
602.0	94.34200673624215	4.0
603.0	94.33943182424738	4.0
604.0	94.33685193683478	4.0
605.0	94.33426707665085	4.0
606.0	94.33167724634212	4.0
607.0	94.32908244855508	4.0
608.0	94.32648268593623	4.0
609.0	94.32387796113208	4.0
610.0	94.32126827678916	4.0
611.0	94.31865363555394	4.0
612.0	94.31603404007294	4.0
613.0	94.31340949299266	4.0
614.0	94.31077999695961	4.0
615.0	94.3081455546203	4.0
616.0	94.3055061686212	4.0
617.0	94.30286184160887	4.0
618.0	94.3002125762298	4.0
619.0	94.29755837513046	4.0
620.0	94.29489924095739	4.0
621.0	94.29223517635708	4.0
622.0	94.28956618397605	4.0
623.0	94.28689226646078	4.0
624.0	94.2842134264578	4.0
625.0	94.2815296666136	4.0
626.0	94.27884098957469	4.0
627.0	94.27614739798757	4.0
628.0	94.27344889449876	4.0
629.0	94.27074548175476	4.0
630.0	94.26803716240207	4.0
631.0	94.26532393908717	4.0
632.0	94.26260581445662	4.0
633.0	94.25988279115688	4.0
634.0	94.25715487183447	4.0
635.0	94.2544220591359	4.0
636.0	94.25168435570768	4.0
637.0	94.2489417641963	4.0
638.0	94.24619428724826	4.0
639.0	94.24344192751009	4.0
640.0	94.24068468762829	4.0
641.0	94.23792257024935	4.0
642.0	94.23515557801977	4.0
643.0	94.23238371358607	4.0
644.0	94.22960697959476	4.0
645.0	94.22682537869234	4.0
646.0	94.2240389135253	4.0
647.0	94.22124758674018	4.0
648.0	94.21845140098344	4.0
649.0	94.21565035890161	4.0
650.0	94.21284446314121	4.0
651.0	94.21003371634872	4.0
652.0	94.20721812117065	4.0
653.0	94.20439768025349	4.0
654.0	94.20157239624379	4.0
655.0	94.19874227178803	4.0
656.0	94.19590730953271	4.0
657.0	94.19306751212432	4.0
658.0	94.1902228822094	4.0
659.0	94.18737342243445	4.0
660.0	94.18451913544594	4.0
661.0	94.18166002389042	4.0
662.0	94.17879609041437	4.0
663.0	94.17592733766429	4.0
664.0	94.17305376828669	4.0
665.0	94.17017538492809	4.0
666.0	94.16729219023499	4.0
667.0	94.16440418685389	4.0
668.0	94.16151137743128	4.0
669.0	94.15861376461369	4.0
670.0	94.15571135104763	4.0
671.0	94.15280413937955	4.0
672.0	94.14989213225604	4.0
673.0	94.14697533232355	4.0
674.0	94.14405374222859	4.0
675.0	94.14112736461766	4.0
676.0	94.1381962021373	4.0
677.0	94.13526025743397	4.0
678.0	94.13231953315422	4.0
679.0	94.12937403194451	4.0
680.0	94.12642375645137	4.0
681.0	94.12346870932132	4.0
682.0	94.12050889320082	4.0
683.0	94.11754431073642	4.0
684.0	94.1145749645746	4.0
685.0	94.11160085736188	4.0
686.0	94.10862199174474	4.0
687.0	94.10563837036972	4.0
688.0	94.10264999588331	4.0
689.0	94.09965687093201	4.0
690.0	94.09665899816231	4.0
691.0	94.09365638022075	4.0
692.0	94.09064901975383	4.0
693.0	94.08763691940803	4.0
694.0	94.08462008182985	4.0
695.0	94.08159850966585	4.0
696.0	94.07857220556248	4.0
697.0	94.07554117216625	4.0
698.0	94.0725054121237	4.0
699.0	94.06946492808132	4.0
700.0	94.0664197226856	4.0
701.0	94.06336979858304	4.0
702.0	94.06031515842018	4.0
703.0	94.05725580484349	4.0
704.0	94.0541917404995	4.0
705.0	94.0511229680347	4.0
706.0	94.04804949009561	4.0
707.0	94.04497130932872	4.0
708.0	94.04188842838053	4.0
709.0	94.03880084989757	4.0
710.0	94.03570857652632	4.0
711.0	94.0326116109133	4.0
712.0	94.02950995570501	4.0
713.0	94.02640361354796	4.0
714.0	94.02329258708865	4.0
715.0	94.02017687897359	4.0
716.0	94.01705649184926	4.0
717.0	94.01393142836221	4.0
718.0	94.01080169115892	4.0
719.0	94.00766728288588	4.0
720.0	94.00452820618962	4.0
721.0	94.00138446371665	4.0
722.0	93.99823605811345	4.0
723.0	93.99508299202652	4.0
724.0	93.99192526810242	4.0
725.0	93.9887628889876	4.0
726.0	93.98559585732859	4.0
727.0	93.98242417577187	4.0
728.0	93.97924784696397	4.0
729.0	93.9760668735514	4.0
730.0	93.97288125818065	4.0
731.0	93.96969100349821	4.0
732.0	93.96649611215062	4.0
733.0	93.96329658678437	4.0
734.0	93.96009243004595	4.0
735.0	93.95688364458188	4.0
736.0	93.95367023303868	4.0
737.0	93.95045219806283	4.0
738.0	93.94722954230083	4.0
739.0	93.94400226839923	4.0
740.0	93.94077037900449	4.0
741.0	93.93753387676313	4.0
742.0	93.93429276432164	4.0
743.0	93.93104704432656	4.0
744.0	93.92779671942436	4.0
745.0	93.92454179226156	4.0
746.0	93.92128226548469	4.0
747.0	93.9180181417402	4.0
748.0	93.91474942367465	4.0
749.0	93.9114761139345	4.0
750.0	93.9081982151663	4.0
751.0	93.90491573001651	4.0
752.0	93.90162866113167	4.0
753.0	93.89833701115825	4.0
754.0	93.8950407827428	4.0
755.0	93.89173997853179	4.0
756.0	93.88843460117172	4.0
757.0	93.88512465330913	4.0
758.0	93.88181013759052	4.0
759.0	93.87849105666237	4.0
760.0	93.87516741317118	4.0
761.0	93.8718392097635	4.0
762.0	93.8685064490858	4.0
763.0	93.86516913378459	4.0
764.0	93.86182726650635	4.0
765.0	93.85848084989765	4.0
766.0	93.85512988660494	4.0
767.0	93.85177437927476	4.0
768.0	93.84841433055358	4.0
769.0	93.84504974308793	4.0
770.0	93.84168061952431	4.0
771.0	93.83830696250921	4.0
772.0	93.83492877468916	4.0
773.0	93.83154605871066	4.0
774.0	93.8281588172202	4.0
775.0	93.82476705286429	4.0
776.0	93.82137076828944	4.0
777.0	93.81796996614217	4.0
778.0	93.81456464906896	4.0
779.0	93.81115481971631	4.0
780.0	93.80774048073076	4.0
781.0	93.8043216347588	4.0
782.0	93.8008982844469	4.0
783.0	93.79747043244161	4.0
784.0	93.79403808138943	4.0
785.0	93.79060123393685	4.0
786.0	93.78715989273036	4.0
787.0	93.78371406041651	4.0
788.0	93.78026373964178	4.0
789.0	93.77680893305268	4.0
790.0	93.77334964329569	4.0
791.0	93.76988587301734	4.0
792.0	93.76641762486415	4.0
793.0	93.76294490148257	4.0
794.0	93.75946770551917	4.0
795.0	93.75598603962042	4.0
796.0	93.75249990643285	4.0
797.0	93.74900930860291	4.0
798.0	93.74551424877717	4.0
799.0	93.7420147296021	4.0
800.0	93.73851075372421	4.0
801.0	93.73500232379	4.0
802.0	93.73148944244599	4.0
803.0	93.72797211233869	4.0
804.0	93.72445033611459	4.0
805.0	93.72092411642016	4.0
806.0	93.71739345590198	4.0
807.0	93.71385835720652	4.0
808.0	93.71031882298026	4.0
809.0	93.70677485586974	4.0
810.0	93.70322645852146	4.0
811.0	93.69967363358191	4.0
812.0	93.6961163836976	4.0
813.0	93.69255471151504	4.0
814.0	93.68898861968074	4.0
815.0	93.68541811084121	4.0
816.0	93.68184318764293	4.0
817.0	93.67826385273241	4.0
818.0	93.67468010875619	4.0
819.0	93.67109195836072	4.0
820.0	93.66749940419255	4.0
821.0	93.66390244889817	4.0
822.0	93.6603010951241	4.0
823.0	93.6566953455168	4.0
824.0	93.65308520272282	4.0
825.0	93.64947066938865	4.0
826.0	93.64585174816081	4.0
827.0	93.64222844168576	4.0
828.0	93.63860075261005	4.0
829.0	93.63496868358018	4.0
830.0	93.63133223724265	4.0
831.0	93.62769141624393	4.0
832.0	93.62404622323058	4.0
833.0	93.62039666084908	4.0
834.0	93.61674273174592	4.0
835.0	93.61308443856764	4.0
836.0	93.60942178396073	4.0
837.0	93.60575477057168	4.0
838.0	93.602083401047	4.0
839.0	93.59840767803321	4.0
840.0	93.59472760417682	4.0
841.0	93.59104318212431	4.0
842.0	93.5873544145222	4.0
843.0	93.58366130401699	4.0
844.0	93.5799638532552	4.0
845.0	93.5762620648833	4.0
846.0	93.57255594154783	4.0
847.0	93.56884548589528	4.0
848.0	93.56513070057217	4.0
849.0	93.56141158822497	4.0
850.0	93.55768815150023	4.0
851.0	93.55396039304443	4.0
852.0	93.55022831550409	4.0
853.0	93.54649192152567	4.0
854.0	93.54275121375574	4.0
855.0	93.53900619484077	4.0
856.0	93.53525686742724	4.0
857.0	93.53150323416172	4.0
858.0	93.52774529769066	4.0
859.0	93.5239830606606	4.0
860.0	93.52021652571801	4.0
861.0	93.51644569550943	4.0
862.0	93.51267057268134	4.0
863.0	93.50889115988026	4.0
864.0	93.5051074597527	4.0
865.0	93.50131947494513	4.0
866.0	93.4975272081041	4.0
867.0	93.4937306618761	4.0
868.0	93.48992983890761	4.0
869.0	93.48612474184517	4.0
870.0	93.48231537333528	4.0
871.0	93.47850173602441	4.0
872.0	93.47468383255912	4.0
873.0	93.47086166558587	4.0
874.0	93.46703523775119	4.0
875.0	93.46320455170157	4.0
876.0	93.45936961008353	4.0
877.0	93.45553041554356	4.0
878.0	93.45168697072818	4.0
879.0	93.44783927828387	4.0
880.0	93.44398734085716	4.0
881.0	93.44013116109456	4.0
882.0	93.43627074164253	4.0
883.0	93.43240608514763	4.0
884.0	93.42853719425635	4.0
885.0	93.42466407161518	4.0
886.0	93.42078671987063	4.0
887.0	93.41690514166922	4.0
888.0	93.41301933965744	4.0
889.0	93.4091293164818	4.0
890.0	93.40523507478878	4.0
891.0	93.40133661722493	4.0
892.0	93.39743394643673	4.0
893.0	93.39352706507067	4.0
894.0	93.3896159757733	4.0
895.0	93.3857006811911	4.0
896.0	93.38178118397056	4.0
897.0	93.3778574867582	4.0
898.0	93.37392959220054	4.0
899.0	93.36999750294406	4.0
900.0	93.36606122163528	4.0
901.0	93.36212075092068	4.0
902.0	93.3581760934468	4.0
903.0	93.35422725186014	4.0
904.0	93.35027422880718	4.0
905.0	93.34631702693444	4.0
906.0	93.34235564888844	4.0
907.0	93.33839009731567	4.0
908.0	93.3344203748626	4.0
909.0	93.33044648417581	4.0
910.0	93.32646842790176	4.0
911.0	93.32248620868697	4.0
912.0	93.31849982917791	4.0
913.0	93.31450929202111	4.0
914.0	93.3105145998631	4.0
915.0	93.30651575535036	4.0
916.0	93.30251276112938	4.0
917.0	93.2985056198467	4.0
918.0	93.2944943341488	4.0
919.0	93.29047890668218	4.0
920.0	93.28645934009337	4.0
921.0	93.28243563702887	4.0
922.0	93.27840780013517	4.0
923.0	93.27437583205877	4.0
924.0	93.2703397354462	4.0
925.0	93.26629951294396	4.0
926.0	93.26225516719853	4.0
927.0	93.25820670085643	4.0
928.0	93.2541541165642	4.0
929.0	93.25009741696829	4.0
930.0	93.24603660471523	4.0
931.0	93.24197168245152	4.0
932.0	93.23790265282369	4.0
933.0	93.23382951847822	4.0
934.0	93.2297522820616	4.0
935.0	93.22567094622036	4.0
936.0	93.221585513601	4.0
937.0	93.21749598685004	4.0
938.0	93.21340236861394	4.0
939.0	93.20930466153926	4.0
940.0	93.20520286827248	4.0
941.0	93.20109699146009	4.0
942.0	93.19698703374861	4.0
943.0	93.19287299778456	4.0
944.0	93.18875488621443	4.0
945.0	93.1846327016847	4.0
946.0	93.18050644684193	4.0
947.0	93.17637612433259	4.0
948.0	93.17224173680319	4.0
949.0	93.16810328690022	4.0
950.0	93.16396077727022	4.0
951.0	93.15981421055967	4.0
952.0	93.15566358941508	4.0
953.0	93.15150891648295	4.0
954.0	93.14735019440981	4.0
955.0	93.14318742584214	4.0
956.0	93.13902061342644	4.0
957.0	93.13484975980923	4.0
958.0	93.13067486763703	4.0
959.0	93.1264959395563	4.0
960.0	93.12231297821359	4.0
961.0	93.1181259862554	4.0
962.0	93.1139349663282	4.0
963.0	93.10973992107853	4.0
964.0	93.10554085315287	4.0
965.0	93.10133776519775	4.0
966.0	93.09713065985966	4.0
967.0	93.0929195397851	4.0
968.0	93.0887044076206	4.0
969.0	93.08448526601263	4.0
970.0	93.08026211760773	4.0
971.0	93.07603496505239	4.0
972.0	93.0718038109931	4.0
973.0	93.0675686580764	4.0
974.0	93.06332950894875	4.0
975.0	93.05908636625668	4.0
976.0	93.05483923264671	4.0
977.0	93.05058811076533	4.0
978.0	93.04633300325904	4.0
979.0	93.04207391277434	4.0
980.0	93.03781084195775	4.0
981.0	93.03354379345579	4.0
982.0	93.02927276991491	4.0
983.0	93.02499777398168	4.0
984.0	93.02071880830256	4.0
985.0	93.01643587552408	4.0
986.0	93.01214897829273	4.0
987.0	93.00785811925502	4.0
988.0	93.00356330105747	4.0
989.0	92.99926452634655	4.0
990.0	92.9949617977688	4.0
991.0	92.9906551179707	4.0
992.0	92.98634448959878	4.0
993.0	92.98202991529952	4.0
994.0	92.97771139771945	4.0
995.0	92.97338893950504	4.0
996.0	92.96906254330284	4.0
997.0	92.96473221175931	4.0
998.0	92.960397947521	4.0
999.0	92.95605975323438	4.0
1000.0	92.95171763154597	4.0
1001.0	92.94737158510227	4.0
1002.0	92.9430216165498	4.0
1003.0	92.93866772853505	4.0
1004.0	92.9343099237045	4.0
1005.0	92.92994820470471	4.0
1006.0	92.92558257418216	4.0
1007.0	92.92121303478335	4.0
1008.0	92.91683958915478	4.0
1009.0	92.91246223994297	4.0
1010.0	92.90808098979443	4.0
1011.0	92.90369584135564	4.0
1012.0	92.89930679727311	4.0
1013.0	92.89491386019337	4.0
1014.0	92.8905170327629	4.0
1015.0	92.88611631762824	4.0
1016.0	92.88171171743582	4.0
1017.0	92.87730323483224	4.0
1018.0	92.87289087246394	4.0
1019.0	92.86847463297744	4.0
1020.0	92.86405451901926	4.0
1021.0	92.8596305332359	4.0
1022.0	92.85520267827386	4.0
1023.0	92.85077095677963	4.0
1024.0	92.84633537139973	4.0
1025.0	92.84189592478069	4.0
1026.0	92.83745261956898	4.0
1027.0	92.8330054584111	4.0
1028.0	92.82855444395359	4.0
1029.0	92.82409957884293	4.0
1030.0	92.81964086572562	4.0
1031.0	92.81517830724819	4.0
1032.0	92.81071190605714	4.0
1033.0	92.80624166479896	4.0
1034.0	92.80176758612015	4.0
1035.0	92.79728967266723	4.0
1036.0	92.79280792708671	4.0
1037.0	92.78832235202509	4.0
1038.0	92.78383295012885	4.0
1039.0	92.77933972404455	4.0
1040.0	92.77484267641864	4.0
1041.0	92.77034180989766	4.0
1042.0	92.7658371271281	4.0
1043.0	92.76132863075647	4.0
1044.0	92.75681632342926	4.0
1045.0	92.752300207793	4.0
1046.0	92.74778028649418	4.0
1047.0	92.74325656217931	4.0
1048.0	92.73872903749489	4.0
1049.0	92.73419771508743	4.0
1050.0	92.72966259760344	4.0
1051.0	92.72512368768942	4.0
1052.0	92.72058098799187	4.0
1053.0	92.71603450115728	4.0
1054.0	92.7114842298322	4.0
1055.0	92.7069301766631	4.0
1056.0	92.70237234429649	4.0
1057.0	92.6978107353789	4.0
1058.0	92.6932453525568	4.0
1059.0	92.68867619847671	4.0
1060.0	92.68410327578513	4.0
1061.0	92.67952658712858	4.0
1062.0	92.67494613515356	4.0
1063.0	92.67036192250656	4.0
1064.0	92.6657739518341	4.0
1065.0	92.66118222578267	4.0
1066.0	92.6565867469988	4.0
1067.0	92.65198751812896	4.0
1068.0	92.6473845418197	4.0
1069.0	92.6427778207175	4.0
1070.0	92.63816735746887	4.0
1071.0	92.63355315472029	4.0
1072.0	92.6289352151183	4.0
1073.0	92.62431354130939	4.0
1074.0	92.61968813594008	4.0
1075.0	92.61505900165683	4.0
1076.0	92.6104261411062	4.0
1077.0	92.60578955693468	4.0
1078.0	92.60114925178874	4.0
1079.0	92.59650522831494	4.0
1080.0	92.59185748915975	4.0
1081.0	92.58720603696969	4.0
1082.0	92.58255087439123	4.0
1083.0	92.57789200407093	4.0
1084.0	92.57322942865525	4.0
1085.0	92.56856315079074	4.0
1086.0	92.56389317312384	4.0
1087.0	92.55921949830112	4.0
1088.0	92.55454212896906	4.0
1089.0	92.54986106777416	4.0
1090.0	92.54517631736292	4.0
1091.0	92.54048788038186	4.0
1092.0	92.53579575947748	4.0
1093.0	92.53109995729628	4.0
1094.0	92.52640047648478	4.0
1095.0	92.52169731968947	4.0
1096.0	92.51699048955686	4.0
1097.0	92.51227998873344	4.0
1098.0	92.50756581986575	4.0
1099.0	92.50284798560027	4.0
1100.0	92.49812648858351	4.0
1101.0	92.49340133146197	4.0
1102.0	92.48867251688216	4.0
1103.0	92.4839400474906	4.0
1104.0	92.47920392593376	4.0
1105.0	92.47446415485818	4.0
1106.0	92.46972073691035	4.0
1107.0	92.46497367473678	4.0
1108.0	92.46022297098395	4.0
1109.0	92.4554686282984	4.0
1110.0	92.45071064932664	4.0
1111.0	92.44594903671513	4.0
1112.0	92.44118379311041	4.0
1113.0	92.43641492115898	4.0
1114.0	92.43164242350734	4.0
1115.0	92.426866302802	4.0
1116.0	92.42208656168945	4.0
1117.0	92.41730320281623	4.0
1118.0	92.41251622882882	4.0
1119.0	92.4077256423737	4.0
1120.0	92.40293144609743	4.0
1121.0	92.39813364264648	4.0
1122.0	92.39333223466737	4.0
1123.0	92.38852722480658	4.0
1124.0	92.38371861571063	4.0
1125.0	92.37890641002606	4.0
1126.0	92.37409061039932	4.0
1127.0	92.36927121947694	4.0
1128.0	92.36444823990543	4.0
1129.0	92.3596216743313	4.0
1130.0	92.35479152540101	4.0
1131.0	92.34995779576113	4.0
1132.0	92.34512048805813	4.0
1133.0	92.34027960493852	4.0
1134.0	92.33543514904878	4.0
1135.0	92.33058712303546	4.0
1136.0	92.32573552954504	4.0
1137.0	92.32088037122405	4.0
1138.0	92.31602165071894	4.0
1139.0	92.31115937067628	4.0
1140.0	92.30629353374253	4.0
1141.0	92.3014241425642	4.0
1142.0	92.29655119978783	4.0
1143.0	92.29167470805989	4.0
1144.0	92.28679467002691	4.0
1145.0	92.28191108833535	4.0
1146.0	92.27702396563177	4.0
1147.0	92.27213330456264	4.0
1148.0	92.26723910777449	4.0
1149.0	92.2623413779138	4.0
1150.0	92.25744011762708	4.0
1151.0	92.25253532956086	4.0
1152.0	92.24762701636162	4.0
1153.0	92.24271518067586	4.0
1154.0	92.2377998251501	4.0
1155.0	92.23288095243086	4.0
1156.0	92.22795856516461	4.0
1157.0	92.22303266599789	4.0
1158.0	92.21810325757717	4.0
1159.0	92.21317034254899	4.0
1160.0	92.20823392355982	4.0
1161.0	92.20329400325619	4.0
1162.0	92.1983505842846	4.0
1163.0	92.19340366929156	4.0
1164.0	92.18845326092355	4.0
1165.0	92.1834993618271	4.0
1166.0	92.17854197464872	4.0
1167.0	92.17358110203489	4.0
1168.0	92.16861674663214	4.0
1169.0	92.16364891108697	4.0
1170.0	92.15867759804587	4.0
1171.0	92.15370281015534	4.0
1172.0	92.14872455006191	4.0
1173.0	92.14374282041209	4.0
1174.0	92.13875762385236	4.0
1175.0	92.13376896302921	4.0
1176.0	92.1287768405892	4.0
1177.0	92.1237812591788	4.0
1178.0	92.1187822214445	4.0
1179.0	92.11377973003286	4.0
1180.0	92.10877378759032	4.0
1181.0	92.10376439676344	4.0
1182.0	92.09875156019868	4.0
1183.0	92.09373528054257	4.0
1184.0	92.08871556044163	4.0
1185.0	92.08369240254234	4.0
1186.0	92.07866580949118	4.0
1187.0	92.07363578393472	4.0
1188.0	92.06860232851942	4.0
1189.0	92.0635654458918	4.0
1190.0	92.05852513869836	4.0
1191.0	92.0534814095856	4.0
1192.0	92.04843426120004	4.0
1193.0	92.04338369618817	4.0
1194.0	92.0383297171965	4.0
1195.0	92.03327232687155	4.0
1196.0	92.02821152785982	4.0
1197.0	92.02314732280779	4.0
1198.0	92.01807971436199	4.0
1199.0	92.01300870516891	4.0
1200.0	92.00793429787507	4.0
1201.0	92.00285649512696	4.0
1202.0	91.9977752995711	4.0
1203.0	91.99269071385399	4.0
1204.0	91.98760274062212	4.0
1205.0	91.98251138252203	4.0
1206.0	91.9774166422002	4.0
1207.0	91.97231852230314	4.0
1208.0	91.96721702547732	4.0
1209.0	91.96211215436932	4.0
1210.0	91.95700391162559	4.0
1211.0	91.95189229989266	4.0
1212.0	91.946777321817	4.0
1213.0	91.94165898004516	4.0
1214.0	91.93653727722362	4.0
1215.0	91.93141221599888	4.0
1216.0	91.92628379901747	4.0
1217.0	91.92115202892587	4.0
1218.0	91.91601690837061	4.0
1219.0	91.91087843999816	4.0
1220.0	91.90573662645505	4.0
1221.0	91.9005914703878	4.0
1222.0	91.89544297444287	4.0
1223.0	91.8902911412668	4.0
1224.0	91.8851359735061	4.0
1225.0	91.87997747380724	4.0
1226.0	91.87481564481676	4.0
1227.0	91.86965048918114	4.0
1228.0	91.8644820095469	4.0
1229.0	91.85931020856056	4.0
1230.0	91.85413508886857	4.0
1231.0	91.84895665311751	4.0
1232.0	91.84377490395383	4.0
1233.0	91.83858984402406	4.0
1234.0	91.83340147597468	4.0
1235.0	91.82820980245222	4.0
1236.0	91.82301482610319	4.0
1237.0	91.81781654957408	4.0
1238.0	91.81261497551138	4.0
1239.0	91.80741010656163	4.0
1240.0	91.80220194537131	4.0
1241.0	91.79699049458692	4.0
1242.0	91.791775756855	4.0
1243.0	91.78655773482204	4.0
1244.0	91.78133643113452	4.0
1245.0	91.77611184843897	4.0
1246.0	91.77088398938189	4.0
1247.0	91.76565285660979	4.0
1248.0	91.76041845276916	4.0
1249.0	91.7551807805065	4.0
1250.0	91.74993984246835	4.0
1251.0	91.74469564130119	4.0
1252.0	91.73944817965153	4.0
1253.0	91.73419746016587	4.0
1254.0	91.72894348549073	4.0
1255.0	91.72368625827261	4.0
1256.0	91.71842578115798	4.0
1257.0	91.71316205679341	4.0
1258.0	91.70789508782535	4.0
1259.0	91.70262487690033	4.0
1260.0	91.69735142666484	4.0
1261.0	91.69207473976542	4.0
1262.0	91.68679481884854	4.0
1263.0	91.68151166656071	4.0
1264.0	91.67622528554844	4.0
1265.0	91.67093567845824	4.0
1266.0	91.66564284793661	4.0
1267.0	91.66034679663005	4.0
1268.0	91.65504752718509	4.0
1269.0	91.64974504224821	4.0
1270.0	91.64443934446592	4.0
1271.0	91.63913043648472	4.0
1272.0	91.63381832095112	4.0
1273.0	91.62850300051164	4.0
1274.0	91.62318447781279	4.0
1275.0	91.61786275550101	4.0
1276.0	91.61253783622288	4.0
1277.0	91.60720972262489	4.0
1278.0	91.6018784173535	4.0
1279.0	91.59654392305528	4.0
1280.0	91.59120624237669	4.0
1281.0	91.58586537796425	4.0
1282.0	91.58052133246446	4.0
1283.0	91.57517410852383	4.0
1284.0	91.56982370878886	4.0
1285.0	91.56447013590606	4.0
1286.0	91.55911339252194	4.0
1287.0	91.553753481283	4.0
1288.0	91.54839040483574	4.0
1289.0	91.54302416582665	4.0
1290.0	91.53765476690228	4.0
1291.0	91.53228221070911	4.0
1292.0	91.52690649989364	4.0
1293.0	91.52152763710237	4.0
1294.0	91.51614562498183	4.0
1295.0	91.5107604661785	4.0
1296.0	91.5053721633389	4.0
1297.0	91.49998071910952	4.0
1298.0	91.49458613613689	4.0
1299.0	91.4891884170675	4.0
1300.0	91.48378756454785	4.0
1301.0	91.47838358122443	4.0
1302.0	91.4729764697438	4.0
1303.0	91.46756623275242	4.0
1304.0	91.4621528728968	4.0
1305.0	91.45673639282346	4.0
1306.0	91.4513167951789	4.0
1307.0	91.44589408260961	4.0
1308.0	91.4404682577621	4.0
1309.0	91.4350393232829	4.0
1310.0	91.42960728181849	4.0
1311.0	91.42417213601539	4.0
1312.0	91.41873388852007	4.0
1313.0	91.41329254197909	4.0
1314.0	91.40784809903892	4.0
1315.0	91.40240056234606	4.0
1316.0	91.39694993454704	4.0
1317.0	91.39149621828835	4.0
1318.0	91.3860394162165	4.0
1319.0	91.380579530978	4.0
1320.0	91.37511656521934	4.0
1321.0	91.36965052158703	4.0
1322.0	91.3641814027276	4.0
1323.0	91.3587092112875	4.0
1324.0	91.35323394991329	4.0
1325.0	91.34775562125145	4.0
1326.0	91.34227422794848	4.0
1327.0	91.3367897726509	4.0
1328.0	91.33130225800522	4.0
1329.0	91.32581168665793	4.0
1330.0	91.32031806125552	4.0
1331.0	91.31482138444454	4.0
1332.0	91.30932165887145	4.0
1333.0	91.3038188871828	4.0
1334.0	91.29831307202504	4.0
1335.0	91.29280421604473	4.0
1336.0	91.28729232188834	4.0
1337.0	91.28177739220239	4.0
1338.0	91.27625942963337	4.0
1339.0	91.2707384368278	4.0
1340.0	91.26521441643219	4.0
1341.0	91.25968737109302	4.0
1342.0	91.25415730345682	4.0
1343.0	91.24862421617009	4.0
1344.0	91.24308811187933	4.0
1345.0	91.23754899323103	4.0
1346.0	91.23200686287174	4.0
1347.0	91.22646172344793	4.0
1348.0	91.2209135776061	4.0
1349.0	91.21536242799276	4.0
1350.0	91.20980827725444	4.0
1351.0	91.20425112803763	4.0
1352.0	91.19869098298881	4.0
1353.0	91.19312784475451	4.0
1354.0	91.18756171598125	4.0
1355.0	91.18199259931552	4.0
1356.0	91.1764204974038	4.0
1357.0	91.17084541289263	4.0
1358.0	91.16526734842851	4.0
1359.0	91.15968630665793	4.0
1360.0	91.1541022902274	4.0
1361.0	91.14851530178343	4.0
1362.0	91.14292534397254	4.0
1363.0	91.1373324194412	4.0
1364.0	91.13173653083594	4.0
1365.0	91.12613768080327	4.0
1366.0	91.12053587198967	4.0
1367.0	91.11493110704166	4.0
1368.0	91.10932338860574	4.0
1369.0	91.10371271932843	4.0
1370.0	91.09809910185623	4.0
1371.0	91.09248253883563	4.0
1372.0	91.08686303291314	4.0
1373.0	91.08124058673528	4.0
1374.0	91.07561520294854	4.0
1375.0	91.06998688419942	4.0
1376.0	91.06435563313445	4.0
1377.0	91.05872145240012	4.0
1378.0	91.05308434464293	4.0
1379.0	91.0474443125094	4.0
1380.0	91.04180135864601	4.0
1381.0	91.0361554856993	4.0
1382.0	91.03050669631574	4.0
1383.0	91.02485499314186	4.0
1384.0	91.01920037882415	4.0
1385.0	91.01354285600914	4.0
1386.0	91.00788242734329	4.0
1387.0	91.00221909547314	4.0
1388.0	90.9965528630452	4.0
1389.0	90.99088373270594	4.0
1390.0	90.98521170710191	4.0
1391.0	90.97953678887959	4.0
1392.0	90.97385898068548	4.0
1393.0	90.96817828516608	4.0
1394.0	90.96249470496792	4.0
1395.0	90.9568082427375	4.0
1396.0	90.9511189011213	4.0
1397.0	90.94542668276586	4.0
1398.0	90.93973159031766	4.0
1399.0	90.93403362642321	4.0
1400.0	90.92833279372903	4.0
1401.0	90.9226290948816	4.0
1402.0	90.91692253252745	4.0
1403.0	90.91121310931308	4.0
1404.0	90.90550082788496	4.0
1405.0	90.89978569088966	4.0
1406.0	90.89406770097362	4.0
1407.0	90.8883468607834	4.0
1408.0	90.88262317296545	4.0
1409.0	90.87689664016632	4.0
1410.0	90.87116726503251	4.0
1411.0	90.86543505021051	4.0
1412.0	90.85969999834681	4.0
1413.0	90.85396211208796	4.0
1414.0	90.84822139408043	4.0
1415.0	90.84247784697072	4.0
1416.0	90.83673147340538	4.0
1417.0	90.83098227603087	4.0
1418.0	90.82523025749371	4.0
1419.0	90.8194754204404	4.0
1420.0	90.81371776751747	4.0
1421.0	90.8079573013714	4.0
1422.0	90.8021940246487	4.0
1423.0	90.79642793999587	4.0
1424.0	90.79065905005942	4.0
1425.0	90.78488735748586	4.0
1426.0	90.77911286492169	4.0
1427.0	90.77333557501342	4.0
1428.0	90.76755549040755	4.0
1429.0	90.7617726137506	4.0
1430.0	90.75598694768904	4.0
1431.0	90.75019849486941	4.0
1432.0	90.7444072579382	4.0
1433.0	90.73861323954192	4.0
1434.0	90.73281644232706	4.0
1435.0	90.72701686894015	4.0
1436.0	90.7212145220277	4.0
1437.0	90.71540940423617	4.0
1438.0	90.7096015182121	4.0
1439.0	90.70379086660199	4.0
1440.0	90.69797745205236	4.0
1441.0	90.69216127720966	4.0
1442.0	90.68634234472047	4.0
1443.0	90.68052065723126	4.0
1444.0	90.67469621738852	4.0
1445.0	90.66886902783875	4.0
1446.0	90.6630390912285	4.0
1447.0	90.65720641020425	4.0
1448.0	90.6513709874125	4.0
1449.0	90.64553282549974	4.0
1450.0	90.63969192711252	4.0
1451.0	90.63384829489732	4.0
1452.0	90.62800193150062	4.0
1453.0	90.62215283956898	4.0
1454.0	90.61630102174887	4.0
1455.0	90.61044648068679	4.0
1456.0	90.60458921902925	4.0
1457.0	90.59872923942278	4.0
1458.0	90.59286654451385	4.0
1459.0	90.587001136949	4.0
1460.0	90.58113301937469	4.0
1461.0	90.57526219443746	4.0
1462.0	90.56938866478382	4.0
1463.0	90.56351243306024	4.0
1464.0	90.55763350191326	4.0
1465.0	90.55175187398937	4.0
1466.0	90.54586755193509	4.0
1467.0	90.53998053839688	4.0
1468.0	90.5340908360213	4.0
1469.0	90.52819844745483	4.0
1470.0	90.52230337534398	4.0
1471.0	90.51640562233524	4.0
1472.0	90.51050519107514	4.0
1473.0	90.50460208421016	4.0
1474.0	90.49869630438684	4.0
1475.0	90.49278785425163	4.0
1476.0	90.4868767364511	4.0
1477.0	90.48096295363172	4.0
1478.0	90.47504650843997	4.0
1479.0	90.4691274035224	4.0
1480.0	90.4632056415255	4.0
1481.0	90.45728122509578	4.0
1482.0	90.45135415687973	4.0
1483.0	90.44542443952386	4.0
1484.0	90.43949207567469	4.0
1485.0	90.43355706797873	4.0
1486.0	90.42761941908243	4.0
1487.0	90.42167913163236	4.0
1488.0	90.41573620827499	4.0
1489.0	90.40979065165683	4.0
1490.0	90.40384246442441	4.0
1491.0	90.3978916492242	4.0
1492.0	90.39193820870273	4.0
1493.0	90.38598214550649	4.0
1494.0	90.38002346228198	4.0
1495.0	90.37406216167574	4.0
1496.0	90.36809824633423	4.0
1497.0	90.36213171890397	4.0
1498.0	90.35616258203149	4.0
1499.0	90.35019083836328	4.0
1500.0	90.3442164905458	4.0
1501.0	90.33823954122563	4.0
1502.0	90.33225999304925	4.0
1503.0	90.32627784866315	4.0
1504.0	90.32029311071382	4.0
1505.0	90.3143057818478	4.0
1506.0	90.3083158647116	4.0
1507.0	90.3023233619517	4.0
1508.0	90.29632827621458	4.0
1509.0	90.29033061014681	4.0
1510.0	90.28433036639485	4.0
1511.0	90.27832754760523	4.0
1512.0	90.27232215642442	4.0
1513.0	90.26631419549896	4.0
1514.0	90.26030366747536	4.0
1515.0	90.25429057500007	4.0
1516.0	90.24827492071967	4.0
1517.0	90.2422567072806	4.0
1518.0	90.23623593732943	4.0
1519.0	90.23021261351259	4.0
1520.0	90.22418673847663	4.0
1521.0	90.21815831486808	4.0
1522.0	90.21212734533339	4.0
1523.0	90.20609383251907	4.0
1524.0	90.20005777907167	4.0
1525.0	90.19401918763768	4.0
1526.0	90.18797806086356	4.0
1527.0	90.18193440139588	4.0
1528.0	90.1758882118811	4.0
1529.0	90.16983949496574	4.0
1530.0	90.1637882532963	4.0
1531.0	90.15773448951931	4.0
1532.0	90.15167820628125	4.0
1533.0	90.14561940622862	4.0
1534.0	90.13955809200793	4.0
1535.0	90.1334942662657	4.0
1536.0	90.12742793164844	4.0
1537.0	90.12135909080261	4.0
1538.0	90.11528774637476	4.0
1539.0	90.10921390101139	4.0
1540.0	90.10313755735899	4.0
1541.0	90.09705871806406	4.0
1542.0	90.09097738577314	4.0
1543.0	90.0848935631327	4.0
1544.0	90.07880725278926	4.0
1545.0	90.07271845738931	4.0
1546.0	90.06662717957937	4.0
1547.0	90.06053342200596	4.0
1548.0	90.05443718731556	4.0
1549.0	90.04833847815466	4.0
1550.0	90.0422372971698	4.0
1551.0	90.03613364700749	4.0
1552.0	90.0300275303142	4.0
1553.0	90.02391894973645	4.0
1554.0	90.01780790792077	4.0
1555.0	90.01169440751363	4.0
1556.0	90.00557845116154	4.0
1557.0	89.99946004151101	4.0
1558.0	89.99333918120857	4.0
1559.0	89.98721587290069	4.0
1560.0	89.98109011923388	4.0
1561.0	89.97496192285467	4.0
1562.0	89.96883128640955	4.0
1563.0	89.962698212545	4.0
1564.0	89.95656270390758	4.0
1565.0	89.95042476314376	4.0
1566.0	89.94428439290004	4.0
1567.0	89.93814159582293	4.0
1568.0	89.93199637455895	4.0
1569.0	89.9258487317546	4.0
1570.0	89.91969867005636	4.0
1571.0	89.91354619211076	4.0
1572.0	89.90739130056431	4.0
1573.0	89.90123399806352	4.0
1574.0	89.89507428725484	4.0
1575.0	89.88891217078485	4.0
1576.0	89.88274765130001	4.0
1577.0	89.87658073144684	4.0
1578.0	89.87041141387182	4.0
1579.0	89.86423970122149	4.0
1580.0	89.85806559614235	4.0
1581.0	89.8518891012809	4.0
1582.0	89.84571021928362	4.0
1583.0	89.83952895279705	4.0
1584.0	89.83334530446768	4.0
1585.0	89.82715927694203	4.0
1586.0	89.82097087286657	4.0
1587.0	89.81478009488784	4.0
1588.0	89.80858694565232	4.0
1589.0	89.80239142780654	4.0
1590.0	89.79619354399699	4.0
1591.0	89.78999329687018	4.0
1592.0	89.78379068907262	4.0
1593.0	89.77758572325078	4.0
1594.0	89.77137840205121	4.0
1595.0	89.7651687281204	4.0
1596.0	89.75895670410486	4.0
1597.0	89.75274233265107	4.0
1598.0	89.74652561640556	4.0
1599.0	89.74030655801485	4.0
1600.0	89.73408516012539	4.0
1601.0	89.72786142538374	4.0
1602.0	89.72163535643638	4.0
1603.0	89.71540695592982	4.0
1604.0	89.70917622651056	4.0
1605.0	89.70294317082512	4.0
1606.0	89.69670779151998	4.0
1607.0	89.69047009124168	4.0
1608.0	89.68423007263668	4.0
1609.0	89.67798773835153	4.0
1610.0	89.67174309103271	4.0
1611.0	89.66549613332671	4.0
1612.0	89.65924686788009	4.0
1613.0	89.6529952973393	4.0
1614.0	89.64674142435088	4.0
1615.0	89.6404852515613	4.0
1616.0	89.63422678161709	4.0
1617.0	89.62796601716477	4.0
1618.0	89.62170296085081	4.0
1619.0	89.61543761532172	4.0
1620.0	89.60916998322404	4.0
1621.0	89.60290006720425	4.0
1622.0	89.59662786990884	4.0
1623.0	89.59035339398434	4.0
1624.0	89.58407664207725	4.0
1625.0	89.57779761683408	4.0
1626.0	89.57151632090131	4.0
1627.0	89.56523275692547	4.0
1628.0	89.55894692755305	4.0
1629.0	89.55265883543058	4.0
1630.0	89.54636848320453	4.0
1631.0	89.54007587352143	4.0
1632.0	89.53378100902778	4.0
1633.0	89.52748389237009	4.0
1634.0	89.52118452619484	4.0
1635.0	89.51488291314857	4.0
1636.0	89.50857905587776	4.0
1637.0	89.50227295702891	4.0
1638.0	89.49596461924855	4.0
1639.0	89.48965404518319	4.0
1640.0	89.48334123747931	4.0
1641.0	89.4770261987834	4.0
1642.0	89.47070893174202	4.0
1643.0	89.46438943900164	4.0
1644.0	89.45806772320877	4.0
1645.0	89.45174378700989	4.0
1646.0	89.44541763305155	4.0
1647.0	89.43908926398024	4.0
1648.0	89.43275868244244	4.0
1649.0	89.42642589108469	4.0
1650.0	89.42009089255349	4.0
1651.0	89.41375368949532	4.0
1652.0	89.4074142845567	4.0
1653.0	89.40107268038413	4.0
1654.0	89.39472887962414	4.0
1655.0	89.3883828849232	4.0
1656.0	89.38203469892784	4.0
1657.0	89.37568432428455	4.0
1658.0	89.36933176363985	4.0
1659.0	89.36297701964024	4.0
1660.0	89.3566200949322	4.0
1661.0	89.35026099216226	4.0
1662.0	89.34389971397694	4.0
1663.0	89.33753626302271	4.0
1664.0	89.3311706419461	4.0
1665.0	89.32480285339362	4.0
1666.0	89.31843290001174	4.0
1667.0	89.312060784447	4.0
1668.0	89.30568650934589	4.0
1669.0	89.29931007735492	4.0
1670.0	89.29293149112058	4.0
1671.0	89.28655075328939	4.0
1672.0	89.28016786650787	4.0
1673.0	89.2737828334225	4.0
1674.0	89.26739565667978	4.0
1675.0	89.26100633892624	4.0
1676.0	89.25461488280838	4.0
1677.0	89.2482212909727	4.0
1678.0	89.24182556606569	4.0
1679.0	89.23542771073387	4.0
1680.0	89.22902772762374	4.0
1681.0	89.22262561938183	4.0
1682.0	89.2162213886546	4.0
1683.0	89.2098150380886	4.0
1684.0	89.20340657033032	4.0
1685.0	89.19699598802623	4.0
1686.0	89.19058329382288	4.0
1687.0	89.18416849036676	4.0
1688.0	89.17775158030439	4.0
1689.0	89.17133256628223	4.0
1690.0	89.16491145094683	4.0
1691.0	89.15848823694469	4.0
1692.0	89.1520629269223	4.0
1693.0	89.14563552352615	4.0
1694.0	89.1392060294028	4.0
1695.0	89.1327744471987	4.0
1696.0	89.1263407795604	4.0
1697.0	89.11990502913434	4.0
1698.0	89.1134671985671	4.0
1699.0	89.10702729050513	4.0
1700.0	89.10058530759497	4.0
1701.0	89.0941412524831	4.0
1702.0	89.08769512781605	4.0
1703.0	89.0812469362403	4.0
1704.0	89.07479668040237	4.0
1705.0	89.06834436294878	4.0
1706.0	89.061889986526	4.0
1707.0	89.05543355378056	4.0
1708.0	89.04897506735895	4.0
1709.0	89.04251452990769	4.0
1710.0	89.03605194407328	4.0
1711.0	89.0295873125022	4.0
1712.0	89.023120637841	4.0
1713.0	89.01665192273616	4.0
1714.0	89.0101811698342	4.0
1715.0	89.00370838178158	4.0
1716.0	88.99723356122486	4.0
1717.0	88.99075671081053	4.0
1718.0	88.98427783318509	4.0
1719.0	88.97779693099503	4.0
1720.0	88.97131400688687	4.0
1721.0	88.96482906350712	4.0
1722.0	88.95834210350228	4.0
1723.0	88.95185312951885	4.0
1724.0	88.94536214420334	4.0
1725.0	88.93886915020227	4.0
1726.0	88.9323741501621	4.0
1727.0	88.92587714672939	4.0
1728.0	88.91937814255061	4.0
1729.0	88.91287714027229	4.0
1730.0	88.9063741425409	4.0
1731.0	88.89986915200298	4.0
1732.0	88.89336217130501	4.0
1733.0	88.88685320309351	4.0
1734.0	88.88034225001498	4.0
1735.0	88.87382931471592	4.0
1736.0	88.86731439984285	4.0
1737.0	88.86079750804227	4.0
1738.0	88.85427864196068	4.0
1739.0	88.84775780424458	4.0
1740.0	88.84123499754048	4.0
1741.0	88.83471022449488	4.0
1742.0	88.82818348775432	4.0
1743.0	88.82165478996525	4.0
1744.0	88.81512413377422	4.0
1745.0	88.80859152182771	4.0
1746.0	88.80205695677223	4.0
1747.0	88.7955204412543	4.0
1748.0	88.78898197792039	4.0
1749.0	88.78244156941703	4.0
1750.0	88.77589921839075	4.0
1751.0	88.76935492748801	4.0
1752.0	88.76280869935532	4.0
1753.0	88.75626053663922	4.0
1754.0	88.7497104419862	4.0
1755.0	88.74315841804274	4.0
1756.0	88.73660446745535	4.0
1757.0	88.73004859287057	4.0
1758.0	88.7234907969349	4.0
1759.0	88.71693108229479	4.0
1760.0	88.7103694515968	4.0
1761.0	88.70380590748744	4.0
1762.0	88.69724045261319	4.0
1763.0	88.69067308962053	4.0
1764.0	88.68410382115601	4.0
1765.0	88.67753264986612	4.0
1766.0	88.67095957839739	4.0
1767.0	88.66438460939625	4.0
1768.0	88.6578077455093	4.0
1769.0	88.65122898938299	4.0
1770.0	88.64464834366382	4.0
1771.0	88.63806581099831	4.0
1772.0	88.63148139403299	4.0
1773.0	88.62489509541432	4.0
1774.0	88.61830691778883	4.0
1775.0	88.61171686380303	4.0
1776.0	88.60512493610341	4.0
1777.0	88.59853113733648	4.0
1778.0	88.59193547014874	4.0
1779.0	88.58533793718671	4.0
1780.0	88.57873854109688	4.0
1781.0	88.57213728452578	4.0
1782.0	88.56553417011988	4.0
1783.0	88.5589292005257	4.0
1784.0	88.55232237838976	4.0
1785.0	88.54571370635854	4.0
1786.0	88.53910318707857	4.0
1787.0	88.53249082319634	4.0
1788.0	88.52587661735835	4.0
1789.0	88.51926057221111	4.0
1790.0	88.51264269040114	4.0
1791.0	88.50602297457493	4.0
1792.0	88.49940142737898	4.0
1793.0	88.49277805145981	4.0
1794.0	88.48615284946392	4.0
1795.0	88.47952582403782	4.0
1796.0	88.472896977828	4.0
1797.0	88.46626631348097	4.0
1798.0	88.45963383364325	4.0
1799.0	88.45299954096133	4.0
1800.0	88.4463634380817	4.0
1801.0	88.43972552765092	4.0
1802.0	88.43308581231544	4.0
1803.0	88.42644429472179	4.0
1804.0	88.41980097751646	4.0
1805.0	88.41315586334596	4.0
1806.0	88.40650895485683	4.0
1807.0	88.39986025469553	4.0
1808.0	88.39320976550856	4.0
1809.0	88.38655748994248	4.0
1810.0	88.37990343064374	4.0
1811.0	88.37324759025886	4.0
1812.0	88.36658997143435	4.0
1813.0	88.35993057681674	4.0
1814.0	88.3532694090525	4.0
1815.0	88.34660647078813	4.0
1816.0	88.33994176467016	4.0
1817.0	88.3332752933451	4.0
1818.0	88.32660705945943	4.0
1819.0	88.31993706565966	4.0
1820.0	88.31326531459231	4.0
1821.0	88.30659180890389	4.0
1822.0	88.29991655124087	4.0
1823.0	88.29323954424979	4.0
1824.0	88.28656079057714	4.0
1825.0	88.27988029286944	4.0
1826.0	88.27319805377316	4.0
1827.0	88.26651407593484	4.0
1828.0	88.25982836200096	4.0
1829.0	88.25314091461806	4.0
1830.0	88.2464517364326	4.0
1831.0	88.23976083009113	4.0
1832.0	88.23306819824012	4.0
1833.0	88.22637384352609	4.0
1834.0	88.21967776859555	4.0
1835.0	88.21297997609499	4.0
1836.0	88.20628046867093	4.0
1837.0	88.19957924896985	4.0
1838.0	88.1928763196383	4.0
1839.0	88.18617168332275	4.0
1840.0	88.17946534266972	4.0
1841.0	88.1727573003257	4.0
1842.0	88.16604755893721	4.0
1843.0	88.15933612115074	4.0
1844.0	88.15262298961282	4.0
1845.0	88.14590816696993	4.0
1846.0	88.13919165586859	4.0
1847.0	88.1324734589553	4.0
1848.0	88.12575357887656	4.0
1849.0	88.11903201827889	4.0
1850.0	88.11230877980879	4.0
1851.0	88.10558386611274	4.0
1852.0	88.09885727983728	4.0
1853.0	88.0921290236289	4.0
1854.0	88.0853991001341	4.0
1855.0	88.0786675119994	4.0
1856.0	88.07193426187128	4.0
1857.0	88.06519935239628	4.0
1858.0	88.05846278622089	4.0
1859.0	88.05172456599158	4.0
1860.0	88.04498469435492	4.0
1861.0	88.03824317395737	4.0
1862.0	88.03150000744546	4.0
1863.0	88.02475519746565	4.0
1864.0	88.0180087466645	4.0
1865.0	88.0112606576885	4.0
1866.0	88.00451093318414	4.0
1867.0	87.99775957579793	4.0
1868.0	87.99100658817638	4.0
1869.0	87.98425197296599	4.0
1870.0	87.97749573281328	4.0
1871.0	87.97073787036472	4.0
1872.0	87.96397838826685	4.0
1873.0	87.95721728916618	4.0
1874.0	87.95045457570917	4.0
1875.0	87.94369025054237	4.0
1876.0	87.93692431631227	4.0
1877.0	87.93015677566538	4.0
1878.0	87.92338763124818	4.0
1879.0	87.91661688570721	4.0
1880.0	87.90984454168895	4.0
1881.0	87.90307060183993	4.0
1882.0	87.89629506880662	4.0
1883.0	87.88951794523555	4.0
1884.0	87.88273923377324	4.0
1885.0	87.87595893706614	4.0
1886.0	87.86917705776082	4.0
1887.0	87.86239359850374	4.0
1888.0	87.85560856194144	4.0
1889.0	87.84882195072038	4.0
1890.0	87.8420337674871	4.0
1891.0	87.8352440148881	4.0
1892.0	87.82845269556988	4.0
1893.0	87.82165981217894	4.0
1894.0	87.81486536736179	4.0
1895.0	87.80806936376494	4.0
1896.0	87.8012718040349	4.0
1897.0	87.79447269081815	4.0
1898.0	87.78767202676123	4.0
1899.0	87.78086981451062	4.0
1900.0	87.77406605671283	4.0
1901.0	87.76726075601437	4.0
1902.0	87.76045391506175	4.0
1903.0	87.75364553650145	4.0
1904.0	87.74683562298	4.0
1905.0	87.7400241771439	4.0
1906.0	87.73321120163965	4.0
1907.0	87.72639669911376	4.0
1908.0	87.71958067221273	4.0
1909.0	87.71276312358307	4.0
1910.0	87.70594405587129	4.0
1911.0	87.69912347172387	4.0
1912.0	87.69230137378734	4.0
1913.0	87.68547776470821	4.0
1914.0	87.67865264713298	4.0
1915.0	87.67182602370812	4.0
1916.0	87.66499789708018	4.0
1917.0	87.65816826989565	4.0
1918.0	87.65133714480105	4.0
1919.0	87.64450452444284	4.0
1920.0	87.63767041146758	4.0
1921.0	87.63083480852174	4.0
1922.0	87.62399771825181	4.0
1923.0	87.61715914330435	4.0
1924.0	87.61031908632583	4.0
1925.0	87.60347754996276	4.0
1926.0	87.59663453686164	4.0
1927.0	87.58979004966899	4.0
1928.0	87.5829440910313	4.0
1929.0	87.57609666359508	4.0
1930.0	87.56924777000683	4.0
1931.0	87.56239741291307	4.0
1932.0	87.5555455949603	4.0
1933.0	87.548692318795	4.0
1934.0	87.54183758706371	4.0
1935.0	87.53498140241294	4.0
1936.0	87.52812376748916	4.0
1937.0	87.52126468493887	4.0
1938.0	87.51440415740863	4.0
1939.0	87.5075421875449	4.0
1940.0	87.5006787779942	4.0
1941.0	87.49381393140303	4.0
1942.0	87.48694765041789	4.0
1943.0	87.4800799376853	4.0
1944.0	87.47321079585176	4.0
1945.0	87.46634022756376	4.0
1946.0	87.45946823546782	4.0
1947.0	87.45259482221046	4.0
1948.0	87.44571999043815	4.0
1949.0	87.43884374279743	4.0
1950.0	87.43196608193477	4.0
1951.0	87.42508701049671	4.0
1952.0	87.41820653112973	4.0
1953.0	87.41132464648035	4.0
1954.0	87.40444135919506	4.0
1955.0	87.39755667192038	4.0
1956.0	87.39067058730281	4.0
1957.0	87.38378310798885	4.0
1958.0	87.37689423662502	4.0
1959.0	87.3700039758578	4.0
1960.0	87.36311232833371	4.0
1961.0	87.35621929669927	4.0
1962.0	87.34932488360096	4.0
1963.0	87.34242909168529	4.0
1964.0	87.33553192359878	4.0
1965.0	87.32863338198791	4.0
1966.0	87.32173346949922	4.0
1967.0	87.31483218877918	4.0
1968.0	87.30792954247433	4.0
1969.0	87.30102553323114	4.0
1970.0	87.29412016369612	4.0
1971.0	87.2872134365158	4.0
1972.0	87.28030535433668	4.0
1973.0	87.27339591980525	4.0
1974.0	87.266485135568	4.0
1975.0	87.25957300427149	4.0
1976.0	87.25265952856218	4.0
1977.0	87.24574471108659	4.0
1978.0	87.2388285544912	4.0
1979.0	87.23191106142257	4.0
1980.0	87.22499223452715	4.0
1981.0	87.21807207645148	4.0
1982.0	87.21115058984203	4.0
1983.0	87.20422777734535	4.0
1984.0	87.19730364160792	4.0
1985.0	87.19037818527623	4.0
1986.0	87.18345141099682	4.0
1987.0	87.17652332141618	4.0
1988.0	87.16959391918081	4.0
1989.0	87.16266320693721	4.0
1990.0	87.1557311873319	4.0
1991.0	87.14879786301138	4.0
1992.0	87.14186323662216	4.0
1993.0	87.13492731081072	4.0
1994.0	87.1279900882236	4.0
1995.0	87.12105157150728	4.0
1996.0	87.11411176330827	4.0
1997.0	87.10717066627309	4.0
1998.0	87.10022828304824	4.0
1999.0	87.09328461628022	4.0
2000.0	87.08633966861551	4.0
2001.0	87.07939344270066	4.0
2002.0	87.07244594118215	4.0
2003.0	87.06549716670649	4.0
2004.0	87.05854712192018	4.0
2005.0	87.05159580946975	4.0
2006.0	87.04464323200168	4.0
2007.0	87.03768939216245	4.0
2008.0	87.03073429259862	4.0
2009.0	87.02377793595669	4.0
2010.0	87.01682032488313	4.0
2011.0	87.00986146202443	4.0
2012.0	87.00290135002716	4.0
2013.0	86.9959399915378	4.0
2014.0	86.98897738920283	4.0
2015.0	86.98201354566876	4.0
2016.0	86.97504846358213	4.0
2017.0	86.9680821455894	4.0
2018.0	86.96111459433712	4.0
2019.0	86.95414581247175	4.0
2020.0	86.94717580263983	4.0
2021.0	86.94020456748785	4.0
2022.0	86.93323210966231	4.0
2023.0	86.92625843180974	4.0
2024.0	86.91928353657661	4.0
2025.0	86.91230742660946	4.0
2026.0	86.90533010455476	4.0
2027.0	86.89835157305905	4.0
2028.0	86.89137183476882	4.0
2029.0	86.88439089233056	4.0
2030.0	86.87740874839078	4.0
2031.0	86.87042540559602	4.0
2032.0	86.86344086659274	4.0
2033.0	86.85645513402747	4.0
2034.0	86.8494682105467	4.0
2035.0	86.84248009879695	4.0
2036.0	86.83549080142474	4.0
2037.0	86.82850032107652	4.0
2038.0	86.82150866039885	4.0
2039.0	86.81451582203822	4.0
2040.0	86.80752180864113	4.0
2041.0	86.80052662285405	4.0
2042.0	86.79353026732356	4.0
2043.0	86.7865327446961	4.0
2044.0	86.7795340576182	4.0
2045.0	86.77253420873639	4.0
2046.0	86.76553320069715	4.0
2047.0	86.75853103614698	4.0
2048.0	86.75152771773236	4.0
2049.0	86.74452324809985	4.0
2050.0	86.73751762989593	4.0
2051.0	86.73051086576712	4.0
2052.0	86.72350295835989	4.0
2053.0	86.71649391032078	4.0
2054.0	86.70948372429628	4.0
2055.0	86.7024724029329	4.0
2056.0	86.69545994887712	4.0
2057.0	86.68844636477549	4.0
2058.0	86.68143165327449	4.0
2059.0	86.6744158170206	4.0
2060.0	86.66739885866039	4.0
2061.0	86.66038078084031	4.0
2062.0	86.65336158620688	4.0
2063.0	86.6463412774066	4.0
2064.0	86.63931985708601	4.0
2065.0	86.63229732789158	4.0
2066.0	86.62527369246982	4.0
2067.0	86.61824895346722	4.0
2068.0	86.61122311353031	4.0
2069.0	86.6041961753056	4.0
2070.0	86.59716814143958	4.0
2071.0	86.59013901457877	4.0
2072.0	86.58310879736965	4.0
