0.0	73.89234030715966	2.556355953360491
1.0	73.8932409453143	2.556355953360491
2.0	73.89413501485505	2.556355953360491
3.0	73.89502251842839	2.556355953360491
4.0	73.89590345868083	2.556355953360491
5.0	73.89677783825887	2.556355953360491
6.0	73.89764565980903	2.556355953360491
7.0	73.8985069259778	2.556355953360491
8.0	73.89936163941171	2.556355953360491
9.0	73.90020980275722	2.556355953360491
10.0	73.90105141866087	2.556355953360491
11.0	73.90188648976917	2.556355953360491
12.0	73.9027150187286	2.556355953360491
13.0	73.90353700818567	2.556355953360491
14.0	73.9043524607869	2.556355953360491
15.0	73.9051613791788	2.556355953360491
16.0	73.90596376600783	2.556355953360491
17.0	73.90675962392055	2.556355953360491
18.0	73.90754895556344	2.556355953360491
19.0	73.90833176358302	2.556355953360491
20.0	73.90910805062576	2.556355953360491
21.0	73.9098778193382	2.556355953360491
22.0	73.91064107236684	2.556355953360491
23.0	73.91139781235817	2.556355953360491
24.0	73.9121480419587	2.556355953360491
25.0	73.91289176381494	2.556355953360491
26.0	73.9136289805734	2.556355953360491
27.0	73.91435969488057	2.556355953360491
28.0	73.91508390938297	2.556355953360491
29.0	73.9158016267271	2.556355953360491
30.0	73.91651284955947	2.556355953360491
31.0	73.91721758052655	2.556355953360491
32.0	73.9179158222749	2.556355953360491
33.0	73.91860757745101	2.556355953360491
34.0	73.91929284870136	2.556355953360491
35.0	73.91997163867246	2.556355953360491
36.0	73.92064395001084	2.556355953360491
37.0	73.921309785363	2.556355953360491
38.0	73.92196914737539	2.556355953360491
39.0	73.9226220386946	2.556355953360491
40.0	73.92326846196708	2.556355953360491
41.0	73.92390841983936	2.556355953360491
42.0	73.92454191495793	2.556355953360491
43.0	73.9251689499693	2.556355953360491
44.0	73.92578952752	2.556355953360491
45.0	73.92640365025649	2.556355953360491
46.0	73.92701132082529	2.556355953360491
47.0	73.92761254187292	2.556355953360491
48.0	73.92820731604587	2.556355953360491
49.0	73.92879564599066	2.556355953360491
50.0	73.92937753435378	2.556355953360491
51.0	73.92995298378175	2.556355953360491
52.0	73.93052199692106	2.556355953360491
53.0	73.93108457641821	2.556355953360491
54.0	73.93164072491973	2.556355953360491
55.0	73.93219044507212	2.556355953360491
56.0	73.93273373952188	2.556355953360491
57.0	73.93327061091549	2.556355953360491
58.0	73.93380106189949	2.556355953360491
59.0	73.93432509512037	2.556355953360491
60.0	73.93484271322465	2.556355953360491
61.0	73.93535391885881	2.556355953360491
62.0	73.93585871466938	2.556355953360491
63.0	73.93635710330284	2.556355953360491
64.0	73.9368490874057	2.556355953360491
65.0	73.9373346696245	2.556355953360491
66.0	73.93781385260571	2.556355953360491
67.0	73.93828663899585	2.556355953360491
68.0	73.9387530314414	2.556355953360491
69.0	73.9392130325889	2.556355953360491
70.0	73.93966664508483	2.556355953360491
71.0	73.94011387157572	2.556355953360491
72.0	73.94055471470803	2.556355953360491
73.0	73.94098917712832	2.556355953360491
74.0	73.94141726148307	2.556355953360491
75.0	73.94183897041876	2.556355953360491
76.0	73.94225430658194	2.556355953360491
77.0	73.9426632726191	2.556355953360491
78.0	73.94306587117673	2.556355953360491
79.0	73.94346210490134	2.556355953360491
80.0	73.94385197643945	2.556355953360491
81.0	73.94423548843756	2.556355953360491
82.0	73.94461264354217	2.556355953360491
83.0	73.94498344439977	2.556355953360491
84.0	73.94534789365689	2.556355953360491
85.0	73.94570599396003	2.556355953360491
86.0	73.94605774795569	2.556355953360491
87.0	73.94640315829037	2.556355953360491
88.0	73.94674222761059	2.556355953360491
89.0	73.94707495856285	2.556355953360491
90.0	73.94740135379364	2.556355953360491
91.0	73.94772141594949	2.556355953360491
92.0	73.94803514767688	2.556355953360491
93.0	73.94834255162233	2.556355953360491
94.0	73.94864363043234	2.556355953360491
95.0	73.94893838675343	2.556355953360491
96.0	73.94922682323208	2.556355953360491
97.0	73.94950894251481	2.556355953360491
98.0	73.94978474724812	2.556355953360491
99.0	73.95005424007853	2.556355953360491
100.0	73.95031742365252	2.556355953360491
101.0	73.95057430061661	2.556355953360491
102.0	73.95082487361731	2.556355953360491
103.0	73.95106914530112	2.556355953360491
104.0	73.95130711831455	2.556355953360491
105.0	73.95153879530407	2.556355953360491
106.0	73.95176417891624	2.556355953360491
107.0	73.95198327179753	2.556355953360491
108.0	73.95219607659446	2.556355953360491
109.0	73.95240259595352	2.556355953360491
110.0	73.95260283252122	2.556355953360491
111.0	73.95279678894408	2.556355953360491
112.0	73.95298446786859	2.556355953360491
113.0	73.95316587194127	2.556355953360491
114.0	73.9533410038086	2.556355953360491
115.0	73.95350986611712	2.556355953360491
116.0	73.95367246151329	2.556355953360491
117.0	73.95382879264366	2.556355953360491
118.0	73.95397886215471	2.556355953360491
119.0	73.95412267269295	2.556355953360491
120.0	73.95426022690488	2.556355953360491
121.0	73.95439152743701	2.556355953360491
122.0	73.95451657693586	2.556355953360491
123.0	73.95463537804791	2.556355953360491
124.0	73.95474793341967	2.556355953360491
125.0	73.95485424569766	2.556355953360491
126.0	73.95495431752839	2.556355953360491
127.0	73.95504815155832	2.556355953360491
128.0	73.95513575043401	2.556355953360491
129.0	73.95521711680193	2.556355953360491
130.0	73.95529225330861	2.556355953360491
131.0	73.95536116260052	2.556355953360491
132.0	73.95542384732421	2.556355953360491
133.0	73.95548031012616	2.556355953360491
134.0	73.95553055365288	2.556355953360491
135.0	73.95557458055085	2.556355953360491
136.0	73.95561239346661	2.556355953360491
137.0	73.95564399504666	2.556355953360491
138.0	73.95566938793748	2.556355953360491
139.0	73.95568857478561	2.556355953360491
140.0	73.95570155823754	2.556355953360491
141.0	73.95570834093976	2.556355953360491
142.0	73.95570892553879	2.556355953360491
143.0	73.95570331468114	2.556355953360491
144.0	73.95569151101331	2.556355953360491
145.0	73.95567351718181	2.556355953360491
146.0	73.95564933583312	2.556355953360491
147.0	73.95561896961378	2.556355953360491
148.0	73.95558242117028	2.556355953360491
149.0	73.95553969314912	2.556355953360491
150.0	73.9554907881968	2.556355953360491
151.0	73.95543570895984	2.556355953360491
152.0	73.95537445808475	2.556355953360491
153.0	73.955307038218	2.556355953360491
154.0	73.95523345200614	2.556355953360491
155.0	73.95515370209566	2.556355953360491
156.0	73.95506779113305	2.556355953360491
157.0	73.95497572176481	2.556355953360491
158.0	73.9548774966375	2.556355953360491
159.0	73.95477311839755	2.556355953360491
160.0	73.95466258969152	2.556355953360491
161.0	73.95454591316587	2.556355953360491
162.0	73.95442309146716	2.556355953360491
163.0	73.95429412724187	2.556355953360491
164.0	73.95415902313647	2.556355953360491
165.0	73.95401778179752	2.556355953360491
166.0	73.9538704058715	2.556355953360491
167.0	73.95371689800491	2.556355953360491
168.0	73.95355726084426	2.556355953360491
169.0	73.95339149703607	2.556355953360491
170.0	73.95321960922682	2.556355953360491
171.0	73.95304160006303	2.556355953360491
172.0	73.9528574721912	2.556355953360491
173.0	73.95266722825784	2.556355953360491
174.0	73.95247087090945	2.556355953360491
175.0	73.95226840279253	2.556355953360491
176.0	73.95205982655361	2.556355953360491
177.0	73.95184514483917	2.556355953360491
178.0	73.95162436029572	2.556355953360491
179.0	73.95139747556976	2.556355953360491
180.0	73.95116449330783	2.556355953360491
181.0	73.9509254161564	2.556355953360491
182.0	73.95068024676198	2.556355953360491
183.0	73.95042898777106	2.556355953360491
184.0	73.95017164183018	2.556355953360491
185.0	73.94990821158584	2.556355953360491
186.0	73.94963869968451	2.556355953360491
187.0	73.94936310877273	2.556355953360491
188.0	73.949081441497	2.556355953360491
189.0	73.94879370050381	2.556355953360491
190.0	73.94849988843967	2.556355953360491
191.0	73.9482000079511	2.556355953360491
192.0	73.94789406168461	2.556355953360491
193.0	73.94758205228666	2.556355953360491
194.0	73.9472639824038	2.556355953360491
195.0	73.94693985468253	2.556355953360491
196.0	73.94660967176932	2.556355953360491
197.0	73.94627343631072	2.556355953360491
198.0	73.9459311509532	2.556355953360491
199.0	73.9455828183433	2.556355953360491
200.0	73.9452284411275	2.556355953360491
201.0	73.94486802195229	2.556355953360491
202.0	73.94450156346423	2.556355953360491
203.0	73.94412906830978	2.556355953360491
204.0	73.94375053913545	2.556355953360491
205.0	73.94336597858774	2.556355953360491
206.0	73.94297538931318	2.556355953360491
207.0	73.94257877395826	2.556355953360491
208.0	73.94217613516949	2.556355953360491
209.0	73.94176747559337	2.556355953360491
210.0	73.9413527978764	2.556355953360491
211.0	73.94093210466511	2.556355953360491
212.0	73.94050539860596	2.556355953360491
213.0	73.9400726823455	2.556355953360491
214.0	73.93963395853022	2.556355953360491
215.0	73.93918922980663	2.556355953360491
216.0	73.9387384988212	2.556355953360491
217.0	73.93828176822049	2.556355953360491
218.0	73.93781904065096	2.556355953360491
219.0	73.93735031875914	2.556355953360491
220.0	73.93687560519153	2.556355953360491
221.0	73.93639490259464	2.556355953360491
222.0	73.93590821361497	2.556355953360491
223.0	73.93541554089902	2.556355953360491
224.0	73.93491688709327	2.556355953360491
225.0	73.93441225484429	2.556355953360491
226.0	73.93390164679853	2.556355953360491
227.0	73.93338506560252	2.556355953360491
228.0	73.93286251390276	2.556355953360491
229.0	73.93233399434575	2.556355953360491
230.0	73.93179950957801	2.556355953360491
231.0	73.93125906224603	2.556355953360491
232.0	73.93071265499631	2.556355953360491
233.0	73.93016029047538	2.556355953360491
234.0	73.92960197132973	2.556355953360491
235.0	73.92903770020585	2.556355953360491
236.0	73.92846747975028	2.556355953360491
237.0	73.92789131260949	2.556355953360491
238.0	73.92730920143	2.556355953360491
239.0	73.92672114885833	2.556355953360491
240.0	73.92612715754096	2.556355953360491
241.0	73.92552723012442	2.556355953360491
242.0	73.92492136925517	2.556355953360491
243.0	73.92430957757978	2.556355953360491
244.0	73.9236918577447	2.556355953360491
245.0	73.92306821239647	2.556355953360491
246.0	73.92243864418157	2.556355953360491
247.0	73.92180315574653	2.556355953360491
248.0	73.92116174973783	2.556355953360491
249.0	73.92051442880198	2.556355953360491
250.0	73.91986119558551	2.556355953360491
251.0	73.9192020527349	2.556355953360491
252.0	73.91853700289667	2.556355953360491
253.0	73.9178660487173	2.556355953360491
254.0	73.91718919284334	2.556355953360491
255.0	73.91650643792124	2.556355953360491
256.0	73.91581778659756	2.556355953360491
257.0	73.91512324151874	2.556355953360491
258.0	73.91442280533136	2.556355953360491
259.0	73.91371648068187	2.556355953360491
260.0	73.9130042702168	2.556355953360491
261.0	73.91228617658264	2.556355953360491
262.0	73.91156220242591	2.556355953360491
263.0	73.91083235039312	2.556355953360491
264.0	73.91009662313074	2.556355953360491
265.0	73.90935502328531	2.556355953360491
266.0	73.90860755350333	2.556355953360491
267.0	73.9078542164313	2.556355953360491
268.0	73.90709501471571	2.556355953360491
269.0	73.90632995100309	2.556355953360491
270.0	73.90555902793994	2.556355953360491
271.0	73.90478224817275	2.556355953360491
272.0	73.90399961434804	2.556355953360491
273.0	73.90321112911231	2.556355953360491
274.0	73.90241679511206	2.556355953360491
275.0	73.9016166149938	2.556355953360491
276.0	73.90081059140404	2.556355953360491
277.0	73.89999872698928	2.556355953360491
278.0	73.89918102439603	2.556355953360491
279.0	73.89835748627078	2.556355953360491
280.0	73.89752811526006	2.556355953360491
281.0	73.89669291401036	2.556355953360491
282.0	73.89585188516817	2.556355953360491
283.0	73.89500503138002	2.556355953360491
284.0	73.8941523552924	2.556355953360491
285.0	73.89329385955185	2.556355953360491
286.0	73.8924295468048	2.556355953360491
287.0	73.89155941969784	2.556355953360491
288.0	73.89068348087743	2.556355953360491
289.0	73.88980173299008	2.556355953360491
290.0	73.88891417868228	2.556355953360491
291.0	73.88802082060057	2.556355953360491
292.0	73.88712166139145	2.556355953360491
293.0	73.8862167037014	2.556355953360491
294.0	73.88530595017691	2.556355953360491
295.0	73.88438940346455	2.556355953360491
296.0	73.88346706621078	2.556355953360491
297.0	73.88253894106211	2.556355953360491
298.0	73.88160503066504	2.556355953360491
299.0	73.88066533766609	2.556355953360491
300.0	73.87971986471176	2.556355953360491
301.0	73.87876861444855	2.556355953360491
302.0	73.87781158952296	2.556355953360491
303.0	73.87684879258153	2.556355953360491
304.0	73.87588022627072	2.556355953360491
305.0	73.87490589323706	2.556355953360491
306.0	73.87392579612704	2.556355953360491
307.0	73.87293993758719	2.556355953360491
308.0	73.871948320264	2.556355953360491
309.0	73.87095094680396	2.556355953360491
310.0	73.86994781985359	2.556355953360491
311.0	73.8689389420594	2.556355953360491
312.0	73.86792431606789	2.556355953360491
313.0	73.86690394452557	2.556355953360491
314.0	73.86587783007894	2.556355953360491
315.0	73.86484597537451	2.556355953360491
316.0	73.86380838305875	2.556355953360491
317.0	73.86276505577823	2.556355953360491
318.0	73.86171599617941	2.556355953360491
319.0	73.86066120690882	2.556355953360491
320.0	73.85960069061292	2.556355953360491
321.0	73.85853444993826	2.556355953360491
322.0	73.85746248753134	2.556355953360491
323.0	73.85638480603863	2.556355953360491
324.0	73.8553014081067	2.556355953360491
325.0	73.854212296382	2.556355953360491
326.0	73.85311747351105	2.556355953360491
327.0	73.85201694214035	2.556355953360491
328.0	73.85091070491642	2.556355953360491
329.0	73.84979876448575	2.556355953360491
330.0	73.84868112349487	2.556355953360491
331.0	73.84755778459025	2.556355953360491
332.0	73.84642875041843	2.556355953360491
333.0	73.84529402362588	2.556355953360491
334.0	73.84415360685914	2.556355953360491
335.0	73.84300750276466	2.556355953360491
336.0	73.84185571398902	2.556355953360491
337.0	73.84069824317868	2.556355953360491
338.0	73.83953509298014	2.556355953360491
339.0	73.83836626603994	2.556355953360491
340.0	73.83719176500456	2.556355953360491
341.0	73.8360115925205	2.556355953360491
342.0	73.83482575123428	2.556355953360491
343.0	73.83363424379239	2.556355953360491
344.0	73.83243707284136	2.556355953360491
345.0	73.83123424102767	2.556355953360491
346.0	73.83002575099782	2.556355953360491
347.0	73.82881160539834	2.556355953360491
348.0	73.82759180687574	2.556355953360491
349.0	73.82636635807648	2.556355953360491
350.0	73.82513526164712	2.556355953360491
351.0	73.82389852023414	2.556355953360491
352.0	73.82265613648404	2.556355953360491
353.0	73.82140811304332	2.556355953360491
354.0	73.8201544525585	2.556355953360491
355.0	73.81889515767608	2.556355953360491
356.0	73.81763023104259	2.556355953360491
357.0	73.81635967530447	2.556355953360491
358.0	73.81508349310829	2.556355953360491
359.0	73.81380168710054	2.556355953360491
360.0	73.81251425992768	2.556355953360491
361.0	73.81122121423628	2.556355953360491
362.0	73.80992255267282	2.556355953360491
363.0	73.8086182778838	2.556355953360491
364.0	73.8073083925157	2.556355953360491
365.0	73.80599289921507	2.556355953360491
366.0	73.8046718006284	2.556355953360491
367.0	73.8033450994022	2.556355953360491
368.0	73.80201279818294	2.556355953360491
369.0	73.80067489961718	2.556355953360491
370.0	73.79933140635138	2.556355953360491
371.0	73.79798232103208	2.556355953360491
372.0	73.79662764630575	2.556355953360491
373.0	73.79526738481891	2.556355953360491
374.0	73.7939015392181	2.556355953360491
375.0	73.79253011214975	2.556355953360491
376.0	73.79115310626044	2.556355953360491
377.0	73.78977052419663	2.556355953360491
378.0	73.78838236860484	2.556355953360491
379.0	73.78698864213156	2.556355953360491
380.0	73.78558934742334	2.556355953360491
381.0	73.78418448712664	2.556355953360491
382.0	73.78277406388797	2.556355953360491
383.0	73.78135808035384	2.556355953360491
384.0	73.77993653917078	2.556355953360491
385.0	73.77850944298527	2.556355953360491
386.0	73.77707679444379	2.556355953360491
387.0	73.7756385961929	2.556355953360491
388.0	73.77419485087908	2.556355953360491
389.0	73.77274556114884	2.556355953360491
390.0	73.77129072964865	2.556355953360491
391.0	73.76983035902508	2.556355953360491
392.0	73.7683644519246	2.556355953360491
393.0	73.7668930109937	2.556355953360491
394.0	73.7654160388789	2.556355953360491
395.0	73.76393353822671	2.556355953360491
396.0	73.76244551168362	2.556355953360491
397.0	73.76095196189615	2.556355953360491
398.0	73.7594528915108	2.556355953360491
399.0	73.75794830317409	2.556355953360491
400.0	73.75643819953251	2.556355953360491
401.0	73.75492258323256	2.556355953360491
402.0	73.75340145692074	2.556355953360491
403.0	73.75187482324358	2.556355953360491
404.0	73.75034268484758	2.556355953360491
405.0	73.74880504437922	2.556355953360491
406.0	73.74726190448503	2.556355953360491
407.0	73.74571326781151	2.556355953360491
408.0	73.74415913700516	2.556355953360491
409.0	73.74259951471248	2.556355953360491
410.0	73.74103440357999	2.556355953360491
411.0	73.7394638062542	2.556355953360491
412.0	73.73788772538157	2.556355953360491
413.0	73.73630616360866	2.556355953360491
414.0	73.73471912358194	2.556355953360491
415.0	73.73312660794795	2.556355953360491
416.0	73.73152861935314	2.556355953360491
417.0	73.72992516044408	2.556355953360491
418.0	73.72831623386723	2.556355953360491
419.0	73.72670184226912	2.556355953360491
420.0	73.72508198829622	2.556355953360491
421.0	73.72345667459508	2.556355953360491
422.0	73.72182590381219	2.556355953360491
423.0	73.72018967859402	2.556355953360491
424.0	73.71854800158712	2.556355953360491
425.0	73.71690087543799	2.556355953360491
426.0	73.71524830279311	2.556355953360491
427.0	73.71359028629901	2.556355953360491
428.0	73.71192682860217	2.556355953360491
429.0	73.71025793234914	2.556355953360491
430.0	73.70858360018637	2.556355953360491
431.0	73.70690383476038	2.556355953360491
432.0	73.70521863871771	2.556355953360491
433.0	73.70352801470483	2.556355953360491
434.0	73.70183196536824	2.556355953360491
435.0	73.7001304933545	2.556355953360491
436.0	73.69842360131004	2.556355953360491
437.0	73.69671129188143	2.556355953360491
438.0	73.69499356771512	2.556355953360491
439.0	73.69327043145765	2.556355953360491
440.0	73.69154188575551	2.556355953360491
441.0	73.68980793325522	2.556355953360491
442.0	73.68806857660327	2.556355953360491
443.0	73.68632381844618	2.556355953360491
444.0	73.68457366143045	2.556355953360491
445.0	73.68281810820258	2.556355953360491
446.0	73.68105716140906	2.556355953360491
447.0	73.67929082369643	2.556355953360491
448.0	73.67751909771118	2.556355953360491
449.0	73.6757419860998	2.556355953360491
450.0	73.67395949150881	2.556355953360491
451.0	73.67217161658472	2.556355953360491
452.0	73.67037836397402	2.556355953360491
453.0	73.66857973632322	2.556355953360491
454.0	73.66677573627884	2.556355953360491
455.0	73.66496636648738	2.556355953360491
456.0	73.66315162959532	2.556355953360491
457.0	73.66133152824918	2.556355953360491
458.0	73.65950606509548	2.556355953360491
459.0	73.65767524278071	2.556355953360491
460.0	73.65583906395138	2.556355953360491
461.0	73.65399753125399	2.556355953360491
462.0	73.65215064733506	2.556355953360491
463.0	73.65029841484109	2.556355953360491
464.0	73.64844083641854	2.556355953360491
465.0	73.646577914714	2.556355953360491
466.0	73.6447096523739	2.556355953360491
467.0	73.6428360520448	2.556355953360491
468.0	73.64095711637316	2.556355953360491
469.0	73.63907284800551	2.556355953360491
470.0	73.63718324958836	2.556355953360491
471.0	73.63528832376818	2.556355953360491
472.0	73.63338807319153	2.556355953360491
473.0	73.63148250050487	2.556355953360491
474.0	73.62957160835472	2.556355953360491
475.0	73.62765539938758	2.556355953360491
476.0	73.62573387624998	2.556355953360491
477.0	73.62380704158839	2.556355953360491
478.0	73.62187489804934	2.556355953360491
479.0	73.61993744827932	2.556355953360491
480.0	73.61799469492485	2.556355953360491
481.0	73.61604664063242	2.556355953360491
482.0	73.61409328804855	2.556355953360491
483.0	73.61213463981971	2.556355953360491
484.0	73.61017069859247	2.556355953360491
485.0	73.60820146701327	2.556355953360491
486.0	73.60622694772864	2.556355953360491
487.0	73.60424714338511	2.556355953360491
488.0	73.60226205662916	2.556355953360491
489.0	73.60027169010729	2.556355953360491
490.0	73.598276046466	2.556355953360491
491.0	73.59627512835182	2.556355953360491
492.0	73.59426893841125	2.556355953360491
493.0	73.59225747929078	2.556355953360491
494.0	73.5902407536369	2.556355953360491
495.0	73.58821876409617	2.556355953360491
496.0	73.58619151331506	2.556355953360491
497.0	73.58415900394007	2.556355953360491
498.0	73.58212123861772	2.556355953360491
499.0	73.5800782199945	2.556355953360491
500.0	73.57802995071694	2.556355953360491
501.0	73.5759764334315	2.556355953360491
502.0	73.57391767078475	2.556355953360491
503.0	73.57185366542315	2.556355953360491
504.0	73.5697844199932	2.556355953360491
505.0	73.56770993714142	2.556355953360491
506.0	73.56563021951432	2.556355953360491
507.0	73.56354526975841	2.556355953360491
508.0	73.56145509052018	2.556355953360491
509.0	73.55935968444612	2.556355953360491
510.0	73.55725905418278	2.556355953360491
511.0	73.55515320237663	2.556355953360491
512.0	73.55304213167418	2.556355953360491
513.0	73.55092584472195	2.556355953360491
514.0	73.54880434416644	2.556355953360491
515.0	73.54667763265415	2.556355953360491
516.0	73.54454571283156	2.556355953360491
517.0	73.54240858734524	2.556355953360491
518.0	73.54026625884164	2.556355953360491
519.0	73.53811872996728	2.556355953360491
520.0	73.53596600336866	2.556355953360491
521.0	73.5338080816923	2.556355953360491
522.0	73.5316449675847	2.556355953360491
523.0	73.52947666369234	2.556355953360491
524.0	73.52730317266176	2.556355953360491
525.0	73.52512449713946	2.556355953360491
526.0	73.52294063977193	2.556355953360491
527.0	73.52075160320568	2.556355953360491
528.0	73.51855739008722	2.556355953360491
529.0	73.51635800306306	2.556355953360491
530.0	73.51415344477971	2.556355953360491
531.0	73.51194371788363	2.556355953360491
532.0	73.50972882502137	2.556355953360491
533.0	73.50750876883943	2.556355953360491
534.0	73.5052835519843	2.556355953360491
535.0	73.5030531771025	2.556355953360491
536.0	73.50081764684053	2.556355953360491
537.0	73.4985769638449	2.556355953360491
538.0	73.49633113076209	2.556355953360491
539.0	73.49408015023863	2.556355953360491
540.0	73.49182402492103	2.556355953360491
541.0	73.48956275745579	2.556355953360491
542.0	73.48729635048937	2.556355953360491
543.0	73.48502480666835	2.556355953360491
544.0	73.48274812863919	2.556355953360491
545.0	73.48046631904842	2.556355953360491
546.0	73.4781793805425	2.556355953360491
547.0	73.47588731576798	2.556355953360491
548.0	73.47359012737135	2.556355953360491
549.0	73.47128781799911	2.556355953360491
550.0	73.46898039029777	2.556355953360491
551.0	73.46666784691385	2.556355953360491
552.0	73.46435019049383	2.556355953360491
553.0	73.46202742368422	2.556355953360491
554.0	73.45969954913154	2.556355953360491
555.0	73.45736656948229	2.556355953360491
556.0	73.45502848738296	2.556355953360491
557.0	73.45268530548006	2.556355953360491
558.0	73.45033702642012	2.556355953360491
559.0	73.44798365284963	2.556355953360491
560.0	73.44562518741506	2.556355953360491
561.0	73.44326163276297	2.556355953360491
562.0	73.44089299153984	2.556355953360491
563.0	73.43851926639219	2.556355953360491
564.0	73.43614045996648	2.556355953360491
565.0	73.43375657490927	2.556355953360491
566.0	73.43136761386704	2.556355953360491
567.0	73.4289735794863	2.556355953360491
568.0	73.42657447441354	2.556355953360491
569.0	73.42417030129529	2.556355953360491
570.0	73.42176106277803	2.556355953360491
571.0	73.41934676150828	2.556355953360491
572.0	73.41692740013255	2.556355953360491
573.0	73.41450298129735	2.556355953360491
574.0	73.41207350764917	2.556355953360491
575.0	73.40963898183449	2.556355953360491
576.0	73.40719940649987	2.556355953360491
577.0	73.40475478429178	2.556355953360491
578.0	73.40230511785674	2.556355953360491
579.0	73.39985040984124	2.556355953360491
580.0	73.3973906628918	2.556355953360491
581.0	73.39492587965492	2.556355953360491
582.0	73.3924560627771	2.556355953360491
583.0	73.38998121490485	2.556355953360491
584.0	73.38750133868467	2.556355953360491
585.0	73.38501643676308	2.556355953360491
586.0	73.38252651178657	2.556355953360491
587.0	73.38003156640166	2.556355953360491
588.0	73.37753160325484	2.556355953360491
589.0	73.37502662499261	2.556355953360491
590.0	73.37251663426149	2.556355953360491
591.0	73.37000163370799	2.556355953360491
592.0	73.3674816259786	2.556355953360491
593.0	73.36495661371983	2.556355953360491
594.0	73.36242659957817	2.556355953360491
595.0	73.35989158620016	2.556355953360491
596.0	73.35735157623229	2.556355953360491
597.0	73.35480657232104	2.556355953360491
598.0	73.35225657711295	2.556355953360491
599.0	73.34970159325452	2.556355953360491
600.0	73.34714162339223	2.556355953360491
601.0	73.34457667017261	2.556355953360491
602.0	73.34200673624215	2.556355953360491
603.0	73.33943182424738	2.556355953360491
604.0	73.33685193683478	2.556355953360491
605.0	73.33426707665085	2.556355953360491
606.0	73.33167724634212	2.556355953360491
607.0	73.32908244855508	2.556355953360491
608.0	73.32648268593623	2.556355953360491
609.0	73.32387796113208	2.556355953360491
610.0	73.32126827678916	2.556355953360491
611.0	73.31865363555394	2.556355953360491
612.0	73.31603404007294	2.556355953360491
613.0	73.31340949299266	2.556355953360491
614.0	73.31077999695961	2.556355953360491
615.0	73.3081455546203	2.556355953360491
616.0	73.3055061686212	2.556355953360491
617.0	73.30286184160887	2.556355953360491
618.0	73.3002125762298	2.556355953360491
619.0	73.29755837513046	2.556355953360491
620.0	73.29489924095739	2.556355953360491
621.0	73.29223517635708	2.556355953360491
622.0	73.28956618397605	2.556355953360491
623.0	73.28689226646078	2.556355953360491
624.0	73.2842134264578	2.556355953360491
625.0	73.2815296666136	2.556355953360491
626.0	73.27884098957469	2.556355953360491
627.0	73.27614739798757	2.556355953360491
628.0	73.27344889449876	2.556355953360491
629.0	73.27074548175476	2.556355953360491
630.0	73.26803716240207	2.556355953360491
631.0	73.26532393908717	2.556355953360491
632.0	73.26260581445662	2.556355953360491
633.0	73.25988279115688	2.556355953360491
634.0	73.25715487183447	2.556355953360491
635.0	73.2544220591359	2.556355953360491
636.0	73.25168435570768	2.556355953360491
637.0	73.2489417641963	2.556355953360491
638.0	73.24619428724826	2.556355953360491
639.0	73.24344192751009	2.556355953360491
640.0	73.24068468762829	2.556355953360491
641.0	73.23792257024935	2.556355953360491
642.0	73.23515557801977	2.556355953360491
643.0	73.23238371358607	2.556355953360491
644.0	73.22960697959476	2.556355953360491
645.0	73.22682537869234	2.556355953360491
646.0	73.2240389135253	2.556355953360491
647.0	73.22124758674018	2.556355953360491
648.0	73.21845140098344	2.556355953360491
649.0	73.21565035890161	2.556355953360491
650.0	73.21284446314121	2.556355953360491
651.0	73.21003371634872	2.556355953360491
652.0	73.20721812117065	2.556355953360491
653.0	73.20439768025349	2.556355953360491
654.0	73.20157239624379	2.556355953360491
655.0	73.19874227178803	2.556355953360491
656.0	73.19590730953271	2.556355953360491
657.0	73.19306751212432	2.556355953360491
658.0	73.1902228822094	2.556355953360491
659.0	73.18737342243445	2.556355953360491
660.0	73.18451913544594	2.556355953360491
661.0	73.18166002389042	2.556355953360491
662.0	73.17879609041437	2.556355953360491
663.0	73.17592733766429	2.556355953360491
664.0	73.17305376828669	2.556355953360491
665.0	73.17017538492809	2.556355953360491
666.0	73.16729219023499	2.556355953360491
667.0	73.16440418685389	2.556355953360491
668.0	73.16151137743128	2.556355953360491
669.0	73.15861376461369	2.556355953360491
670.0	73.15571135104763	2.556355953360491
671.0	73.15280413937955	2.556355953360491
672.0	73.14989213225604	2.556355953360491
673.0	73.14697533232355	2.556355953360491
674.0	73.14405374222859	2.556355953360491
675.0	73.14112736461766	2.556355953360491
676.0	73.1381962021373	2.556355953360491
677.0	73.13526025743397	2.556355953360491
678.0	73.13231953315422	2.556355953360491
679.0	73.12937403194451	2.556355953360491
680.0	73.12642375645137	2.556355953360491
681.0	73.12346870932132	2.556355953360491
682.0	73.12050889320082	2.556355953360491
683.0	73.11754431073642	2.556355953360491
684.0	73.1145749645746	2.556355953360491
685.0	73.11160085736188	2.556355953360491
686.0	73.10862199174474	2.556355953360491
687.0	73.10563837036972	2.556355953360491
688.0	73.10264999588331	2.556355953360491
689.0	73.09965687093201	2.556355953360491
690.0	73.09665899816231	2.556355953360491
691.0	73.09365638022075	2.556355953360491
692.0	73.09064901975383	2.556355953360491
693.0	73.08763691940803	2.556355953360491
694.0	73.08462008182985	2.556355953360491
695.0	73.08159850966585	2.556355953360491
696.0	73.07857220556248	2.556355953360491
697.0	73.07554117216625	2.556355953360491
698.0	73.0725054121237	2.556355953360491
699.0	73.06946492808132	2.556355953360491
700.0	73.0664197226856	2.556355953360491
701.0	73.06336979858304	2.556355953360491
702.0	73.06031515842018	2.556355953360491
703.0	73.05725580484349	2.556355953360491
704.0	73.0541917404995	2.556355953360491
705.0	73.0511229680347	2.556355953360491
706.0	73.04804949009561	2.556355953360491
707.0	73.04497130932872	2.556355953360491
708.0	73.04188842838053	2.556355953360491
709.0	73.03880084989757	2.556355953360491
710.0	73.03570857652632	2.556355953360491
711.0	73.0326116109133	2.556355953360491
712.0	73.02950995570501	2.556355953360491
713.0	73.02640361354796	2.556355953360491
714.0	73.02329258708865	2.556355953360491
715.0	73.02017687897359	2.556355953360491
716.0	73.01705649184926	2.556355953360491
717.0	73.01393142836221	2.556355953360491
718.0	73.01080169115892	2.556355953360491
719.0	73.00766728288588	2.556355953360491
720.0	73.00452820618962	2.556355953360491
721.0	73.00138446371665	2.556355953360491
722.0	72.99823605811345	2.556355953360491
723.0	72.99508299202652	2.556355953360491
724.0	72.99192526810242	2.556355953360491
725.0	72.9887628889876	2.556355953360491
726.0	72.98559585732859	2.556355953360491
727.0	72.98242417577187	2.556355953360491
728.0	72.97924784696397	2.556355953360491
729.0	72.9760668735514	2.556355953360491
730.0	72.97288125818065	2.556355953360491
731.0	72.96969100349821	2.556355953360491
732.0	72.96649611215062	2.556355953360491
733.0	72.96329658678437	2.556355953360491
734.0	72.96009243004595	2.556355953360491
735.0	72.95688364458188	2.556355953360491
736.0	72.95367023303868	2.556355953360491
737.0	72.95045219806283	2.556355953360491
738.0	72.94722954230083	2.556355953360491
739.0	72.94400226839923	2.556355953360491
740.0	72.94077037900449	2.556355953360491
741.0	72.93753387676313	2.556355953360491
742.0	72.93429276432164	2.556355953360491
743.0	72.93104704432656	2.556355953360491
744.0	72.92779671942436	2.556355953360491
745.0	72.92454179226156	2.556355953360491
746.0	72.92128226548469	2.556355953360491
747.0	72.9180181417402	2.556355953360491
748.0	72.91474942367465	2.556355953360491
749.0	72.9114761139345	2.556355953360491
750.0	72.9081982151663	2.556355953360491
751.0	72.90491573001651	2.556355953360491
752.0	72.90162866113167	2.556355953360491
753.0	72.89833701115825	2.556355953360491
754.0	72.8950407827428	2.556355953360491
755.0	72.89173997853179	2.556355953360491
756.0	72.88843460117172	2.556355953360491
757.0	72.88512465330913	2.556355953360491
758.0	72.88181013759052	2.556355953360491
759.0	72.87849105666237	2.556355953360491
760.0	72.87516741317118	2.556355953360491
761.0	72.8718392097635	2.556355953360491
762.0	72.8685064490858	2.556355953360491
763.0	72.86516913378459	2.556355953360491
764.0	72.86182726650635	2.556355953360491
765.0	72.85848084989765	2.556355953360491
766.0	72.85512988660494	2.556355953360491
767.0	72.85177437927476	2.556355953360491
768.0	72.84841433055358	2.556355953360491
769.0	72.84504974308793	2.556355953360491
770.0	72.84168061952431	2.556355953360491
771.0	72.83830696250921	2.556355953360491
772.0	72.83492877468916	2.556355953360491
773.0	72.83154605871066	2.556355953360491
774.0	72.8281588172202	2.556355953360491
775.0	72.82476705286429	2.556355953360491
776.0	72.82137076828944	2.556355953360491
777.0	72.81796996614217	2.556355953360491
778.0	72.81456464906896	2.556355953360491
779.0	72.81115481971631	2.556355953360491
780.0	72.80774048073076	2.556355953360491
781.0	72.8043216347588	2.556355953360491
782.0	72.8008982844469	2.556355953360491
783.0	72.79747043244161	2.556355953360491
784.0	72.79403808138943	2.556355953360491
785.0	72.79060123393685	2.556355953360491
786.0	72.78715989273036	2.556355953360491
787.0	72.78371406041651	2.556355953360491
788.0	72.78026373964178	2.556355953360491
789.0	72.77680893305268	2.556355953360491
790.0	72.77334964329569	2.556355953360491
791.0	72.76988587301734	2.556355953360491
792.0	72.76641762486415	2.556355953360491
793.0	72.76294490148257	2.556355953360491
794.0	72.75946770551917	2.556355953360491
795.0	72.75598603962042	2.556355953360491
796.0	72.75249990643285	2.556355953360491
797.0	72.74900930860291	2.556355953360491
798.0	72.74551424877717	2.556355953360491
799.0	72.7420147296021	2.556355953360491
800.0	72.73851075372421	2.556355953360491
801.0	72.73500232379	2.556355953360491
802.0	72.73148944244599	2.556355953360491
803.0	72.72797211233869	2.556355953360491
804.0	72.72445033611459	2.556355953360491
805.0	72.72092411642016	2.556355953360491
806.0	72.71739345590198	2.556355953360491
807.0	72.71385835720652	2.556355953360491
808.0	72.71031882298026	2.556355953360491
809.0	72.70677485586974	2.556355953360491
810.0	72.70322645852146	2.556355953360491
811.0	72.69967363358191	2.556355953360491
812.0	72.6961163836976	2.556355953360491
813.0	72.69255471151504	2.556355953360491
814.0	72.68898861968074	2.556355953360491
815.0	72.68541811084121	2.556355953360491
816.0	72.68184318764293	2.556355953360491
817.0	72.67826385273241	2.556355953360491
818.0	72.67468010875619	2.556355953360491
819.0	72.67109195836072	2.556355953360491
820.0	72.66749940419255	2.556355953360491
821.0	72.66390244889817	2.556355953360491
822.0	72.6603010951241	2.556355953360491
823.0	72.6566953455168	2.556355953360491
824.0	72.65308520272282	2.556355953360491
825.0	72.64947066938865	2.556355953360491
826.0	72.64585174816081	2.556355953360491
827.0	72.64222844168576	2.556355953360491
828.0	72.63860075261005	2.556355953360491
829.0	72.63496868358018	2.556355953360491
830.0	72.63133223724265	2.556355953360491
831.0	72.62769141624393	2.556355953360491
832.0	72.62404622323058	2.556355953360491
833.0	72.62039666084908	2.556355953360491
834.0	72.61674273174592	2.556355953360491
835.0	72.61308443856764	2.556355953360491
836.0	72.60942178396073	2.556355953360491
837.0	72.60575477057168	2.556355953360491
838.0	72.602083401047	2.556355953360491
839.0	72.59840767803321	2.556355953360491
840.0	72.59472760417682	2.556355953360491
841.0	72.59104318212431	2.556355953360491
842.0	72.5873544145222	2.556355953360491
843.0	72.58366130401699	2.556355953360491
844.0	72.5799638532552	2.556355953360491
845.0	72.5762620648833	2.556355953360491
846.0	72.57255594154783	2.556355953360491
847.0	72.56884548589528	2.556355953360491
848.0	72.56513070057217	2.556355953360491
849.0	72.56141158822497	2.556355953360491
850.0	72.55768815150023	2.556355953360491
851.0	72.55396039304443	2.556355953360491
852.0	72.55022831550409	2.556355953360491
853.0	72.54649192152567	2.556355953360491
854.0	72.54275121375574	2.556355953360491
855.0	72.53900619484077	2.556355953360491
856.0	72.53525686742724	2.556355953360491
857.0	72.53150323416172	2.556355953360491
858.0	72.52774529769066	2.556355953360491
859.0	72.5239830606606	2.556355953360491
860.0	72.52021652571801	2.556355953360491
861.0	72.51644569550943	2.556355953360491
862.0	72.51267057268134	2.556355953360491
863.0	72.50889115988026	2.556355953360491
864.0	72.5051074597527	2.556355953360491
865.0	72.50131947494513	2.556355953360491
866.0	72.4975272081041	2.556355953360491
867.0	72.4937306618761	2.556355953360491
868.0	72.48992983890761	2.556355953360491
869.0	72.48612474184517	2.556355953360491
870.0	72.48231537333528	2.556355953360491
871.0	72.47850173602441	2.556355953360491
872.0	72.47468383255912	2.556355953360491
873.0	72.47086166558587	2.556355953360491
874.0	72.46703523775119	2.556355953360491
875.0	72.46320455170157	2.556355953360491
876.0	72.45936961008353	2.556355953360491
877.0	72.45553041554356	2.556355953360491
878.0	72.45168697072818	2.556355953360491
879.0	72.44783927828387	2.556355953360491
880.0	72.44398734085716	2.556355953360491
881.0	72.44013116109456	2.556355953360491
882.0	72.43627074164253	2.556355953360491
883.0	72.43240608514763	2.556355953360491
884.0	72.42853719425635	2.556355953360491
885.0	72.42466407161518	2.556355953360491
886.0	72.42078671987063	2.556355953360491
887.0	72.41690514166922	2.556355953360491
888.0	72.41301933965744	2.556355953360491
889.0	72.4091293164818	2.556355953360491
890.0	72.40523507478878	2.556355953360491
891.0	72.40133661722493	2.556355953360491
892.0	72.39743394643673	2.556355953360491
893.0	72.39352706507067	2.556355953360491
894.0	72.3896159757733	2.556355953360491
895.0	72.3857006811911	2.556355953360491
896.0	72.38178118397056	2.556355953360491
897.0	72.3778574867582	2.556355953360491
898.0	72.37392959220054	2.556355953360491
899.0	72.36999750294406	2.556355953360491
900.0	72.36606122163528	2.556355953360491
901.0	72.36212075092068	2.556355953360491
902.0	72.3581760934468	2.556355953360491
903.0	72.35422725186014	2.556355953360491
904.0	72.35027422880718	2.556355953360491
905.0	72.34631702693444	2.556355953360491
906.0	72.34235564888844	2.556355953360491
907.0	72.33839009731567	2.556355953360491
908.0	72.3344203748626	2.556355953360491
909.0	72.33044648417581	2.556355953360491
910.0	72.32646842790176	2.556355953360491
911.0	72.32248620868697	2.556355953360491
912.0	72.31849982917791	2.556355953360491
913.0	72.31450929202111	2.556355953360491
914.0	72.3105145998631	2.556355953360491
915.0	72.30651575535036	2.556355953360491
916.0	72.30251276112938	2.556355953360491
917.0	72.2985056198467	2.556355953360491
918.0	72.2944943341488	2.556355953360491
919.0	72.29047890668218	2.556355953360491
920.0	72.28645934009337	2.556355953360491
921.0	72.28243563702887	2.556355953360491
922.0	72.27840780013517	2.556355953360491
923.0	72.27437583205877	2.556355953360491
924.0	72.2703397354462	2.556355953360491
925.0	72.26629951294396	2.556355953360491
926.0	72.26225516719853	2.556355953360491
927.0	72.25820670085643	2.556355953360491
928.0	72.2541541165642	2.556355953360491
929.0	72.25009741696829	2.556355953360491
930.0	72.24603660471523	2.556355953360491
931.0	72.24197168245152	2.556355953360491
932.0	72.23790265282369	2.556355953360491
933.0	72.23382951847822	2.556355953360491
934.0	72.2297522820616	2.556355953360491
935.0	72.22567094622036	2.556355953360491
936.0	72.221585513601	2.556355953360491
937.0	72.21749598685004	2.556355953360491
938.0	72.21340236861394	2.556355953360491
939.0	72.20930466153926	2.556355953360491
940.0	72.20520286827248	2.556355953360491
941.0	72.20109699146009	2.556355953360491
942.0	72.19698703374861	2.556355953360491
943.0	72.19287299778456	2.556355953360491
944.0	72.18875488621443	2.556355953360491
945.0	72.1846327016847	2.556355953360491
946.0	72.18050644684193	2.556355953360491
947.0	72.17637612433259	2.556355953360491
948.0	72.17224173680319	2.556355953360491
949.0	72.16810328690022	2.556355953360491
950.0	72.16396077727022	2.556355953360491
951.0	72.15981421055967	2.556355953360491
952.0	72.15566358941508	2.556355953360491
953.0	72.15150891648295	2.556355953360491
954.0	72.14735019440981	2.556355953360491
955.0	72.14318742584214	2.556355953360491
956.0	72.13902061342644	2.556355953360491
957.0	72.13484975980923	2.556355953360491
958.0	72.13067486763703	2.556355953360491
959.0	72.1264959395563	2.556355953360491
960.0	72.12231297821359	2.556355953360491
961.0	72.1181259862554	2.556355953360491
962.0	72.1139349663282	2.556355953360491
963.0	72.10973992107853	2.556355953360491
964.0	72.10554085315287	2.556355953360491
965.0	72.10133776519775	2.556355953360491
966.0	72.09713065985966	2.556355953360491
967.0	72.0929195397851	2.556355953360491
968.0	72.0887044076206	2.556355953360491
969.0	72.08448526601263	2.556355953360491
970.0	72.08026211760773	2.556355953360491
971.0	72.07603496505239	2.556355953360491
972.0	72.0718038109931	2.556355953360491
973.0	72.0675686580764	2.556355953360491
974.0	72.06332950894875	2.556355953360491
975.0	72.05908636625668	2.556355953360491
976.0	72.05483923264671	2.556355953360491
977.0	72.05058811076533	2.556355953360491
978.0	72.04633300325904	2.556355953360491
979.0	72.04207391277434	2.556355953360491
980.0	72.03781084195775	2.556355953360491
981.0	72.03354379345579	2.556355953360491
982.0	72.02927276991491	2.556355953360491
983.0	72.02499777398168	2.556355953360491
984.0	72.02071880830256	2.556355953360491
985.0	72.01643587552408	2.556355953360491
986.0	72.01214897829273	2.556355953360491
987.0	72.00785811925502	2.556355953360491
988.0	72.00356330105747	2.556355953360491
989.0	71.99926452634655	2.556355953360491
990.0	71.9949617977688	2.556355953360491
991.0	71.9906551179707	2.556355953360491
992.0	71.98634448959878	2.556355953360491
993.0	71.98202991529952	2.556355953360491
994.0	71.97771139771945	2.556355953360491
995.0	71.97338893950504	2.556355953360491
996.0	71.96906254330284	2.556355953360491
997.0	71.96473221175931	2.556355953360491
998.0	71.960397947521	2.556355953360491
999.0	71.95605975323438	2.556355953360491
1000.0	71.95171763154597	2.556355953360491
1001.0	71.94737158510227	2.556355953360491
1002.0	71.9430216165498	2.556355953360491
1003.0	71.93866772853505	2.556355953360491
1004.0	71.9343099237045	2.556355953360491
1005.0	71.92994820470471	2.556355953360491
1006.0	71.92558257418216	2.556355953360491
1007.0	71.92121303478335	2.556355953360491
1008.0	71.91683958915478	2.556355953360491
1009.0	71.91246223994297	2.556355953360491
1010.0	71.90808098979443	2.556355953360491
1011.0	71.90369584135564	2.556355953360491
1012.0	71.89930679727311	2.556355953360491
1013.0	71.89491386019337	2.556355953360491
1014.0	71.8905170327629	2.556355953360491
1015.0	71.88611631762824	2.556355953360491
1016.0	71.88171171743582	2.556355953360491
1017.0	71.87730323483224	2.556355953360491
1018.0	71.87289087246394	2.556355953360491
1019.0	71.86847463297744	2.556355953360491
1020.0	71.86405451901926	2.556355953360491
1021.0	71.8596305332359	2.556355953360491
1022.0	71.85520267827386	2.556355953360491
1023.0	71.85077095677963	2.556355953360491
1024.0	71.84633537139973	2.556355953360491
1025.0	71.84189592478069	2.556355953360491
1026.0	71.83745261956898	2.556355953360491
1027.0	71.8330054584111	2.556355953360491
1028.0	71.82855444395359	2.556355953360491
1029.0	71.82409957884293	2.556355953360491
1030.0	71.81964086572562	2.556355953360491
1031.0	71.81517830724819	2.556355953360491
1032.0	71.81071190605714	2.556355953360491
1033.0	71.80624166479896	2.556355953360491
1034.0	71.80176758612015	2.556355953360491
1035.0	71.79728967266723	2.556355953360491
1036.0	71.79280792708671	2.556355953360491
1037.0	71.78832235202509	2.556355953360491
1038.0	71.78383295012885	2.556355953360491
1039.0	71.77933972404455	2.556355953360491
1040.0	71.77484267641864	2.556355953360491
1041.0	71.77034180989766	2.556355953360491
1042.0	71.7658371271281	2.556355953360491
1043.0	71.76132863075647	2.556355953360491
1044.0	71.75681632342926	2.556355953360491
1045.0	71.752300207793	2.556355953360491
1046.0	71.74778028649418	2.556355953360491
1047.0	71.74325656217931	2.556355953360491
1048.0	71.73872903749489	2.556355953360491
1049.0	71.73419771508743	2.556355953360491
1050.0	71.72966259760344	2.556355953360491
1051.0	71.72512368768942	2.556355953360491
1052.0	71.72058098799187	2.556355953360491
1053.0	71.71603450115728	2.556355953360491
1054.0	71.7114842298322	2.556355953360491
1055.0	71.7069301766631	2.556355953360491
1056.0	71.70237234429649	2.556355953360491
1057.0	71.6978107353789	2.556355953360491
1058.0	71.6932453525568	2.556355953360491
1059.0	71.68867619847671	2.556355953360491
1060.0	71.68410327578513	2.556355953360491
1061.0	71.67952658712858	2.556355953360491
1062.0	71.67494613515356	2.556355953360491
1063.0	71.67036192250656	2.556355953360491
1064.0	71.6657739518341	2.556355953360491
1065.0	71.66118222578267	2.556355953360491
1066.0	71.6565867469988	2.556355953360491
1067.0	71.65198751812896	2.556355953360491
1068.0	71.6473845418197	2.556355953360491
1069.0	71.6427778207175	2.556355953360491
1070.0	71.63816735746887	2.556355953360491
1071.0	71.63355315472029	2.556355953360491
1072.0	71.6289352151183	2.556355953360491
1073.0	71.62431354130939	2.556355953360491
1074.0	71.61968813594008	2.556355953360491
1075.0	71.61505900165683	2.556355953360491
1076.0	71.6104261411062	2.556355953360491
1077.0	71.60578955693468	2.556355953360491
1078.0	71.60114925178874	2.556355953360491
1079.0	71.59650522831494	2.556355953360491
1080.0	71.59185748915975	2.556355953360491
1081.0	71.58720603696969	2.556355953360491
1082.0	71.58255087439123	2.556355953360491
1083.0	71.57789200407093	2.556355953360491
1084.0	71.57322942865525	2.556355953360491
1085.0	71.56856315079074	2.556355953360491
1086.0	71.56389317312384	2.556355953360491
1087.0	71.55921949830112	2.556355953360491
1088.0	71.55454212896906	2.556355953360491
1089.0	71.54986106777416	2.556355953360491
1090.0	71.54517631736292	2.556355953360491
1091.0	71.54048788038186	2.556355953360491
1092.0	71.53579575947748	2.556355953360491
1093.0	71.53109995729628	2.556355953360491
1094.0	71.52640047648478	2.556355953360491
1095.0	71.52169731968947	2.556355953360491
1096.0	71.51699048955686	2.556355953360491
1097.0	71.51227998873344	2.556355953360491
1098.0	71.50756581986575	2.556355953360491
1099.0	71.50284798560027	2.556355953360491
1100.0	71.49812648858351	2.556355953360491
1101.0	71.49340133146197	2.556355953360491
1102.0	71.48867251688216	2.556355953360491
1103.0	71.4839400474906	2.556355953360491
1104.0	71.47920392593376	2.556355953360491
1105.0	71.47446415485818	2.556355953360491
1106.0	71.46972073691035	2.556355953360491
1107.0	71.46497367473678	2.556355953360491
1108.0	71.46022297098395	2.556355953360491
1109.0	71.4554686282984	2.556355953360491
1110.0	71.45071064932664	2.556355953360491
1111.0	71.44594903671513	2.556355953360491
1112.0	71.44118379311041	2.556355953360491
1113.0	71.43641492115898	2.556355953360491
1114.0	71.43164242350734	2.556355953360491
1115.0	71.426866302802	2.556355953360491
1116.0	71.42208656168945	2.556355953360491
1117.0	71.41730320281623	2.556355953360491
1118.0	71.41251622882882	2.556355953360491
1119.0	71.4077256423737	2.556355953360491
1120.0	71.40293144609743	2.556355953360491
1121.0	71.39813364264648	2.556355953360491
1122.0	71.39333223466737	2.556355953360491
1123.0	71.38852722480658	2.556355953360491
1124.0	71.38371861571063	2.556355953360491
1125.0	71.37890641002606	2.556355953360491
1126.0	71.37409061039932	2.556355953360491
1127.0	71.36927121947694	2.556355953360491
1128.0	71.36444823990543	2.556355953360491
1129.0	71.3596216743313	2.556355953360491
1130.0	71.35479152540101	2.556355953360491
1131.0	71.34995779576113	2.556355953360491
1132.0	71.34512048805813	2.556355953360491
1133.0	71.34027960493852	2.556355953360491
1134.0	71.33543514904878	2.556355953360491
1135.0	71.33058712303546	2.556355953360491
1136.0	71.32573552954504	2.556355953360491
1137.0	71.32088037122405	2.556355953360491
1138.0	71.31602165071894	2.556355953360491
1139.0	71.31115937067628	2.556355953360491
1140.0	71.30629353374253	2.556355953360491
1141.0	71.3014241425642	2.556355953360491
1142.0	71.29655119978783	2.556355953360491
1143.0	71.29167470805989	2.556355953360491
1144.0	71.28679467002691	2.556355953360491
1145.0	71.28191108833535	2.556355953360491
1146.0	71.27702396563177	2.556355953360491
1147.0	71.27213330456264	2.556355953360491
1148.0	71.26723910777449	2.556355953360491
1149.0	71.2623413779138	2.556355953360491
1150.0	71.25744011762708	2.556355953360491
1151.0	71.25253532956086	2.556355953360491
1152.0	71.24762701636162	2.556355953360491
1153.0	71.24271518067586	2.556355953360491
1154.0	71.2377998251501	2.556355953360491
1155.0	71.23288095243086	2.556355953360491
1156.0	71.22795856516461	2.556355953360491
1157.0	71.22303266599789	2.556355953360491
1158.0	71.21810325757717	2.556355953360491
1159.0	71.21317034254899	2.556355953360491
1160.0	71.20823392355982	2.556355953360491
1161.0	71.20329400325619	2.556355953360491
1162.0	71.1983505842846	2.556355953360491
1163.0	71.19340366929156	2.556355953360491
1164.0	71.18845326092355	2.556355953360491
1165.0	71.1834993618271	2.556355953360491
1166.0	71.17854197464872	2.556355953360491
1167.0	71.17358110203489	2.556355953360491
1168.0	71.16861674663214	2.556355953360491
1169.0	71.16364891108697	2.556355953360491
1170.0	71.15867759804587	2.556355953360491
1171.0	71.15370281015534	2.556355953360491
1172.0	71.14872455006191	2.556355953360491
1173.0	71.14374282041209	2.556355953360491
1174.0	71.13875762385236	2.556355953360491
1175.0	71.13376896302921	2.556355953360491
1176.0	71.1287768405892	2.556355953360491
1177.0	71.1237812591788	2.556355953360491
1178.0	71.1187822214445	2.556355953360491
1179.0	71.11377973003286	2.556355953360491
1180.0	71.10877378759032	2.556355953360491
1181.0	71.10376439676344	2.556355953360491
1182.0	71.09875156019868	2.556355953360491
1183.0	71.09373528054257	2.556355953360491
1184.0	71.08871556044163	2.556355953360491
1185.0	71.08369240254234	2.556355953360491
1186.0	71.07866580949118	2.556355953360491
1187.0	71.07363578393472	2.556355953360491
1188.0	71.06860232851942	2.556355953360491
1189.0	71.0635654458918	2.556355953360491
1190.0	71.05852513869836	2.556355953360491
1191.0	71.0534814095856	2.556355953360491
1192.0	71.04843426120004	2.556355953360491
1193.0	71.04338369618817	2.556355953360491
1194.0	71.0383297171965	2.556355953360491
1195.0	71.03327232687155	2.556355953360491
1196.0	71.02821152785982	2.556355953360491
1197.0	71.02314732280779	2.556355953360491
1198.0	71.01807971436199	2.556355953360491
1199.0	71.01300870516891	2.556355953360491
1200.0	71.00793429787507	2.556355953360491
1201.0	71.00285649512696	2.556355953360491
1202.0	70.9977752995711	2.556355953360491
1203.0	70.99269071385399	2.556355953360491
1204.0	70.98760274062212	2.556355953360491
1205.0	70.98251138252203	2.556355953360491
1206.0	70.9774166422002	2.556355953360491
1207.0	70.97231852230314	2.556355953360491
1208.0	70.96721702547732	2.556355953360491
1209.0	70.96211215436932	2.556355953360491
1210.0	70.95700391162559	2.556355953360491
1211.0	70.95189229989266	2.556355953360491
1212.0	70.946777321817	2.556355953360491
1213.0	70.94165898004516	2.556355953360491
1214.0	70.93653727722362	2.556355953360491
1215.0	70.93141221599888	2.556355953360491
1216.0	70.92628379901747	2.556355953360491
1217.0	70.92115202892587	2.556355953360491
1218.0	70.91601690837061	2.556355953360491
1219.0	70.91087843999816	2.556355953360491
1220.0	70.90573662645505	2.556355953360491
1221.0	70.9005914703878	2.556355953360491
1222.0	70.89544297444287	2.556355953360491
1223.0	70.8902911412668	2.556355953360491
1224.0	70.8851359735061	2.556355953360491
1225.0	70.87997747380724	2.556355953360491
1226.0	70.87481564481676	2.556355953360491
1227.0	70.86965048918114	2.556355953360491
1228.0	70.8644820095469	2.556355953360491
1229.0	70.85931020856056	2.556355953360491
1230.0	70.85413508886857	2.556355953360491
1231.0	70.84895665311751	2.556355953360491
1232.0	70.84377490395383	2.556355953360491
1233.0	70.83858984402406	2.556355953360491
1234.0	70.83340147597468	2.556355953360491
1235.0	70.82820980245222	2.556355953360491
1236.0	70.82301482610319	2.556355953360491
1237.0	70.81781654957408	2.556355953360491
1238.0	70.81261497551138	2.556355953360491
1239.0	70.80741010656163	2.556355953360491
1240.0	70.80220194537131	2.556355953360491
1241.0	70.79699049458692	2.556355953360491
1242.0	70.791775756855	2.556355953360491
1243.0	70.78655773482204	2.556355953360491
1244.0	70.78133643113452	2.556355953360491
1245.0	70.77611184843897	2.556355953360491
1246.0	70.77088398938189	2.556355953360491
1247.0	70.76565285660979	2.556355953360491
1248.0	70.76041845276916	2.556355953360491
1249.0	70.7551807805065	2.556355953360491
1250.0	70.74993984246835	2.556355953360491
1251.0	70.74469564130119	2.556355953360491
1252.0	70.73944817965153	2.556355953360491
1253.0	70.73419746016587	2.556355953360491
1254.0	70.72894348549073	2.556355953360491
1255.0	70.72368625827261	2.556355953360491
1256.0	70.71842578115798	2.556355953360491
1257.0	70.71316205679341	2.556355953360491
1258.0	70.70789508782535	2.556355953360491
1259.0	70.70262487690033	2.556355953360491
1260.0	70.69735142666484	2.556355953360491
1261.0	70.69207473976542	2.556355953360491
1262.0	70.68679481884854	2.556355953360491
1263.0	70.68151166656071	2.556355953360491
1264.0	70.67622528554844	2.556355953360491
1265.0	70.67093567845824	2.556355953360491
1266.0	70.66564284793661	2.556355953360491
1267.0	70.66034679663005	2.556355953360491
1268.0	70.65504752718509	2.556355953360491
1269.0	70.64974504224821	2.556355953360491
1270.0	70.64443934446592	2.556355953360491
1271.0	70.63913043648472	2.556355953360491
1272.0	70.63381832095112	2.556355953360491
1273.0	70.62850300051164	2.556355953360491
1274.0	70.62318447781279	2.556355953360491
1275.0	70.61786275550101	2.556355953360491
1276.0	70.61253783622288	2.556355953360491
1277.0	70.60720972262489	2.556355953360491
1278.0	70.6018784173535	2.556355953360491
1279.0	70.59654392305528	2.556355953360491
1280.0	70.59120624237669	2.556355953360491
1281.0	70.58586537796425	2.556355953360491
1282.0	70.58052133246446	2.556355953360491
1283.0	70.57517410852383	2.556355953360491
1284.0	70.56982370878886	2.556355953360491
1285.0	70.56447013590606	2.556355953360491
1286.0	70.55911339252194	2.556355953360491
1287.0	70.553753481283	2.556355953360491
1288.0	70.54839040483574	2.556355953360491
1289.0	70.54302416582665	2.556355953360491
1290.0	70.53765476690228	2.556355953360491
1291.0	70.53228221070911	2.556355953360491
1292.0	70.52690649989364	2.556355953360491
1293.0	70.52152763710237	2.556355953360491
1294.0	70.51614562498183	2.556355953360491
1295.0	70.5107604661785	2.556355953360491
1296.0	70.5053721633389	2.556355953360491
1297.0	70.49998071910952	2.556355953360491
1298.0	70.49458613613689	2.556355953360491
1299.0	70.4891884170675	2.556355953360491
1300.0	70.48378756454785	2.556355953360491
1301.0	70.47838358122443	2.556355953360491
1302.0	70.4729764697438	2.556355953360491
1303.0	70.46756623275242	2.556355953360491
1304.0	70.4621528728968	2.556355953360491
1305.0	70.45673639282346	2.556355953360491
1306.0	70.4513167951789	2.556355953360491
1307.0	70.44589408260961	2.556355953360491
1308.0	70.4404682577621	2.556355953360491
1309.0	70.4350393232829	2.556355953360491
1310.0	70.42960728181849	2.556355953360491
1311.0	70.42417213601539	2.556355953360491
1312.0	70.41873388852007	2.556355953360491
1313.0	70.41329254197909	2.556355953360491
1314.0	70.40784809903892	2.556355953360491
1315.0	70.40240056234606	2.556355953360491
1316.0	70.39694993454704	2.556355953360491
1317.0	70.39149621828835	2.556355953360491
1318.0	70.3860394162165	2.556355953360491
1319.0	70.380579530978	2.556355953360491
1320.0	70.37511656521934	2.556355953360491
1321.0	70.36965052158703	2.556355953360491
1322.0	70.3641814027276	2.556355953360491
1323.0	70.3587092112875	2.556355953360491
1324.0	70.35323394991329	2.556355953360491
1325.0	70.34775562125145	2.556355953360491
1326.0	70.34227422794848	2.556355953360491
1327.0	70.3367897726509	2.556355953360491
1328.0	70.33130225800522	2.556355953360491
1329.0	70.32581168665793	2.556355953360491
1330.0	70.32031806125552	2.556355953360491
1331.0	70.31482138444454	2.556355953360491
1332.0	70.30932165887145	2.556355953360491
1333.0	70.3038188871828	2.556355953360491
1334.0	70.29831307202504	2.556355953360491
1335.0	70.29280421604473	2.556355953360491
1336.0	70.28729232188834	2.556355953360491
1337.0	70.28177739220239	2.556355953360491
1338.0	70.27625942963337	2.556355953360491
1339.0	70.2707384368278	2.556355953360491
1340.0	70.26521441643219	2.556355953360491
1341.0	70.25968737109302	2.556355953360491
1342.0	70.25415730345682	2.556355953360491
1343.0	70.24862421617009	2.556355953360491
1344.0	70.24308811187933	2.556355953360491
1345.0	70.23754899323103	2.556355953360491
1346.0	70.23200686287174	2.556355953360491
1347.0	70.22646172344793	2.556355953360491
1348.0	70.2209135776061	2.556355953360491
1349.0	70.21536242799276	2.556355953360491
1350.0	70.20980827725444	2.556355953360491
1351.0	70.20425112803763	2.556355953360491
1352.0	70.19869098298881	2.556355953360491
1353.0	70.19312784475451	2.556355953360491
1354.0	70.18756171598125	2.556355953360491
1355.0	70.18199259931552	2.556355953360491
1356.0	70.1764204974038	2.556355953360491
1357.0	70.17084541289263	2.556355953360491
1358.0	70.16526734842851	2.556355953360491
1359.0	70.15968630665793	2.556355953360491
1360.0	70.1541022902274	2.556355953360491
1361.0	70.14851530178343	2.556355953360491
1362.0	70.14292534397254	2.556355953360491
1363.0	70.1373324194412	2.556355953360491
1364.0	70.13173653083594	2.556355953360491
1365.0	70.12613768080327	2.556355953360491
1366.0	70.12053587198967	2.556355953360491
1367.0	70.11493110704166	2.556355953360491
1368.0	70.10932338860574	2.556355953360491
1369.0	70.10371271932843	2.556355953360491
1370.0	70.09809910185623	2.556355953360491
1371.0	70.09248253883563	2.556355953360491
1372.0	70.08686303291314	2.556355953360491
1373.0	70.08124058673528	2.556355953360491
1374.0	70.07561520294854	2.556355953360491
1375.0	70.06998688419942	2.556355953360491
1376.0	70.06435563313445	2.556355953360491
1377.0	70.05872145240012	2.556355953360491
1378.0	70.05308434464293	2.556355953360491
1379.0	70.0474443125094	2.556355953360491
1380.0	70.04180135864601	2.556355953360491
1381.0	70.0361554856993	2.556355953360491
1382.0	70.03050669631574	2.556355953360491
1383.0	70.02485499314186	2.556355953360491
1384.0	70.01920037882415	2.556355953360491
1385.0	70.01354285600914	2.556355953360491
1386.0	70.00788242734329	2.556355953360491
1387.0	70.00221909547314	2.556355953360491
1388.0	69.9965528630452	2.556355953360491
1389.0	69.99088373270594	2.556355953360491
1390.0	69.98521170710191	2.556355953360491
1391.0	69.97953678887959	2.556355953360491
1392.0	69.97385898068548	2.556355953360491
1393.0	69.96817828516608	2.556355953360491
1394.0	69.96249470496792	2.556355953360491
1395.0	69.9568082427375	2.556355953360491
1396.0	69.9511189011213	2.556355953360491
1397.0	69.94542668276586	2.556355953360491
1398.0	69.93973159031766	2.556355953360491
1399.0	69.93403362642321	2.556355953360491
1400.0	69.92833279372903	2.556355953360491
1401.0	69.9226290948816	2.556355953360491
1402.0	69.91692253252745	2.556355953360491
1403.0	69.91121310931308	2.556355953360491
1404.0	69.90550082788496	2.556355953360491
1405.0	69.89978569088966	2.556355953360491
1406.0	69.89406770097362	2.556355953360491
1407.0	69.8883468607834	2.556355953360491
1408.0	69.88262317296545	2.556355953360491
1409.0	69.87689664016632	2.556355953360491
1410.0	69.87116726503251	2.556355953360491
1411.0	69.86543505021051	2.556355953360491
1412.0	69.85969999834681	2.556355953360491
1413.0	69.85396211208796	2.556355953360491
1414.0	69.84822139408043	2.556355953360491
1415.0	69.84247784697072	2.556355953360491
1416.0	69.83673147340538	2.556355953360491
1417.0	69.83098227603087	2.556355953360491
1418.0	69.82523025749371	2.556355953360491
1419.0	69.8194754204404	2.556355953360491
1420.0	69.81371776751747	2.556355953360491
1421.0	69.8079573013714	2.556355953360491
1422.0	69.8021940246487	2.556355953360491
1423.0	69.79642793999587	2.556355953360491
1424.0	69.79065905005942	2.556355953360491
1425.0	69.78488735748586	2.556355953360491
1426.0	69.77911286492169	2.556355953360491
1427.0	69.77333557501342	2.556355953360491
1428.0	69.76755549040755	2.556355953360491
1429.0	69.7617726137506	2.556355953360491
1430.0	69.75598694768904	2.556355953360491
1431.0	69.75019849486941	2.556355953360491
1432.0	69.7444072579382	2.556355953360491
1433.0	69.73861323954192	2.556355953360491
1434.0	69.73281644232706	2.556355953360491
1435.0	69.72701686894015	2.556355953360491
1436.0	69.7212145220277	2.556355953360491
1437.0	69.71540940423617	2.556355953360491
1438.0	69.7096015182121	2.556355953360491
1439.0	69.70379086660199	2.556355953360491
1440.0	69.69797745205236	2.556355953360491
1441.0	69.69216127720966	2.556355953360491
1442.0	69.68634234472047	2.556355953360491
1443.0	69.68052065723126	2.556355953360491
1444.0	69.67469621738852	2.556355953360491
1445.0	69.66886902783875	2.556355953360491
1446.0	69.6630390912285	2.556355953360491
1447.0	69.65720641020425	2.556355953360491
1448.0	69.6513709874125	2.556355953360491
1449.0	69.64553282549974	2.556355953360491
1450.0	69.63969192711252	2.556355953360491
1451.0	69.63384829489732	2.556355953360491
1452.0	69.62800193150062	2.556355953360491
1453.0	69.62215283956898	2.556355953360491
1454.0	69.61630102174887	2.556355953360491
1455.0	69.61044648068679	2.556355953360491
1456.0	69.60458921902925	2.556355953360491
1457.0	69.59872923942278	2.556355953360491
1458.0	69.59286654451385	2.556355953360491
1459.0	69.587001136949	2.556355953360491
1460.0	69.58113301937469	2.556355953360491
1461.0	69.57526219443746	2.556355953360491
1462.0	69.56938866478382	2.556355953360491
1463.0	69.56351243306024	2.556355953360491
1464.0	69.55763350191326	2.556355953360491
1465.0	69.55175187398937	2.556355953360491
1466.0	69.54586755193509	2.556355953360491
1467.0	69.53998053839688	2.556355953360491
1468.0	69.5340908360213	2.556355953360491
1469.0	69.52819844745483	2.556355953360491
1470.0	69.52230337534398	2.556355953360491
1471.0	69.51640562233524	2.556355953360491
1472.0	69.51050519107514	2.556355953360491
1473.0	69.50460208421016	2.556355953360491
1474.0	69.49869630438684	2.556355953360491
1475.0	69.49278785425163	2.556355953360491
1476.0	69.4868767364511	2.556355953360491
1477.0	69.48096295363172	2.556355953360491
1478.0	69.47504650843997	2.556355953360491
1479.0	69.4691274035224	2.556355953360491
1480.0	69.4632056415255	2.556355953360491
1481.0	69.45728122509578	2.556355953360491
1482.0	69.45135415687973	2.556355953360491
1483.0	69.44542443952386	2.556355953360491
1484.0	69.43949207567469	2.556355953360491
1485.0	69.43355706797873	2.556355953360491
1486.0	69.42761941908243	2.556355953360491
1487.0	69.42167913163236	2.556355953360491
1488.0	69.41573620827499	2.556355953360491
1489.0	69.40979065165683	2.556355953360491
1490.0	69.40384246442441	2.556355953360491
1491.0	69.3978916492242	2.556355953360491
1492.0	69.39193820870273	2.556355953360491
1493.0	69.38598214550649	2.556355953360491
1494.0	69.38002346228198	2.556355953360491
1495.0	69.37406216167574	2.556355953360491
1496.0	69.36809824633423	2.556355953360491
1497.0	69.36213171890397	2.556355953360491
1498.0	69.35616258203149	2.556355953360491
1499.0	69.35019083836328	2.556355953360491
1500.0	69.3442164905458	2.556355953360491
1501.0	69.33823954122563	2.556355953360491
1502.0	69.33225999304925	2.556355953360491
1503.0	69.32627784866315	2.556355953360491
1504.0	69.32029311071382	2.556355953360491
1505.0	69.3143057818478	2.556355953360491
1506.0	69.3083158647116	2.556355953360491
1507.0	69.3023233619517	2.556355953360491
1508.0	69.29632827621458	2.556355953360491
1509.0	69.29033061014681	2.556355953360491
1510.0	69.28433036639485	2.556355953360491
1511.0	69.27832754760523	2.556355953360491
1512.0	69.27232215642442	2.556355953360491
1513.0	69.26631419549896	2.556355953360491
1514.0	69.26030366747536	2.556355953360491
1515.0	69.25429057500007	2.556355953360491
1516.0	69.24827492071967	2.556355953360491
1517.0	69.2422567072806	2.556355953360491
1518.0	69.23623593732943	2.556355953360491
1519.0	69.23021261351259	2.556355953360491
1520.0	69.22418673847663	2.556355953360491
1521.0	69.21815831486808	2.556355953360491
1522.0	69.21212734533339	2.556355953360491
1523.0	69.20609383251907	2.556355953360491
1524.0	69.20005777907167	2.556355953360491
1525.0	69.19401918763768	2.556355953360491
1526.0	69.18797806086356	2.556355953360491
1527.0	69.18193440139588	2.556355953360491
1528.0	69.1758882118811	2.556355953360491
1529.0	69.16983949496574	2.556355953360491
1530.0	69.1637882532963	2.556355953360491
1531.0	69.15773448951931	2.556355953360491
1532.0	69.15167820628125	2.556355953360491
1533.0	69.14561940622862	2.556355953360491
1534.0	69.13955809200793	2.556355953360491
1535.0	69.1334942662657	2.556355953360491
1536.0	69.12742793164844	2.556355953360491
1537.0	69.12135909080261	2.556355953360491
1538.0	69.11528774637476	2.556355953360491
1539.0	69.10921390101139	2.556355953360491
1540.0	69.10313755735899	2.556355953360491
1541.0	69.09705871806406	2.556355953360491
1542.0	69.09097738577314	2.556355953360491
1543.0	69.0848935631327	2.556355953360491
1544.0	69.07880725278926	2.556355953360491
1545.0	69.07271845738931	2.556355953360491
1546.0	69.06662717957937	2.556355953360491
1547.0	69.06053342200596	2.556355953360491
1548.0	69.05443718731556	2.556355953360491
1549.0	69.04833847815466	2.556355953360491
1550.0	69.0422372971698	2.556355953360491
1551.0	69.03613364700749	2.556355953360491
1552.0	69.0300275303142	2.556355953360491
1553.0	69.02391894973645	2.556355953360491
1554.0	69.01780790792077	2.556355953360491
1555.0	69.01169440751363	2.556355953360491
1556.0	69.00557845116154	2.556355953360491
1557.0	68.99946004151101	2.556355953360491
1558.0	68.99333918120857	2.556355953360491
1559.0	68.98721587290069	2.556355953360491
1560.0	68.98109011923388	2.556355953360491
1561.0	68.97496192285467	2.556355953360491
1562.0	68.96883128640955	2.556355953360491
1563.0	68.962698212545	2.556355953360491
1564.0	68.95656270390758	2.556355953360491
1565.0	68.95042476314376	2.556355953360491
1566.0	68.94428439290004	2.556355953360491
1567.0	68.93814159582293	2.556355953360491
1568.0	68.93199637455895	2.556355953360491
1569.0	68.9258487317546	2.556355953360491
1570.0	68.91969867005636	2.556355953360491
1571.0	68.91354619211076	2.556355953360491
1572.0	68.90739130056431	2.556355953360491
1573.0	68.90123399806352	2.556355953360491
1574.0	68.89507428725484	2.556355953360491
1575.0	68.88891217078485	2.556355953360491
1576.0	68.88274765130001	2.556355953360491
1577.0	68.87658073144684	2.556355953360491
1578.0	68.87041141387182	2.556355953360491
1579.0	68.86423970122149	2.556355953360491
1580.0	68.85806559614235	2.556355953360491
1581.0	68.8518891012809	2.556355953360491
1582.0	68.84571021928362	2.556355953360491
1583.0	68.83952895279705	2.556355953360491
1584.0	68.83334530446768	2.556355953360491
1585.0	68.82715927694203	2.556355953360491
1586.0	68.82097087286657	2.556355953360491
1587.0	68.81478009488784	2.556355953360491
1588.0	68.80858694565232	2.556355953360491
1589.0	68.80239142780654	2.556355953360491
1590.0	68.79619354399699	2.556355953360491
1591.0	68.78999329687018	2.556355953360491
1592.0	68.78379068907262	2.556355953360491
1593.0	68.77758572325078	2.556355953360491
1594.0	68.77137840205121	2.556355953360491
1595.0	68.7651687281204	2.556355953360491
1596.0	68.75895670410486	2.556355953360491
1597.0	68.75274233265107	2.556355953360491
1598.0	68.74652561640556	2.556355953360491
1599.0	68.74030655801485	2.556355953360491
1600.0	68.73408516012539	2.556355953360491
1601.0	68.72786142538374	2.556355953360491
1602.0	68.72163535643638	2.556355953360491
1603.0	68.71540695592982	2.556355953360491
1604.0	68.70917622651056	2.556355953360491
1605.0	68.70294317082512	2.556355953360491
1606.0	68.69670779151998	2.556355953360491
1607.0	68.69047009124168	2.556355953360491
1608.0	68.68423007263668	2.556355953360491
1609.0	68.67798773835153	2.556355953360491
1610.0	68.67174309103271	2.556355953360491
1611.0	68.66549613332671	2.556355953360491
1612.0	68.65924686788009	2.556355953360491
1613.0	68.6529952973393	2.556355953360491
1614.0	68.64674142435088	2.556355953360491
1615.0	68.6404852515613	2.556355953360491
1616.0	68.63422678161709	2.556355953360491
1617.0	68.62796601716477	2.556355953360491
1618.0	68.62170296085081	2.556355953360491
1619.0	68.61543761532172	2.556355953360491
1620.0	68.60916998322404	2.556355953360491
1621.0	68.60290006720425	2.556355953360491
1622.0	68.59662786990884	2.556355953360491
1623.0	68.59035339398434	2.556355953360491
1624.0	68.58407664207725	2.556355953360491
1625.0	68.57779761683408	2.556355953360491
1626.0	68.57151632090131	2.556355953360491
1627.0	68.56523275692547	2.556355953360491
1628.0	68.55894692755305	2.556355953360491
1629.0	68.55265883543058	2.556355953360491
1630.0	68.54636848320453	2.556355953360491
1631.0	68.54007587352143	2.556355953360491
1632.0	68.53378100902778	2.556355953360491
1633.0	68.52748389237009	2.556355953360491
1634.0	68.52118452619484	2.556355953360491
1635.0	68.51488291314857	2.556355953360491
1636.0	68.50857905587776	2.556355953360491
1637.0	68.50227295702891	2.556355953360491
1638.0	68.49596461924855	2.556355953360491
1639.0	68.48965404518319	2.556355953360491
1640.0	68.48334123747931	2.556355953360491
1641.0	68.4770261987834	2.556355953360491
1642.0	68.47070893174202	2.556355953360491
1643.0	68.46438943900164	2.556355953360491
1644.0	68.45806772320877	2.556355953360491
1645.0	68.45174378700989	2.556355953360491
1646.0	68.44541763305155	2.556355953360491
1647.0	68.43908926398024	2.556355953360491
1648.0	68.43275868244244	2.556355953360491
1649.0	68.42642589108469	2.556355953360491
1650.0	68.42009089255349	2.556355953360491
1651.0	68.41375368949532	2.556355953360491
1652.0	68.4074142845567	2.556355953360491
1653.0	68.40107268038413	2.556355953360491
1654.0	68.39472887962414	2.556355953360491
1655.0	68.3883828849232	2.556355953360491
1656.0	68.38203469892784	2.556355953360491
1657.0	68.37568432428455	2.556355953360491
1658.0	68.36933176363985	2.556355953360491
1659.0	68.36297701964024	2.556355953360491
1660.0	68.3566200949322	2.556355953360491
1661.0	68.35026099216226	2.556355953360491
1662.0	68.34389971397694	2.556355953360491
1663.0	68.33753626302271	2.556355953360491
1664.0	68.3311706419461	2.556355953360491
1665.0	68.32480285339362	2.556355953360491
1666.0	68.31843290001174	2.556355953360491
1667.0	68.312060784447	2.556355953360491
1668.0	68.30568650934589	2.556355953360491
1669.0	68.29931007735492	2.556355953360491
1670.0	68.29293149112058	2.556355953360491
1671.0	68.28655075328939	2.556355953360491
1672.0	68.28016786650787	2.556355953360491
1673.0	68.2737828334225	2.556355953360491
1674.0	68.26739565667978	2.556355953360491
1675.0	68.26100633892624	2.556355953360491
1676.0	68.25461488280838	2.556355953360491
1677.0	68.2482212909727	2.556355953360491
1678.0	68.24182556606569	2.556355953360491
1679.0	68.23542771073387	2.556355953360491
1680.0	68.22902772762374	2.556355953360491
1681.0	68.22262561938183	2.556355953360491
1682.0	68.2162213886546	2.556355953360491
1683.0	68.2098150380886	2.556355953360491
1684.0	68.20340657033032	2.556355953360491
1685.0	68.19699598802623	2.556355953360491
1686.0	68.19058329382288	2.556355953360491
1687.0	68.18416849036676	2.556355953360491
1688.0	68.17775158030439	2.556355953360491
1689.0	68.17133256628223	2.556355953360491
1690.0	68.16491145094683	2.556355953360491
1691.0	68.15848823694469	2.556355953360491
1692.0	68.1520629269223	2.556355953360491
1693.0	68.14563552352615	2.556355953360491
1694.0	68.1392060294028	2.556355953360491
1695.0	68.1327744471987	2.556355953360491
1696.0	68.1263407795604	2.556355953360491
1697.0	68.11990502913434	2.556355953360491
1698.0	68.1134671985671	2.556355953360491
1699.0	68.10702729050513	2.556355953360491
1700.0	68.10058530759497	2.556355953360491
1701.0	68.0941412524831	2.556355953360491
1702.0	68.08769512781605	2.556355953360491
1703.0	68.0812469362403	2.556355953360491
1704.0	68.07479668040237	2.556355953360491
1705.0	68.06834436294878	2.556355953360491
1706.0	68.061889986526	2.556355953360491
1707.0	68.05543355378056	2.556355953360491
1708.0	68.04897506735895	2.556355953360491
1709.0	68.04251452990769	2.556355953360491
1710.0	68.03605194407328	2.556355953360491
1711.0	68.0295873125022	2.556355953360491
1712.0	68.023120637841	2.556355953360491
1713.0	68.01665192273616	2.556355953360491
1714.0	68.0101811698342	2.556355953360491
1715.0	68.00370838178158	2.556355953360491
1716.0	67.99723356122486	2.556355953360491
1717.0	67.99075671081053	2.556355953360491
1718.0	67.98427783318509	2.556355953360491
1719.0	67.97779693099503	2.556355953360491
1720.0	67.97131400688687	2.556355953360491
1721.0	67.96482906350712	2.556355953360491
1722.0	67.95834210350228	2.556355953360491
1723.0	67.95185312951885	2.556355953360491
1724.0	67.94536214420334	2.556355953360491
1725.0	67.93886915020227	2.556355953360491
1726.0	67.9323741501621	2.556355953360491
1727.0	67.92587714672939	2.556355953360491
1728.0	67.91937814255061	2.556355953360491
1729.0	67.91287714027229	2.556355953360491
1730.0	67.9063741425409	2.556355953360491
1731.0	67.89986915200298	2.556355953360491
1732.0	67.89336217130501	2.556355953360491
1733.0	67.88685320309351	2.556355953360491
1734.0	67.88034225001498	2.556355953360491
1735.0	67.87382931471592	2.556355953360491
1736.0	67.86731439984285	2.556355953360491
1737.0	67.86079750804227	2.556355953360491
1738.0	67.85427864196068	2.556355953360491
1739.0	67.84775780424458	2.556355953360491
1740.0	67.84123499754048	2.556355953360491
1741.0	67.83471022449488	2.556355953360491
1742.0	67.82818348775432	2.556355953360491
1743.0	67.82165478996525	2.556355953360491
1744.0	67.81512413377422	2.556355953360491
1745.0	67.80859152182771	2.556355953360491
1746.0	67.80205695677223	2.556355953360491
1747.0	67.7955204412543	2.556355953360491
1748.0	67.78898197792039	2.556355953360491
1749.0	67.78244156941703	2.556355953360491
1750.0	67.77589921839075	2.556355953360491
1751.0	67.76935492748801	2.556355953360491
1752.0	67.76280869935532	2.556355953360491
1753.0	67.75626053663922	2.556355953360491
1754.0	67.7497104419862	2.556355953360491
1755.0	67.74315841804274	2.556355953360491
1756.0	67.73660446745535	2.556355953360491
1757.0	67.73004859287057	2.556355953360491
1758.0	67.7234907969349	2.556355953360491
1759.0	67.71693108229479	2.556355953360491
1760.0	67.7103694515968	2.556355953360491
1761.0	67.70380590748744	2.556355953360491
1762.0	67.69724045261319	2.556355953360491
1763.0	67.69067308962053	2.556355953360491
1764.0	67.68410382115601	2.556355953360491
1765.0	67.67753264986612	2.556355953360491
1766.0	67.67095957839739	2.556355953360491
1767.0	67.66438460939625	2.556355953360491
1768.0	67.6578077455093	2.556355953360491
1769.0	67.65122898938299	2.556355953360491
1770.0	67.64464834366382	2.556355953360491
1771.0	67.63806581099831	2.556355953360491
1772.0	67.63148139403299	2.556355953360491
1773.0	67.62489509541432	2.556355953360491
1774.0	67.61830691778883	2.556355953360491
1775.0	67.61171686380303	2.556355953360491
1776.0	67.60512493610341	2.556355953360491
1777.0	67.59853113733648	2.556355953360491
1778.0	67.59193547014874	2.556355953360491
1779.0	67.58533793718671	2.556355953360491
1780.0	67.57873854109688	2.556355953360491
1781.0	67.57213728452578	2.556355953360491
1782.0	67.56553417011988	2.556355953360491
1783.0	67.5589292005257	2.556355953360491
1784.0	67.55232237838976	2.556355953360491
1785.0	67.54571370635854	2.556355953360491
1786.0	67.53910318707857	2.556355953360491
1787.0	67.53249082319634	2.556355953360491
1788.0	67.52587661735835	2.556355953360491
1789.0	67.51926057221111	2.556355953360491
1790.0	67.51264269040114	2.556355953360491
1791.0	67.50602297457493	2.556355953360491
1792.0	67.49940142737898	2.556355953360491
1793.0	67.49277805145981	2.556355953360491
1794.0	67.48615284946392	2.556355953360491
1795.0	67.47952582403782	2.556355953360491
1796.0	67.472896977828	2.556355953360491
1797.0	67.46626631348097	2.556355953360491
1798.0	67.45963383364325	2.556355953360491
1799.0	67.45299954096133	2.556355953360491
1800.0	67.4463634380817	2.556355953360491
1801.0	67.43972552765092	2.556355953360491
1802.0	67.43308581231544	2.556355953360491
1803.0	67.42644429472179	2.556355953360491
1804.0	67.41980097751646	2.556355953360491
1805.0	67.41315586334596	2.556355953360491
1806.0	67.40650895485683	2.556355953360491
1807.0	67.39986025469553	2.556355953360491
1808.0	67.39320976550856	2.556355953360491
1809.0	67.38655748994248	2.556355953360491
1810.0	67.37990343064374	2.556355953360491
1811.0	67.37324759025886	2.556355953360491
1812.0	67.36658997143435	2.556355953360491
1813.0	67.35993057681674	2.556355953360491
1814.0	67.3532694090525	2.556355953360491
1815.0	67.34660647078813	2.556355953360491
1816.0	67.33994176467016	2.556355953360491
1817.0	67.3332752933451	2.556355953360491
1818.0	67.32660705945943	2.556355953360491
1819.0	67.31993706565966	2.556355953360491
1820.0	67.31326531459231	2.556355953360491
1821.0	67.30659180890389	2.556355953360491
1822.0	67.29991655124087	2.556355953360491
1823.0	67.29323954424979	2.556355953360491
1824.0	67.28656079057714	2.556355953360491
1825.0	67.27988029286944	2.556355953360491
1826.0	67.27319805377316	2.556355953360491
1827.0	67.26651407593484	2.556355953360491
1828.0	67.25982836200096	2.556355953360491
1829.0	67.25314091461806	2.556355953360491
1830.0	67.2464517364326	2.556355953360491
1831.0	67.23976083009113	2.556355953360491
1832.0	67.23306819824012	2.556355953360491
1833.0	67.22637384352609	2.556355953360491
1834.0	67.21967776859555	2.556355953360491
1835.0	67.21297997609499	2.556355953360491
1836.0	67.20628046867093	2.556355953360491
1837.0	67.19957924896985	2.556355953360491
1838.0	67.1928763196383	2.556355953360491
1839.0	67.18617168332275	2.556355953360491
1840.0	67.17946534266972	2.556355953360491
1841.0	67.1727573003257	2.556355953360491
1842.0	67.16604755893721	2.556355953360491
1843.0	67.15933612115074	2.556355953360491
1844.0	67.15262298961282	2.556355953360491
1845.0	67.14590816696993	2.556355953360491
1846.0	67.13919165586859	2.556355953360491
1847.0	67.1324734589553	2.556355953360491
1848.0	67.12575357887656	2.556355953360491
1849.0	67.11903201827889	2.556355953360491
1850.0	67.11230877980879	2.556355953360491
1851.0	67.10558386611274	2.556355953360491
1852.0	67.09885727983728	2.556355953360491
1853.0	67.0921290236289	2.556355953360491
1854.0	67.0853991001341	2.556355953360491
1855.0	67.0786675119994	2.556355953360491
1856.0	67.07193426187128	2.556355953360491
1857.0	67.06519935239628	2.556355953360491
1858.0	67.05846278622089	2.556355953360491
1859.0	67.05172456599158	2.556355953360491
1860.0	67.04498469435492	2.556355953360491
1861.0	67.03824317395737	2.556355953360491
1862.0	67.03150000744546	2.556355953360491
1863.0	67.02475519746565	2.556355953360491
1864.0	67.0180087466645	2.556355953360491
1865.0	67.0112606576885	2.556355953360491
1866.0	67.00451093318414	2.556355953360491
1867.0	66.99775957579793	2.556355953360491
1868.0	66.99100658817638	2.556355953360491
1869.0	66.98425197296599	2.556355953360491
1870.0	66.97749573281328	2.556355953360491
1871.0	66.97073787036472	2.556355953360491
1872.0	66.96397838826685	2.556355953360491
1873.0	66.95721728916618	2.556355953360491
1874.0	66.95045457570917	2.556355953360491
1875.0	66.94369025054237	2.556355953360491
1876.0	66.93692431631227	2.556355953360491
1877.0	66.93015677566538	2.556355953360491
1878.0	66.92338763124818	2.556355953360491
1879.0	66.91661688570721	2.556355953360491
1880.0	66.90984454168895	2.556355953360491
1881.0	66.90307060183993	2.556355953360491
1882.0	66.89629506880662	2.556355953360491
1883.0	66.88951794523555	2.556355953360491
1884.0	66.88273923377324	2.556355953360491
1885.0	66.87595893706614	2.556355953360491
1886.0	66.86917705776082	2.556355953360491
1887.0	66.86239359850374	2.556355953360491
1888.0	66.85560856194144	2.556355953360491
1889.0	66.84882195072038	2.556355953360491
1890.0	66.8420337674871	2.556355953360491
1891.0	66.8352440148881	2.556355953360491
1892.0	66.82845269556988	2.556355953360491
1893.0	66.82165981217894	2.556355953360491
1894.0	66.81486536736179	2.556355953360491
1895.0	66.80806936376494	2.556355953360491
1896.0	66.8012718040349	2.556355953360491
1897.0	66.79447269081815	2.556355953360491
1898.0	66.78767202676123	2.556355953360491
1899.0	66.78086981451062	2.556355953360491
1900.0	66.77406605671283	2.556355953360491
1901.0	66.76726075601437	2.556355953360491
1902.0	66.76045391506175	2.556355953360491
1903.0	66.75364553650145	2.556355953360491
1904.0	66.74683562298	2.556355953360491
1905.0	66.7400241771439	2.556355953360491
1906.0	66.73321120163965	2.556355953360491
1907.0	66.72639669911376	2.556355953360491
1908.0	66.71958067221273	2.556355953360491
1909.0	66.71276312358307	2.556355953360491
1910.0	66.70594405587129	2.556355953360491
1911.0	66.69912347172387	2.556355953360491
1912.0	66.69230137378734	2.556355953360491
1913.0	66.68547776470821	2.556355953360491
1914.0	66.67865264713298	2.556355953360491
1915.0	66.67182602370812	2.556355953360491
1916.0	66.66499789708018	2.556355953360491
1917.0	66.65816826989565	2.556355953360491
1918.0	66.65133714480105	2.556355953360491
1919.0	66.64450452444284	2.556355953360491
1920.0	66.63767041146758	2.556355953360491
1921.0	66.63083480852174	2.556355953360491
1922.0	66.62399771825181	2.556355953360491
1923.0	66.61715914330435	2.556355953360491
1924.0	66.61031908632583	2.556355953360491
1925.0	66.60347754996276	2.556355953360491
1926.0	66.59663453686164	2.556355953360491
1927.0	66.58979004966899	2.556355953360491
1928.0	66.5829440910313	2.556355953360491
1929.0	66.57609666359508	2.556355953360491
1930.0	66.56924777000683	2.556355953360491
1931.0	66.56239741291307	2.556355953360491
1932.0	66.5555455949603	2.556355953360491
1933.0	66.548692318795	2.556355953360491
1934.0	66.54183758706371	2.556355953360491
1935.0	66.53498140241294	2.556355953360491
1936.0	66.52812376748916	2.556355953360491
1937.0	66.52126468493887	2.556355953360491
1938.0	66.51440415740863	2.556355953360491
1939.0	66.5075421875449	2.556355953360491
1940.0	66.5006787779942	2.556355953360491
1941.0	66.49381393140303	2.556355953360491
1942.0	66.48694765041789	2.556355953360491
1943.0	66.4800799376853	2.556355953360491
1944.0	66.47321079585176	2.556355953360491
1945.0	66.46634022756376	2.556355953360491
1946.0	66.45946823546782	2.556355953360491
1947.0	66.45259482221046	2.556355953360491
1948.0	66.44571999043815	2.556355953360491
1949.0	66.43884374279743	2.556355953360491
1950.0	66.43196608193477	2.556355953360491
1951.0	66.42508701049671	2.556355953360491
1952.0	66.41820653112973	2.556355953360491
1953.0	66.41132464648035	2.556355953360491
1954.0	66.40444135919506	2.556355953360491
1955.0	66.39755667192038	2.556355953360491
1956.0	66.39067058730281	2.556355953360491
1957.0	66.38378310798885	2.556355953360491
1958.0	66.37689423662502	2.556355953360491
1959.0	66.3700039758578	2.556355953360491
1960.0	66.36311232833371	2.556355953360491
1961.0	66.35621929669927	2.556355953360491
1962.0	66.34932488360096	2.556355953360491
1963.0	66.34242909168529	2.556355953360491
1964.0	66.33553192359878	2.556355953360491
1965.0	66.32863338198791	2.556355953360491
1966.0	66.32173346949922	2.556355953360491
1967.0	66.31483218877918	2.556355953360491
1968.0	66.30792954247433	2.556355953360491
1969.0	66.30102553323114	2.556355953360491
1970.0	66.29412016369612	2.556355953360491
1971.0	66.2872134365158	2.556355953360491
1972.0	66.28030535433668	2.556355953360491
1973.0	66.27339591980525	2.556355953360491
1974.0	66.266485135568	2.556355953360491
1975.0	66.25957300427149	2.556355953360491
1976.0	66.25265952856218	2.556355953360491
1977.0	66.24574471108659	2.556355953360491
1978.0	66.2388285544912	2.556355953360491
1979.0	66.23191106142257	2.556355953360491
1980.0	66.22499223452715	2.556355953360491
1981.0	66.21807207645148	2.556355953360491
1982.0	66.21115058984203	2.556355953360491
1983.0	66.20422777734535	2.556355953360491
1984.0	66.19730364160792	2.556355953360491
1985.0	66.19037818527623	2.556355953360491
1986.0	66.18345141099682	2.556355953360491
1987.0	66.17652332141618	2.556355953360491
1988.0	66.16959391918081	2.556355953360491
1989.0	66.16266320693721	2.556355953360491
1990.0	66.1557311873319	2.556355953360491
1991.0	66.14879786301138	2.556355953360491
1992.0	66.14186323662216	2.556355953360491
1993.0	66.13492731081072	2.556355953360491
1994.0	66.1279900882236	2.556355953360491
1995.0	66.12105157150728	2.556355953360491
1996.0	66.11411176330827	2.556355953360491
1997.0	66.10717066627309	2.556355953360491
1998.0	66.10022828304824	2.556355953360491
1999.0	66.09328461628022	2.556355953360491
2000.0	66.08633966861551	2.556355953360491
2001.0	66.07939344270066	2.556355953360491
2002.0	66.07244594118215	2.556355953360491
2003.0	66.06549716670649	2.556355953360491
2004.0	66.05854712192018	2.556355953360491
2005.0	66.05159580946975	2.556355953360491
2006.0	66.04464323200168	2.556355953360491
2007.0	66.03768939216245	2.556355953360491
2008.0	66.03073429259862	2.556355953360491
2009.0	66.02377793595669	2.556355953360491
2010.0	66.01682032488313	2.556355953360491
2011.0	66.00986146202443	2.556355953360491
2012.0	66.00290135002716	2.556355953360491
2013.0	65.9959399915378	2.556355953360491
2014.0	65.98897738920283	2.556355953360491
2015.0	65.98201354566876	2.556355953360491
2016.0	65.97504846358213	2.556355953360491
2017.0	65.9680821455894	2.556355953360491
2018.0	65.96111459433712	2.556355953360491
2019.0	65.95414581247175	2.556355953360491
2020.0	65.94717580263983	2.556355953360491
2021.0	65.94020456748785	2.556355953360491
2022.0	65.93323210966231	2.556355953360491
2023.0	65.92625843180974	2.556355953360491
2024.0	65.91928353657661	2.556355953360491
2025.0	65.91230742660946	2.556355953360491
2026.0	65.90533010455476	2.556355953360491
2027.0	65.89835157305905	2.556355953360491
2028.0	65.89137183476882	2.556355953360491
2029.0	65.88439089233056	2.556355953360491
2030.0	65.87740874839078	2.556355953360491
2031.0	65.87042540559602	2.556355953360491
2032.0	65.86344086659274	2.556355953360491
2033.0	65.85645513402747	2.556355953360491
2034.0	65.8494682105467	2.556355953360491
2035.0	65.84248009879695	2.556355953360491
2036.0	65.83549080142474	2.556355953360491
2037.0	65.82850032107652	2.556355953360491
2038.0	65.82150866039885	2.556355953360491
2039.0	65.81451582203822	2.556355953360491
2040.0	65.80752180864113	2.556355953360491
2041.0	65.80052662285405	2.556355953360491
2042.0	65.79353026732356	2.556355953360491
2043.0	65.7865327446961	2.556355953360491
2044.0	65.7795340576182	2.556355953360491
2045.0	65.77253420873639	2.556355953360491
2046.0	65.76553320069715	2.556355953360491
2047.0	65.75853103614698	2.556355953360491
2048.0	65.75152771773236	2.556355953360491
2049.0	65.74452324809985	2.556355953360491
2050.0	65.73751762989593	2.556355953360491
2051.0	65.73051086576712	2.556355953360491
2052.0	65.72350295835989	2.556355953360491
2053.0	65.71649391032078	2.556355953360491
2054.0	65.70948372429628	2.556355953360491
2055.0	65.7024724029329	2.556355953360491
2056.0	65.69545994887712	2.556355953360491
2057.0	65.68844636477549	2.556355953360491
2058.0	65.68143165327449	2.556355953360491
2059.0	65.6744158170206	2.556355953360491
2060.0	65.66739885866039	2.556355953360491
2061.0	65.66038078084031	2.556355953360491
2062.0	65.65336158620688	2.556355953360491
2063.0	65.6463412774066	2.556355953360491
2064.0	65.63931985708601	2.556355953360491
2065.0	65.63229732789158	2.556355953360491
2066.0	65.62527369246982	2.556355953360491
2067.0	65.61824895346722	2.556355953360491
2068.0	65.61122311353031	2.556355953360491
2069.0	65.6041961753056	2.556355953360491
2070.0	65.59716814143958	2.556355953360491
2071.0	65.59013901457877	2.556355953360491
2072.0	65.58310879736965	2.556355953360491
