0	73.89234030715966	6.217479663203453
1	73.8932409453143	6.212944079975444
2	73.89413501485505	6.208415499626594
3	73.89502251842839	6.203893916832469
4	73.89590345868083	6.1993793262686445
5	73.89677783825887	6.1948717226106895
6	73.89764565980903	6.190371100534174
7	73.8985069259778	6.185877454714671
8	73.89936163941171	6.181390779827749
9	73.90020980275722	6.176911070548982
10	73.90105141866087	6.17243832155394
11	73.90188648976917	6.1679725275181925
12	73.9027150187286	6.163513683117312
13	73.90353700818567	6.1590617830268695
14	73.9043524607869	6.154616821922435
15	73.9051613791788	6.15017879447958
16	73.90596376600783	6.145747695373876
17	73.90675962392055	6.141323519280895
18	73.90754895556344	6.136906260876204
19	73.90833176358302	6.132495914835379
20	73.90910805062576	6.128092475833987
21	73.9098778193382	6.123695938547601
22	73.91064107236684	6.119306297651792
23	73.91139781235817	6.114923547822131
24	73.9121480419587	6.110547683734188
25	73.91289176381494	6.106178700063535
26	73.9136289805734	6.1018165914857425
27	73.91435969488057	6.097461352676382
28	73.91508390938297	6.093112978311024
29	73.9158016267271	6.08877146306524
30	73.91651284955947	6.0844368016146
31	73.91721758052655	6.080108988634676
32	73.9179158222749	6.075788018801039
33	73.91860757745101	6.07147388678926
34	73.91929284870136	6.067166587274909
35	73.91997163867246	6.062866114933558
36	73.92064395001084	6.058572464440778
37	73.921309785363	6.0542856304721395
38	73.92196914737539	6.050005607703214
39	73.9226220386946	6.045732390809572
40	73.92326846196708	6.041465974466784
41	73.92390841983936	6.037206353350424
42	73.92454191495793	6.032953522136059
43	73.9251689499693	6.028707475499262
44	73.92578952752	6.024468208115604
45	73.92640365025649	6.0202357146606555
46	73.92701132082529	6.016009989809987
47	73.92761254187292	6.011791028239172
48	73.92820731604587	6.007578824623779
49	73.92879564599066	6.00337337363938
50	73.92937753435378	5.999174669961545
51	73.92995298378175	5.994982708265847
52	73.93052199692106	5.990797483227855
53	73.93108457641821	5.986618989523141
54	73.93164072491973	5.982447221827275
55	73.93219044507212	5.97828217481583
56	73.93273373952188	5.974123843164376
57	73.93327061091549	5.969972221548484
58	73.93380106189949	5.965827304643724
59	73.93432509512037	5.961689087125668
60	73.93484271322465	5.957557563669887
61	73.93535391885881	5.9534327289519515
62	73.93585871466938	5.949314577647434
63	73.93635710330284	5.9452031044319025
64	73.9368490874057	5.941098303980931
65	73.9373346696245	5.93700017097009
66	73.93781385260571	5.932908700074949
67	73.93828663899585	5.92882388597108
68	73.9387530314414	5.924745723334054
69	73.9392130325889	5.920674206839442
70	73.93966664508483	5.916609331162815
71	73.94011387157572	5.9125510909797425
72	73.94055471470803	5.908499480965799
73	73.94098917712832	5.904454495796552
74	73.94141726148307	5.900416130147575
75	73.94183897041876	5.896384378694437
76	73.94225430658194	5.892359236112711
77	73.9426632726191	5.8883406970779655
78	73.94306587117673	5.884328756265774
79	73.94346210490134	5.880323408351705
80	73.94385197643945	5.876324648011333
81	73.94423548843756	5.8723324699202255
82	73.94461264354217	5.868346868753956
83	73.94498344439977	5.864367839188094
84	73.94534789365689	5.860395375898211
85	73.94570599396003	5.856429473559877
86	73.94605774795569	5.852470126848666
87	73.94640315829037	5.848517330440145
88	73.94674222761059	5.844571079009889
89	73.94707495856285	5.840631367233465
90	73.94740135379364	5.836698189786447
91	73.94772141594949	5.832771541344405
92	73.94803514767688	5.82885141658291
93	73.94834255162233	5.824937810177532
94	73.94864363043234	5.821030716803845
95	73.94893838675343	5.817130131137416
96	73.94922682323208	5.813236047853819
97	73.94950894251481	5.809348461628624
98	73.94978474724812	5.805467367137403
99	73.95005424007853	5.801592759055724
100	73.95031742365252	5.797724632059162
101	73.95057430061661	5.793862980823285
102	73.95082487361731	5.790007800023666
103	73.95106914530112	5.786159084335874
104	73.95130711831455	5.782316828435482
105	73.95153879530407	5.778481026998058
106	73.95176417891624	5.774651674699178
107	73.95198327179753	5.770828766214408
108	73.95219607659446	5.767012296219322
109	73.95240259595352	5.763202259389489
110	73.95260283252122	5.759398650400483
111	73.95279678894408	5.755601463927872
112	73.95298446786859	5.7518106946472285
113	73.95316587194127	5.748026337234123
114	73.9533410038086	5.744248386364126
115	73.95350986611712	5.74047683671281
116	73.95367246151329	5.736711682955744
117	73.95382879264366	5.732952919768501
118	73.95397886215471	5.729200541826652
119	73.95412267269295	5.725454543805766
120	73.95426022690488	5.721714920381414
121	73.95439152743701	5.7179816662291705
122	73.95451657693586	5.714254776024602
123	73.95463537804791	5.710534244443284
124	73.95474793341967	5.706820066160783
125	73.95485424569766	5.703112235852674
126	73.95495431752839	5.699410748194524
127	73.95504815155832	5.695715597861909
128	73.95513575043401	5.692026779530395
129	73.95521711680193	5.688344287875556
130	73.95529225330861	5.684668117572962
131	73.95536116260052	5.680998263298185
132	73.95542384732421	5.677334719726794
133	73.95548031012616	5.673677481534362
134	73.95553055365288	5.6700265433964585
135	73.95557458055085	5.666381899988656
136	73.95561239346661	5.662743545986524
137	73.95564399504666	5.659111476065635
138	73.95566938793748	5.655485684901558
139	73.95568857478561	5.651866167169867
140	73.95570155823754	5.64825291754613
141	73.95570834093976	5.64464593070592
142	73.95570892553879	5.641045201324807
143	73.95570331468114	5.637450724078362
144	73.95569151101331	5.633862493642156
145	73.95567351718181	5.630280504691761
146	73.95564933583312	5.626704751902746
147	73.95561896961378	5.623135229950686
148	73.95558242117028	5.619571933511147
149	73.95553969314912	5.616014857259703
150	73.9554907881968	5.612463995871924
151	73.95543570895984	5.6089193440233815
152	73.95537445808475	5.605380896389646
153	73.955307038218	5.60184864764629
154	73.95523345200614	5.5983225924688815
155	73.95515370209566	5.594802725532995
156	73.95506779113305	5.591289041514198
157	73.95497572176481	5.587781535088065
158	73.9548774966375	5.584280200930165
159	73.95477311839755	5.58078503371607
160	73.95466258969152	5.577296028121348
161	73.95454591316587	5.573813178821575
162	73.95442309146716	5.570336480492317
163	73.95429412724187	5.5668659278091495
164	73.95415902313647	5.56340151544764
165	73.95401778179752	5.5599432380833615
166	73.9538704058715	5.556491090391884
167	73.95371689800491	5.553045067048779
168	73.95355726084426	5.549605162729618
169	73.95339149703607	5.546171372109971
170	73.95321960922682	5.542743689865409
171	73.95304160006303	5.539322110671503
172	73.9528574721912	5.535906629203826
173	73.95266722825784	5.532497240137946
174	73.95247087090945	5.529093938149436
175	73.95226840279253	5.525696717913866
176	73.95205982655361	5.522305574106809
177	73.95184514483917	5.518920501403832
178	73.95162436029572	5.515541494480511
179	73.95139747556976	5.512168548012411
180	73.95116449330783	5.50880165667511
181	73.9509254161564	5.505440815144174
182	73.95068024676198	5.502086018095175
183	73.95042898777106	5.498737260203685
184	73.95017164183018	5.495394536145275
185	73.94990821158584	5.492057840595514
186	73.94963869968451	5.488727168229976
187	73.94936310877273	5.485402513724229
188	73.949081441497	5.482083871753847
189	73.94879370050381	5.478771236994398
190	73.94849988843967	5.4754646041214565
191	73.9482000079511	5.47216396781059
192	73.94789406168461	5.468869322737372
193	73.94758205228666	5.465580663577371
194	73.9472639824038	5.462297985006161
195	73.94693985468253	5.45902128169931
196	73.94660967176932	5.455750548332392
197	73.94627343631072	5.452485779580975
198	73.9459311509532	5.449226970120633
199	73.9455828183433	5.445974114626935
200	73.9452284411275	5.442727207775453
201	73.94486802195229	5.439486244241757
202	73.94450156346423	5.436251218701419
203	73.94412906830978	5.433022125830009
204	73.94375053913545	5.429798960303099
205	73.94336597858774	5.426581716796259
206	73.94297538931318	5.423370389985061
207	73.94257877395826	5.4201649745450755
208	73.94217613516949	5.416965465151875
209	73.94176747559337	5.413771856481026
210	73.9413527978764	5.410584143208105
211	73.94093210466511	5.40740232000868
212	73.94050539860596	5.404226381558323
213	73.9400726823455	5.401056322532604
214	73.93963395853022	5.397892137607095
215	73.93918922980663	5.394733821457366
216	73.9387384988212	5.39158136875899
217	73.93828176822049	5.388434774187535
218	73.93781904065096	5.3852940324185745
219	73.93735031875914	5.382159138127678
220	73.93687560519153	5.3790300859904185
221	73.93639490259464	5.375906870682364
222	73.93590821361497	5.372789486879088
223	73.93541554089902	5.369677929256161
224	73.93491688709327	5.366572192489153
225	73.93441225484429	5.363472271253636
226	73.93390164679853	5.360378160225181
227	73.93338506560252	5.357289854079359
228	73.93286251390276	5.354207347491739
229	73.93233399434575	5.3511306351378956
230	73.93179950957801	5.348059711693397
231	73.93125906224603	5.344994571833815
232	73.93071265499631	5.341935210234721
233	73.93016029047538	5.338881621571685
234	73.92960197132973	5.3358338005202794
235	73.92903770020585	5.332791741756075
236	73.92846747975028	5.329755439954641
237	73.92789131260949	5.326724889791551
238	73.92730920143	5.323700085942374
239	73.92672114885833	5.320681023082682
240	73.92612715754096	5.317667695888045
241	73.92552723012442	5.314660099034036
242	73.92492136925517	5.311658227196224
243	73.92430957757978	5.308662075050181
244	73.9236918577447	5.305671637271478
245	73.92306821239647	5.302686908535685
246	73.92243864418157	5.299707883518375
247	73.92180315574653	5.2967345568951165
248	73.92116174973783	5.293766923341482
249	73.92051442880198	5.2908049775330435
250	73.91986119558551	5.287848714145369
251	73.9192020527349	5.284898127854033
252	73.91853700289667	5.281953213334604
253	73.9178660487173	5.279013965262654
254	73.91718919284334	5.276080378313753
255	73.91650643792124	5.273152447163474
256	73.91581778659756	5.270230166487385
257	73.91512324151874	5.2673135309610615
258	73.91442280533136	5.26440253526007
259	73.91371648068187	5.2614971740599845
260	73.9130042702168	5.258597442036374
261	73.91228617658264	5.255703333864811
262	73.91156220242591	5.252814844220865
263	73.91083235039312	5.249931967780109
264	73.91009662313074	5.247054699218111
265	73.90935502328531	5.2441830332104455
266	73.90860755350333	5.241316964432681
267	73.9078542164313	5.2384564875603905
268	73.90709501471571	5.2356015972691425
269	73.90632995100309	5.2327522882345106
270	73.90555902793994	5.229908555132064
271	73.90478224817275	5.2270703926373745
272	73.90399961434804	5.224237795426012
273	73.90321112911231	5.221410758173549
274	73.90241679511206	5.218589275555557
275	73.9016166149938	5.215773342247605
276	73.90081059140404	5.212962952925264
277	73.89999872698928	5.210158102264108
278	73.89918102439603	5.207358784939705
279	73.89835748627078	5.204564995627626
280	73.89752811526006	5.201776729003445
281	73.89669291401036	5.1989939797427285
282	73.89585188516817	5.1962167425210515
283	73.89500503138002	5.193445012013983
284	73.8941523552924	5.190678782897095
285	73.89329385955185	5.1879180498459565
286	73.8924295468048	5.185162807536142
287	73.89155941969784	5.182413050643219
288	73.89068348087743	5.179668773842761
289	73.88980173299008	5.1769299718103365
290	73.88891417868228	5.1741966392215195
291	73.88802082060057	5.171468770751879
292	73.88712166139145	5.168746361076987
293	73.8862167037014	5.166029404872413
294	73.88530595017691	5.16331789681373
295	73.88438940346455	5.160611831576507
296	73.88346706621078	5.157911203836317
297	73.88253894106211	5.155216008268729
298	73.88160503066504	5.152526239549315
299	73.88066533766609	5.149841892353647
300	73.87971986471176	5.147162961357296
301	73.87876861444855	5.144489441235829
302	73.87781158952296	5.141821326664823
303	73.87684879258153	5.139158612319845
304	73.87588022627072	5.136501292876467
305	73.87490589323706	5.13384936301026
306	73.87392579612704	5.131202817396795
307	73.87293993758719	5.128561650711642
308	73.871948320264	5.125925857630375
309	73.87095094680396	5.123295432828562
310	73.86994781985359	5.1206703709817765
311	73.8689389420594	5.118050666765586
312	73.86792431606789	5.1154363148555655
313	73.86690394452557	5.112827309927283
314	73.86587783007894	5.110223646656311
315	73.86484597537451	5.1076253197182195
316	73.86380838305875	5.105032323788581
317	73.86276505577823	5.102444653542965
318	73.86171599617941	5.099862303656944
319	73.86066120690882	5.097285268806087
320	73.85960069061292	5.094713543665967
321	73.85853444993826	5.092147122912154
322	73.85746248753134	5.089586001220219
323	73.85638480603863	5.087030173265733
324	73.8553014081067	5.084479633724268
325	73.854212296382	5.081934377271392
326	73.85311747351105	5.07939439858268
327	73.85201694214035	5.076859692333701
328	73.85091070491642	5.074330253200027
329	73.84979876448575	5.071806075857227
330	73.84868112349487	5.069287154980874
331	73.84755778459025	5.066773485246537
332	73.84642875041843	5.064265061329789
333	73.84529402362588	5.0617618779062
334	73.84415360685914	5.059263929651341
335	73.84300750276466	5.056771211240784
336	73.84185571398902	5.054283717350098
337	73.84069824317868	5.051801442654857
338	73.83953509298014	5.049324381830628
339	73.83836626603994	5.046852529552987
340	73.83719176500456	5.0443858804975
341	73.8360115925205	5.0419244293397405
342	73.83482575123428	5.0394681707552795
343	73.83363424379239	5.037017099419689
344	73.83243707284136	5.0345712100085365
345	73.83123424102767	5.0321304971973975
346	73.83002575099782	5.0296949556618396
347	73.82881160539834	5.027264580077436
348	73.82759180687574	5.024839365119755
349	73.82636635807648	5.0224193054643695
350	73.82513526164712	5.0200043957868505
351	73.82389852023414	5.01759463076277
352	73.82265613648404	5.015190005067697
353	73.82140811304332	5.012790513377204
354	73.8201544525585	5.0103961503668595
355	73.81889515767608	5.008006910712238
356	73.81763023104259	5.005622789088908
357	73.81635967530447	5.003243780172442
358	73.81508349310829	5.00086987863841
359	73.81380168710054	4.998501079162383
360	73.81251425992768	4.996137376419933
361	73.81122121423628	4.993778765086629
362	73.80992255267282	4.991425239838045
363	73.8086182778838	4.9890767953497495
364	73.8073083925157	4.986733426297315
365	73.80599289921507	4.984395127356311
366	73.8046718006284	4.98206189320231
367	73.8033450994022	4.979733718510882
368	73.80201279818294	4.977410597957599
369	73.80067489961718	4.975092526218031
370	73.79933140635138	4.972779497967749
371	73.79798232103208	4.970471507882325
372	73.79662764630575	4.968168550637329
373	73.79526738481891	4.9658706209083325
374	73.7939015392181	4.963577713370906
375	73.79253011214975	4.961289822700622
376	73.79115310626044	4.9590069435730495
377	73.78977052419663	4.956729070663761
378	73.78838236860484	4.954456198648327
379	73.78698864213156	4.952188322202318
380	73.78558934742334	4.949925436001306
381	73.78418448712664	4.9476675347208605
382	73.78277406388797	4.945414613036554
383	73.78135808035384	4.9431666656239575
384	73.77993653917078	4.94092368715864
385	73.77850944298527	4.938685672316176
386	73.77707679444379	4.936452615772133
387	73.7756385961929	4.934224512202084
388	73.77419485087908	4.932001356281599
389	73.77274556114884	4.92978314268625
390	73.77129072964865	4.927569866091607
391	73.76983035902508	4.925361521173242
392	73.7683644519246	4.923158102606726
393	73.7668930109937	4.920959605067628
394	73.7654160388789	4.918766023231522
395	73.76393353822671	4.916577351773976
396	73.76244551168362	4.914393585370564
397	73.76095196189615	4.9122147186968546
398	73.7594528915108	4.91004074642842
399	73.75794830317409	4.907871663240831
400	73.75643819953251	4.905707463809659
401	73.75492258323256	4.9035481428104735
402	73.75340145692074	4.9013936949188475
403	73.75187482324358	4.899244114810351
404	73.75034268484758	4.897099397160555
405	73.74880504437922	4.894959536645029
406	73.74726190448503	4.892824527939348
407	73.74571326781151	4.890694365719079
408	73.74415913700516	4.888569044659795
409	73.74259951471248	4.886448559437067
410	73.74103440357999	4.884332904726465
411	73.7394638062542	4.88222207520356
412	73.73788772538157	4.880116065543925
413	73.73630616360866	4.878014870423129
414	73.73471912358194	4.8759184845167445
415	73.73312660794795	4.8738269025003405
416	73.73152861935314	4.871740119049489
417	73.72992516044408	4.869658128839761
418	73.72831623386723	4.867580926546729
419	73.72670184226912	4.865508506845962
420	73.72508198829622	4.863440864413032
421	73.72345667459508	4.861377993923508
422	73.72182590381219	4.859319890052964
423	73.72018967859402	4.85726654747697
424	73.71854800158712	4.855217960871096
425	73.71690087543799	4.853174124910913
426	73.71524830279311	4.851135034271994
427	73.71359028629901	4.849100683629907
428	73.71192682860217	4.847071067660227
429	73.71025793234914	4.845046181038521
430	73.70858360018637	4.843026018440362
431	73.70690383476038	4.841010574541321
432	73.70521863871771	4.8389998440169695
433	73.70352801470483	4.836993821542876
434	73.70183196536824	4.8349925017946145
435	73.7001304933545	4.832995879447753
436	73.69842360131004	4.831003949177866
437	73.69671129188143	4.829016705660522
438	73.69499356771512	4.827034143571293
439	73.69327043145765	4.82505625758575
440	73.69154188575551	4.823083042379463
441	73.68980793325522	4.821114492628004
442	73.68806857660327	4.819150603006944
443	73.68632381844618	4.817191368191854
444	73.68457366143045	4.815236782858304
445	73.68281810820258	4.813286841681867
446	73.68105716140906	4.811341539338112
447	73.67929082369643	4.809400870502611
448	73.67751909771118	4.807464829850933
449	73.6757419860998	4.8055334120586535
450	73.67395949150881	4.803606611801339
451	73.67217161658472	4.801684423754564
452	73.67037836397402	4.799766842593895
453	73.66857973632322	4.797853862994908
454	73.66677573627884	4.795945479633171
455	73.66496636648738	4.794041687184257
456	73.66315162959532	4.792142480323735
457	73.66133152824918	4.790247853727177
458	73.65950606509548	4.788357802070153
459	73.65767524278071	4.786472320028236
460	73.65583906395138	4.784591402276995
461	73.65399753125399	4.7827150434920025
462	73.65215064733506	4.780843238348828
463	73.65029841484109	4.778975981523043
464	73.64844083641854	4.77711326769022
465	73.646577914714	4.775255091525929
466	73.6447096523739	4.77340144770574
467	73.6428360520448	4.771552330905226
468	73.64095711637316	4.7697077357999556
469	73.63907284800551	4.767867657065501
470	73.63718324958836	4.766032089377434
471	73.63528832376818	4.764201027411326
472	73.63338807319153	4.762374465842745
473	73.63148250050487	4.760552399347265
474	73.62957160835472	4.758734822600456
475	73.62765539938758	4.756921730277888
476	73.62573387624998	4.755113117055133
477	73.62380704158839	4.753308977607763
478	73.62187489804934	4.7515093066113465
479	73.61993744827932	4.749714098741458
480	73.61799469492485	4.747923348673664
481	73.61604664063242	4.74613705108354
482	73.61409328804855	4.744355200646654
483	73.61213463981971	4.742577792038578
484	73.61017069859247	4.7408048199348825
485	73.60820146701327	4.73903627901114
486	73.60622694772864	4.73727216394292
487	73.60424714338511	4.735512469405794
488	73.60226205662916	4.733757190075332
489	73.60027169010729	4.732006320627107
490	73.598276046466	4.730259855736689
491	73.59627512835182	4.728517790079649
492	73.59426893841125	4.726780118331558
493	73.59225747929078	4.725046835167987
494	73.5902407536369	4.723317935264506
495	73.58821876409617	4.721593413296689
496	73.58619151331506	4.719873263940103
497	73.58415900394007	4.718157481870322
498	73.58212123861772	4.716446061762917
499	73.5800782199945	4.714738998293456
500	73.57802995071694	4.713036286137514
501	73.5759764334315	4.711337919970658
502	73.57391767078475	4.7096438944684635
503	73.57185366542315	4.707954204306496
504	73.5697844199932	4.706268844160332
505	73.56770993714142	4.704587808705539
506	73.56563021951432	4.70291109261769
507	73.56354526975841	4.701238690572354
508	73.56145509052018	4.6995705972451045
509	73.55935968444612	4.697906807311509
510	73.55725905418278	4.696247315447143
511	73.55515320237663	4.6945921163275735
512	73.55304213167418	4.692941204628373
513	73.55092584472195	4.691294575025113
514	73.54880434416644	4.689652222193365
515	73.54667763265415	4.688014140808697
516	73.54454571283156	4.6863803255466845
517	73.54240858734524	4.684750771082895
518	73.54026625884164	4.6831254720929
519	73.53811872996728	4.681504423252272
520	73.53596600336866	4.679887619236581
521	73.5338080816923	4.678275054721397
522	73.5316449675847	4.676666724382294
523	73.52947666369234	4.67506262289484
524	73.52730317266176	4.673462744934608
525	73.52512449713946	4.671867085177167
526	73.52294063977193	4.67027563829809
527	73.52075160320568	4.668688398972947
528	73.51855739008722	4.66710536187731
529	73.51635800306306	4.665526521686747
530	73.51415344477971	4.663951873076834
531	73.51194371788363	4.662381410723137
532	73.50972882502137	4.6608151293012305
533	73.50750876883943	4.659253023486683
534	73.5052835519843	4.657695087955068
535	73.5030531771025	4.656141317381954
536	73.50081764684053	4.654591706442915
537	73.4985769638449	4.653046249813518
538	73.49633113076209	4.651504942169337
539	73.49408015023863	4.6499677781859425
540	73.49182402492103	4.648434752538906
541	73.48956275745579	4.6469058599037965
542	73.48729635048937	4.645381094956187
543	73.48502480666835	4.643860452371648
544	73.48274812863919	4.64234392682575
545	73.48046631904842	4.640831512994064
546	73.4781793805425	4.639323205552161
547	73.47588731576798	4.637818999175612
548	73.47359012737135	4.636318888539989
549	73.47128781799911	4.634822868320862
550	73.46898039029777	4.633330933193803
551	73.46666784691385	4.6318430778343815
552	73.46435019049383	4.6303592969181695
553	73.46202742368422	4.628879585120739
554	73.45969954913154	4.627403937117657
555	73.45736656948229	4.6259323475845004
556	73.45502848738296	4.624464811196835
557	73.45268530548006	4.623001322630235
558	73.45033702642012	4.621541876560269
559	73.44798365284963	4.620086467662511
560	73.44562518741506	4.618635090612529
561	73.44326163276297	4.617187740085897
562	73.44089299153984	4.615744410758182
563	73.43851926639219	4.6143050973049595
564	73.43614045996648	4.612869794401798
565	73.43375657490927	4.611438496724268
566	73.43136761386704	4.610011198947941
567	73.4289735794863	4.608587895748389
568	73.42657447441354	4.607168581801183
569	73.42417030129529	4.605753251781893
570	73.42176106277803	4.60434190036609
571	73.41934676150828	4.602934522229346
572	73.41692740013255	4.601531112047231
573	73.41450298129735	4.600131664495317
574	73.41207350764917	4.598736174249173
575	73.40963898183449	4.597344635984372
576	73.40719940649987	4.595957044376485
577	73.40475478429178	4.594573394101083
578	73.40230511785674	4.5931936798337345
579	73.39985040984124	4.591817896250014
580	73.3973906628918	4.59044603802549
581	73.39492587965492	4.589078099835735
582	73.3924560627771	4.58771407635632
583	73.38998121490485	4.586353962262814
584	73.38750133868467	4.58499775223079
585	73.38501643676308	4.58364544093582
586	73.38252651178657	4.582297023053471
587	73.38003156640166	4.580952493259319
588	73.37753160325484	4.57961184622893
589	73.37502662499261	4.578275076637879
590	73.37251663426149	4.576942179161735
591	73.37000163370799	4.575613148476069
592	73.3674816259786	4.574287979256454
593	73.36495661371983	4.572966666178458
594	73.36242659957817	4.571649203917654
595	73.35989158620016	4.5703355871496125
596	73.35735157623229	4.569025810549904
597	73.35480657232104	4.567719868794102
598	73.35225657711295	4.566417756557774
599	73.34970159325452	4.565119468516492
600	73.34714162339223	4.563824999345829
601	73.34457667017261	4.562534343721354
602	73.34200673624215	4.561247496318638
603	73.33943182424738	4.5599644518132525
604	73.33685193683478	4.558685204880769
605	73.33426707665085	4.557409750196759
606	73.33167724634212	4.556138082436791
607	73.32908244855508	4.554870196276438
608	73.32648268593623	4.553606086391271
609	73.32387796113208	4.55234574745686
610	73.32126827678916	4.551089174148777
611	73.31865363555394	4.549836361142592
612	73.31603404007294	4.548587303113878
613	73.31340949299266	4.547341994738203
614	73.31077999695961	4.546100430691141
615	73.3081455546203	4.544862605648261
616	73.3055061686212	4.5436285142851345
617	73.30286184160887	4.542398151277332
618	73.3002125762298	4.541171511300426
619	73.29755837513046	4.539948589029986
620	73.29489924095739	4.538729379141585
621	73.29223517635708	4.537513876310792
622	73.28956618397605	4.536302075213178
623	73.28689226646078	4.535093970524315
624	73.2842134264578	4.533889556919774
625	73.2815296666136	4.532688829075125
626	73.27884098957469	4.53149178166594
627	73.27614739798757	4.530298409367789
628	73.27344889449876	4.529108706856245
629	73.27074548175476	4.527922668806877
630	73.26803716240207	4.5267402898952565
631	73.26532393908717	4.525561564796955
632	73.26260581445662	4.5243864881875435
633	73.25988279115688	4.523215054742591
634	73.25715487183447	4.522047259137673
635	73.2544220591359	4.5208830960483555
636	73.25168435570768	4.519722560150212
637	73.2489417641963	4.518565646118814
638	73.24619428724826	4.5174123486297315
639	73.24344192751009	4.516262662358535
640	73.24068468762829	4.515116581980798
641	73.23792257024935	4.513974102172088
642	73.23515557801977	4.512835217607979
643	73.23238371358607	4.5116999229640395
644	73.22960697959476	4.510568212915842
645	73.22682537869234	4.5094400821389575
646	73.2240389135253	4.508315525308957
647	73.22124758674018	4.507194537101411
648	73.21845140098344	4.506077112191892
649	73.21565035890161	4.5049632452559685
650	73.21284446314121	4.503852930969213
651	73.21003371634872	4.5027461640071955
652	73.20721812117065	4.501642939045489
653	73.20439768025349	4.500543250759662
654	73.20157239624379	4.499447093825289
655	73.19874227178803	4.498354462917937
656	73.19590730953271	4.497265352713179
657	73.19306751212432	4.496179757886586
658	73.1902228822094	4.4950976731137295
659	73.18737342243445	4.494019093070179
660	73.18451913544594	4.492944012431507
661	73.18166002389042	4.491872425873284
662	73.17879609041437	4.490804328071079
663	73.17592733766429	4.489739713700467
664	73.17305376828669	4.488678577437016
665	73.17017538492809	4.487620913956299
666	73.16729219023499	4.486566717933884
667	73.16440418685389	4.485515984045344
668	73.16151137743128	4.4844687069662506
669	73.15861376461369	4.483424881372175
670	73.15571135104763	4.482384501938685
671	73.15280413937955	4.481347563341356
672	73.14989213225604	4.480314060255756
673	73.14697533232355	4.479283987357457
674	73.14405374222859	4.478257339322029
675	73.14112736461766	4.477234110825045
676	73.1381962021373	4.476214296542075
677	73.13526025743397	4.47519789114869
678	73.13231953315422	4.47418488932046
679	73.12937403194451	4.473175285732958
680	73.12642375645137	4.472169075061752
681	73.12346870932132	4.471166251982417
682	73.12050889320082	4.470166811170522
683	73.11754431073642	4.4691707473016375
684	73.1145749645746	4.468178055051334
685	73.11160085736188	4.467188729095184
686	73.10862199174474	4.466202764108758
687	73.10563837036972	4.465220154767628
688	73.10264999588331	4.464240895747362
689	73.09965687093201	4.463264981723535
690	73.09665899816231	4.462292407371715
691	73.09365638022075	4.461323167367474
692	73.09064901975383	4.4603572563863825
693	73.08763691940803	4.459394669104013
694	73.08462008182985	4.458435400195934
695	73.08159850966585	4.45747944433772
696	73.07857220556248	4.456526796204939
697	73.07554117216625	4.455577450473163
698	73.0725054121237	4.454631401817963
699	73.06946492808132	4.4536886449149105
700	73.0664197226856	4.452749174439575
701	73.06336979858304	4.451812985067529
702	73.06031515842018	4.4508800714743435
703	73.05725580484349	4.449950428335589
704	73.0541917404995	4.449024050326836
705	73.0511229680347	4.448100932123657
706	73.04804949009561	4.447181068401621
707	73.04497130932872	4.446264453836301
708	73.04188842838053	4.445351083103266
709	73.03880084989757	4.444440950878089
710	73.03570857652632	4.443534051836339
711	73.0326116109133	4.44263038065359
712	73.02950995570501	4.441729932005409
713	73.02640361354796	4.440832700567371
714	73.02329258708865	4.439938681015043
715	73.02017687897359	4.439047868024001
716	73.01705649184926	4.438160256269811
717	73.01393142836221	4.437275840428046
718	73.01080169115892	4.436394615174278
719	73.00766728288588	4.435516575184076
720	73.00452820618962	4.434641715133013
721	73.00138446371665	4.433770029696659
722	72.99823605811345	4.432901513550586
723	72.99508299202652	4.432036161370363
724	72.99192526810242	4.431173967831563
725	72.9887628889876	4.430314927609755
726	72.98559585732859	4.429459035380512
727	72.98242417577187	4.428606285819404
728	72.97924784696397	4.427756673602002
729	72.9760668735514	4.426910193403877
730	72.97288125818065	4.426066839900601
731	72.96969100349821	4.425226607767744
732	72.96649611215062	4.424389491680877
733	72.96329658678437	4.42355548631557
734	72.96009243004595	4.422724586347398
735	72.95688364458188	4.421896786451927
736	72.95367023303868	4.421072081304731
737	72.95045219806283	4.420250465581379
738	72.94722954230083	4.419431933957445
739	72.94400226839923	4.418616481108496
740	72.94077037900449	4.417804101710107
741	72.93753387676313	4.4169947904378475
742	72.93429276432164	4.416188541967287
743	72.93104704432656	4.415385350973999
744	72.92779671942436	4.414585212133552
745	72.92454179226156	4.413788120121519
746	72.92128226548469	4.412994069613471
747	72.9180181417402	4.4122030552849765
748	72.91474942367465	4.41141507181161
749	72.9114761139345	4.410630113868939
750	72.9081982151663	4.409848176132538
751	72.90491573001651	4.409069253277975
752	72.90162866113167	4.4082933399808235
753	72.89833701115825	4.407520430916652
754	72.8950407827428	4.406750520761034
755	72.89173997853179	4.405983604189538
756	72.88843460117172	4.4052196758777376
757	72.88512465330913	4.404458730501202
758	72.88181013759052	4.403700762735503
759	72.87849105666237	4.4029457672562105
760	72.87516741317118	4.402193738738897
761	72.8718392097635	4.4014446718591325
762	72.8685064490858	4.400698561292488
763	72.86516913378459	4.399955401714536
764	72.86182726650635	4.399215187800846
765	72.85848084989765	4.398477914226989
766	72.85512988660494	4.397743575668537
767	72.85177437927476	4.397012166801058
768	72.84841433055358	4.396283682300128
769	72.84504974308793	4.395558116841315
770	72.84168061952431	4.39483546510019
771	72.83830696250921	4.394115721752325
772	72.83492877468916	4.3933988814732885
773	72.83154605871066	4.392684938938656
774	72.8281588172202	4.391973888823994
775	72.82476705286429	4.391265725804876
776	72.82137076828944	4.390560444556872
777	72.81796996614217	4.389858039755555
778	72.81456464906896	4.389158506076493
779	72.81115481971631	4.3884618381952585
780	72.80774048073076	4.387768030787422
781	72.8043216347588	4.387077078528556
782	72.8008982844469	4.38638897609423
783	72.79747043244161	4.385703718160015
784	72.79403808138943	4.385021299401482
785	72.79060123393685	4.384341714494204
786	72.78715989273036	4.38366495811375
787	72.78371406041651	4.382991024935691
788	72.78026373964178	4.382319909635599
789	72.77680893305268	4.381651606889044
790	72.77334964329569	4.380986111371597
791	72.76988587301734	4.380323417758831
792	72.76641762486415	4.379663520726314
793	72.76294490148257	4.37900641494962
794	72.75946770551917	4.378352095104317
795	72.75598603962042	4.377700555865978
796	72.75249990643285	4.377051791910174
797	72.74900930860291	4.376405797912476
798	72.74551424877717	4.375762568548453
799	72.7420147296021	4.375122098493678
800	72.73851075372421	4.374484382423722
801	72.73500232379	4.373849415014155
802	72.73148944244599	4.373217190940549
803	72.72797211233869	4.372587704878474
804	72.72445033611459	4.371960951503502
805	72.72092411642016	4.371336925491204
806	72.71739345590198	4.370715621517149
807	72.71385835720652	4.370097034256911
808	72.71031882298026	4.369481158386059
809	72.70677485586974	4.368867988580166
810	72.70322645852146	4.3682575195148
811	72.69967363358191	4.367649745865534
812	72.6961163836976	4.367044662307938
813	72.69255471151504	4.366442263517585
814	72.68898861968074	4.365842544170043
815	72.68541811084121	4.365245498940886
816	72.68184318764293	4.364651122505682
817	72.67826385273241	4.364059409540005
818	72.67468010875619	4.363470354719424
819	72.67109195836072	4.362883952719511
820	72.66749940419255	4.362300198215836
821	72.66390244889817	4.361719085883972
822	72.6603010951241	4.361140610399486
823	72.6566953455168	4.360564766437955
824	72.65308520272282	4.3599915486749445
825	72.64947066938865	4.359420951786029
826	72.64585174816081	4.358852970446778
827	72.64222844168576	4.358287599332761
828	72.63860075261005	4.357724833119552
829	72.63496868358018	4.35716466648272
830	72.63133223724265	4.356607094097837
831	72.62769141624393	4.356052110640474
832	72.62404622323058	4.3554997107862015
833	72.62039666084908	4.35494988921059
834	72.61674273174592	4.354402640589212
835	72.61308443856764	4.353857959597637
836	72.60942178396073	4.353315840911438
837	72.60575477057168	4.352776279206184
838	72.602083401047	4.352239269157447
839	72.59840767803321	4.3517048054407965
840	72.59472760417682	4.351172882731807
841	72.59104318212431	4.350643495706045
842	72.5873544145222	4.350116639039085
843	72.58366130401699	4.349592307406496
844	72.5799638532552	4.349070495483851
845	72.5762620648833	4.348551197946717
846	72.57255594154783	4.34803440947067
847	72.56884548589528	4.347520124731278
848	72.56513070057217	4.347008338404114
849	72.56141158822497	4.346499045164746
850	72.55768815150023	4.345992239688749
851	72.55396039304443	4.34548791665169
852	72.55022831550409	4.344986070729142
853	72.54649192152567	4.344486696596676
854	72.54275121375574	4.343989788929863
855	72.53900619484077	4.343495342404274
856	72.53525686742724	4.343003351695479
857	72.53150323416172	4.3425138114790505
858	72.52774529769066	4.342026716430559
859	72.5239830606606	4.341542061225574
860	72.52021652571801	4.341059840539669
861	72.51644569550943	4.340580049048414
862	72.51267057268134	4.34010268142738
863	72.50889115988026	4.339627732352136
864	72.5051074597527	4.3391551964982575
865	72.50131947494513	4.33868506854131
866	72.4975272081041	4.33821734315687
867	72.4937306618761	4.337752015020504
868	72.48992983890761	4.337289078807786
869	72.48612474184517	4.336828529194285
870	72.48231537333528	4.3363703608555735
871	72.47850173602441	4.3359145684672225
872	72.47468383255912	4.335461146704802
873	72.47086166558587	4.335010090243882
874	72.46703523775119	4.334561393760037
875	72.46320455170157	4.334115051928834
876	72.45936961008353	4.333671059425847
877	72.45553041554356	4.333229410926645
878	72.45168697072818	4.332790101106801
879	72.44783927828387	4.332353124641885
880	72.44398734085716	4.331918476207467
881	72.44013116109456	4.33148615047912
882	72.43627074164253	4.331056142132413
883	72.43240608514763	4.330628445842919
884	72.42853719425635	4.330203056286207
885	72.42466407161518	4.329779968137849
886	72.42078671987063	4.329359176073416
887	72.41690514166922	4.3289406747684795
888	72.41301933965744	4.328524458898609
889	72.4091293164818	4.328110523139377
890	72.40523507478878	4.327698862166354
891	72.40133661722493	4.327289470655112
892	72.39743394643673	4.326882343281219
893	72.39352706507067	4.3264774747202495
894	72.3896159757733	4.326074859647772
895	72.3857006811911	4.325674492739359
896	72.38178118397056	4.325276368670581
897	72.3778574867582	4.324880482117009
898	72.37392959220054	4.324486827754214
899	72.36999750294406	4.324095400257767
900	72.36606122163528	4.323706194303239
901	72.36212075092068	4.323319204566201
902	72.3581760934468	4.322934425722224
903	72.35422725186014	4.32255185244688
904	72.35027422880718	4.322171479415737
905	72.34631702693444	4.32179330130437
906	72.34235564888844	4.3214173127883475
907	72.33839009731567	4.321043508543241
908	72.3344203748626	4.3206718832446205
909	72.33044648417581	4.320302431568059
910	72.32646842790176	4.319935148189127
911	72.32248620868697	4.319570027783396
912	72.31849982917791	4.319207065026434
913	72.31450929202111	4.318846254593815
914	72.3105145998631	4.318487591161109
915	72.30651575535036	4.318131069403886
916	72.30251276112938	4.31777668399772
917	72.2985056198467	4.317424429618179
918	72.2944943341488	4.317074300940836
919	72.29047890668218	4.316726292641261
920	72.28645934009337	4.316380399395023
921	72.28243563702887	4.316036615877698
922	72.27840780013517	4.315694936764853
923	72.27437583205877	4.31535535673206
924	72.2703397354462	4.31501787045489
925	72.26629951294396	4.314682472608914
926	72.26225516719853	4.314349157869704
927	72.25820670085643	4.31401792091283
928	72.2541541165642	4.313688756413862
929	72.25009741696829	4.313361659048374
930	72.24603660471523	4.313036623491934
931	72.24197168245152	4.312713644420114
932	72.23790265282369	4.312392716508485
933	72.23382951847822	4.31207383443262
934	72.2297522820616	4.311756992868086
935	72.22567094622036	4.311442186490458
936	72.221585513601	4.311129409975305
937	72.21749598685004	4.3108186579981975
938	72.21340236861394	4.310509925234708
939	72.20930466153926	4.310203206360405
940	72.20520286827248	4.309898496050863
941	72.20109699146009	4.30959578898165
942	72.19698703374861	4.309295079828339
943	72.19287299778456	4.3089963632665
944	72.18875488621443	4.308699633971704
945	72.1846327016847	4.308404886619522
946	72.18050644684193	4.3081121158855264
947	72.17637612433259	4.3078213164452865
948	72.17224173680319	4.307532482974374
949	72.16810328690022	4.307245610148359
950	72.16396077727022	4.306960692642814
951	72.15981421055967	4.306677725133309
952	72.15566358941508	4.306396702295416
953	72.15150891648295	4.306117618804704
954	72.14735019440981	4.305840469336747
955	72.14318742584214	4.305565248567112
956	72.13902061342644	4.305291951171375
957	72.13484975980923	4.305020571825102
958	72.13067486763703	4.304751105203867
959	72.1264959395563	4.304483545983241
960	72.12231297821359	4.304217888838794
961	72.1181259862554	4.303954128446097
962	72.1139349663282	4.303692259480723
963	72.10973992107853	4.3034322766182385
964	72.10554085315287	4.303174174534219
965	72.10133776519775	4.302917947904234
966	72.09713065985966	4.302663591403854
967	72.0929195397851	4.3024110997086495
968	72.0887044076206	4.302160467494193
969	72.08448526601263	4.301911689436055
970	72.08026211760773	4.301664760209808
971	72.07603496505239	4.301419674491019
972	72.0718038109931	4.301176426955263
973	72.0675686580764	4.300935012278107
974	72.06332950894875	4.300695425135127
975	72.05908636625668	4.300457660201889
976	72.05483923264671	4.300221712153969
977	72.05058811076533	4.299987575666934
978	72.04633300325904	4.299755245416358
979	72.04207391277434	4.2995247160778085
980	72.03781084195775	4.299295982326859
981	72.03354379345579	4.29906903883908
982	72.02927276991491	4.2988438802900415
983	72.02499777398168	4.298620501355316
984	72.02071880830256	4.298398896710475
985	72.01643587552408	4.298179061031087
986	72.01214897829273	4.297960988992726
987	72.00785811925502	4.29774467527096
988	72.00356330105747	4.297530114541363
989	71.99926452634655	4.297317301479503
990	71.9949617977688	4.297106230760953
991	71.9906551179707	4.296896897061284
992	71.98634448959878	4.296689295056066
993	71.98202991529952	4.296483419420871
994	71.97771139771945	4.296279264831268
995	71.97338893950504	4.296076825962831
996	71.96906254330284	4.295876097491129
997	71.96473221175931	4.295677074091733
998	71.960397947521	4.295479750440215
999	71.95605975323438	4.295284121212146
1000	71.95171763154597	4.295090181083096
1001	71.94737158510227	4.294897924728637
1002	71.9430216165498	4.294707346824339
1003	71.93866772853505	4.294518442045774
1004	71.9343099237045	4.294331205068511
1005	71.92994820470471	4.294145630568124
1006	71.92558257418216	4.293961713220182
1007	71.92121303478335	4.293779447700258
1008	71.91683958915478	4.29359882868392
1009	71.91246223994297	4.293419850846742
1010	71.90808098979443	4.293242508864292
1011	71.90369584135564	4.293066797412143
1012	71.89930679727311	4.292892711165866
1013	71.89491386019337	4.292720244801031
1014	71.8905170327629	4.29254939299321
1015	71.88611631762824	4.292380150417974
1016	71.88171171743582	4.2922125117508925
1017	71.87730323483224	4.292046471667539
1018	71.87289087246394	4.291882024843481
1019	71.86847463297744	4.291719165954294
1020	71.86405451901926	4.291557889675545
1021	71.8596305332359	4.291398190682807
1022	71.85520267827386	4.291240063651651
1023	71.85077095677963	4.291083503257648
1024	71.84633537139973	4.290928504176368
1025	71.84189592478069	4.290775061083384
1026	71.83745261956898	4.290623168654263
1027	71.8330054584111	4.290472821564581
1028	71.82855444395359	4.290324014489905
1029	71.82409957884293	4.2901767421058095
1030	71.81964086572562	4.290030999087861
1031	71.81517830724819	4.289886780111637
1032	71.81071190605714	4.289744079852701
1033	71.80624166479896	4.28960289298663
1034	71.80176758612015	4.2894632141889915
1035	71.79728967266723	4.289325038135359
1036	71.79280792708671	4.289188359501301
1037	71.78832235202509	4.28905317296239
1038	71.78383295012885	4.288919473194197
1039	71.77933972404455	4.288787254872292
1040	71.77484267641864	4.288656512672247
1041	71.77034180989766	4.288527241269633
1042	71.7658371271281	4.28839943534002
1043	71.76132863075647	4.288273089558982
1044	71.75681632342926	4.288148198602085
1045	71.752300207793	4.288024757144904
1046	71.74778028649418	4.287902759863009
1047	71.74325656217931	4.28778220143197
1048	71.73872903749489	4.28766307652736
1049	71.73419771508743	4.287545379824747
1050	71.72966259760344	4.287429105999705
1051	71.72512368768942	4.287314249727803
1052	71.72058098799187	4.2872008056846145
1053	71.71603450115728	4.287088768545707
1054	71.7114842298322	4.286978132986654
1055	71.7069301766631	4.2868688936830255
1056	71.70237234429649	4.286761045310393
1057	71.6978107353789	4.286654582544327
1058	71.6932453525568	4.286549500060399
1059	71.68867619847671	4.28644579253418
1060	71.68410327578513	4.286343454641241
1061	71.67952658712858	4.286242481057152
1062	71.67494613515356	4.286142866457486
1063	71.67036192250656	4.286044605517812
1064	71.6657739518341	4.285947692913702
1065	71.66118222578267	4.285852123320727
1066	71.6565867469988	4.285757891414458
1067	71.65198751812896	4.2856649918704655
1068	71.6473845418197	4.2855734193643205
1069	71.6427778207175	4.285483168571595
1070	71.63816735746887	4.2853942341678595
1071	71.63355315472029	4.285306610828684
1072	71.6289352151183	4.285220293229642
1073	71.62431354130939	4.285135276046301
1074	71.61968813594008	4.2850515539542355
1075	71.61505900165683	4.284969121629014
1076	71.6104261411062	4.2848879737462084
1077	71.60578955693468	4.28480810498139
1078	71.60114925178874	4.28472951001013
1079	71.59650522831494	4.284652183507998
1080	71.59185748915975	4.284576120150566
1081	71.58720603696969	4.284501314613405
1082	71.58255087439123	4.284427761572086
1083	71.57789200407093	4.28435545570218
1084	71.57322942865525	4.284284391679259
1085	71.56856315079074	4.284214564178891
1086	71.56389317312384	4.2841459678766505
1087	71.55921949830112	4.284078597448106
1088	71.55454212896906	4.284012447568831
1089	71.54986106777416	4.283947512914393
1090	71.54517631736292	4.283883788160366
1091	71.54048788038186	4.283821267982319
1092	71.53579575947748	4.283759947055825
1093	71.53109995729628	4.283699820056453
1094	71.52640047648478	4.283640881659776
1095	71.52169731968947	4.283583126541364
1096	71.51699048955686	4.283526549376788
1097	71.51227998873344	4.283471144841618
1098	71.50756581986575	4.283416907611428
1099	71.50284798560027	4.283363832361784
1100	71.49812648858351	4.283311913768262
1101	71.49340133146197	4.283261146506432
1102	71.48867251688216	4.283211525251863
1103	71.4839400474906	4.283163044680126
1104	71.47920392593376	4.283115699466794
1105	71.47446415485818	4.283069484287438
1106	71.46972073691035	4.283024393817626
1107	71.46497367473678	4.2829804227329324
1108	71.46022297098395	4.282937565708926
1109	71.4554686282984	4.2828958174211795
1110	71.45071064932664	4.282855172545263
1111	71.44594903671513	4.282815625756747
1112	71.44118379311041	4.282777171731203
1113	71.43641492115898	4.282739805144203
1114	71.43164242350734	4.282703520671316
1115	71.426866302802	4.2826683129881165
1116	71.42208656168945	4.28263417677017
1117	71.41730320281623	4.282601106693052
1118	71.41251622882882	4.282569097432332
1119	71.4077256423737	4.282538143663581
1120	71.40293144609743	4.282508240062371
1121	71.39813364264648	4.28247938130427
1122	71.39333223466737	4.282451562064853
1123	71.38852722480658	4.282424777019689
1124	71.38371861571063	4.282399020844349
1125	71.37890641002606	4.282374288214404
1126	71.37409061039932	4.2823505738054255
1127	71.36927121947694	4.282327872292983
1128	71.36444823990543	4.282306178352649
1129	71.3596216743313	4.282285486659996
1130	71.35479152540101	4.282265791890591
1131	71.34995779576113	4.282247088720009
1132	71.34512048805813	4.282229371823817
1133	71.34027960493852	4.28221263587759
1134	71.33543514904878	4.282196875556895
1135	71.33058712303546	4.282182085537308
1136	71.32573552954504	4.282168260494396
1137	71.32088037122405	4.282155395103731
1138	71.31602165071894	4.282143484040884
1139	71.31115937067628	4.282132521981427
1140	71.30629353374253	4.282122503600929
1141	71.3014241425642	4.282113423574964
1142	71.29655119978783	4.282105276579099
1143	71.29167470805989	4.282098057288909
1144	71.28679467002691	4.282091760379963
1145	71.28191108833535	4.282086380527832
1146	71.27702396563177	4.282081912408087
1147	71.27213330456264	4.282078350696299
1148	71.26723910777449	4.282075690068041
1149	71.2623413779138	4.282073925198881
1150	71.25744011762708	4.2820730507643905
1151	71.25253532956086	4.282073061440142
1152	71.24762701636162	4.282073951901705
1153	71.24271518067586	4.282075716824654
1154	71.2377998251501	4.282078350884555
1155	71.23288095243086	4.282081848756981
1156	71.22795856516461	4.282086205117505
1157	71.22303266599789	4.282091414641695
1158	71.21810325757717	4.282097472005123
1159	71.21317034254899	4.28210437188336
1160	71.20823392355982	4.28211210895198
1161	71.20329400325619	4.282120677886549
1162	71.1983505842846	4.282130073362641
1163	71.19340366929156	4.282140290055826
1164	71.18845326092355	4.282151322641675
1165	71.1834993618271	4.282163165795761
1166	71.17854197464872	4.282175814193652
1167	71.17358110203489	4.28218926251092
1168	71.16861674663214	4.282203505423137
1169	71.16364891108697	4.282218537605873
1170	71.15867759804587	4.282234353734701
1171	71.15370281015534	4.2822509484851885
1172	71.14872455006191	4.28226831653291
1173	71.14374282041209	4.282286452553432
1174	71.13875762385236	4.282305351222331
1175	71.13376896302921	4.282325007215174
1176	71.1287768405892	4.282345415207535
1177	71.1237812591788	4.282366569874982
1178	71.1187822214445	4.282388465893088
1179	71.11377973003286	4.282411097937423
1180	71.10877378759032	4.282434460683559
1181	71.10376439676344	4.282458548807066
1182	71.09875156019868	4.282483356983516
1183	71.09373528054257	4.2825088798884785
1184	71.08871556044163	4.282535112197527
1185	71.08369240254234	4.282562048586229
1186	71.07866580949118	4.2825896837301585
1187	71.07363578393472	4.282618012304885
1188	71.06860232851942	4.282647028985981
1189	71.0635654458918	4.282676728449015
1190	71.05852513869836	4.2827071053695605
1191	71.0534814095856	4.282738154423187
1192	71.04843426120004	4.282769870285467
1193	71.04338369618817	4.2828022476319685
1194	71.0383297171965	4.282835281138266
1195	71.03327232687155	4.282868965479928
1196	71.02821152785982	4.2829032953325274
1197	71.02314732280779	4.282938265371634
1198	71.01807971436199	4.282973870272819
1199	71.01300870516891	4.2830101047116536
1200	71.00793429787507	4.283046963363709
1201	71.00285649512696	4.283084440904556
1202	70.9977752995711	4.283122532009765
1203	70.99269071385399	4.283161231354908
1204	70.98760274062212	4.283200533615555
1205	70.98251138252203	4.283240433467277
1206	70.9774166422002	4.283280925585648
1207	70.97231852230314	4.283322004646234
1208	70.96721702547732	4.283363665324611
1209	70.96211215436932	4.283405902296345
1210	70.95700391162559	4.283448710237011
1211	70.95189229989266	4.283492083822178
1212	70.946777321817	4.2835360177274175
1213	70.94165898004516	4.283580506628302
1214	70.93653727722362	4.283625545200399
1215	70.93141221599888	4.283671128119283
1216	70.92628379901747	4.283717250060523
1217	70.92115202892587	4.283763905699691
1218	70.91601690837061	4.283811089712357
1219	70.91087843999816	4.283858796774093
1220	70.90573662645505	4.28390702156047
1221	70.9005914703878	4.283955758747058
1222	70.89544297444287	4.28400500300943
1223	70.8902911412668	4.284054749023153
1224	70.8851359735061	4.284104991463803
1225	70.87997747380724	4.284155725006947
1226	70.87481564481676	4.284206944328158
1227	70.86965048918114	4.284258644103009
1228	70.8644820095469	4.284310819007065
1229	70.85931020856056	4.284363463715903
1230	70.85413508886857	4.284416572905091
1231	70.84895665311751	4.2844701412502015
1232	70.84377490395383	4.284524163426803
1233	70.83858984402406	4.284578634110469
1234	70.83340147597468	4.28463354797677
1235	70.82820980245222	4.284688899701276
1236	70.82301482610319	4.284744683959559
1237	70.81781654957408	4.284800895427191
1238	70.81261497551138	4.28485752877974
1239	70.80741010656163	4.28491457869278
1240	70.80220194537131	4.284972039841879
1241	70.79699049458692	4.285029906902611
1242	70.791775756855	4.285088174550546
1243	70.78655773482204	4.285146837461254
1244	70.78133643113452	4.285205890310307
1245	70.77611184843897	4.285265327773276
1246	70.77088398938189	4.285325144525731
1247	70.76565285660979	4.2853853352432445
1248	70.76041845276916	4.285445894601386
1249	70.7551807805065	4.285506817275728
1250	70.74993984246835	4.28556809794184
1251	70.74469564130119	4.285629731275295
1252	70.73944817965153	4.285691711951661
1253	70.73419746016587	4.285754034646513
1254	70.72894348549073	4.285816694035418
1255	70.72368625827261	4.28587968479395
1256	70.71842578115798	4.285943001597678
1257	70.71316205679341	4.286006639122173
1258	70.70789508782535	4.286070592043009
1259	70.70262487690033	4.286134855035753
1260	70.69735142666484	4.2861994227759785
1261	70.69207473976542	4.286264289939256
1262	70.68679481884854	4.286329451201157
1263	70.68151166656071	4.286394901237251
1264	70.67622528554844	4.28646063472311
1265	70.67093567845824	4.286526646334304
1266	70.66564284793661	4.286592930746406
1267	70.66034679663005	4.286659482634985
1268	70.65504752718509	4.286726296675613
1269	70.64974504224821	4.28679336754386
1270	70.64443934446592	4.286860689915301
1271	70.63913043648472	4.2869282584655
1272	70.63381832095112	4.286996067870034
1273	70.62850300051164	4.2870641128044715
1274	70.62318447781279	4.287132387944385
1275	70.61786275550101	4.2872008879653425
1276	70.61253783622288	4.2872696075429175
1277	70.60720972262489	4.287338541352681
1278	70.6018784173535	4.287407684070203
1279	70.59654392305528	4.287477030371054
1280	70.59120624237669	4.287546574930808
1281	70.58586537796425	4.2876163124250315
1282	70.58052133246446	4.287686237529301
1283	70.57517410852383	4.287756344919181
1284	70.56982370878886	4.287826629270248
1285	70.56447013590606	4.28789708525807
1286	70.55911339252194	4.287967707558221
1287	70.553753481283	4.288038490846268
1288	70.54839040483574	4.2881094297977835
1289	70.54302416582665	4.288180519088341
1290	70.53765476690228	4.288251753393508
1291	70.53228221070911	4.288323127388857
1292	70.52690649989364	4.28839463574996
1293	70.52152763710237	4.288466273152386
1294	70.51614562498183	4.288538034271708
1295	70.5107604661785	4.288609913783493
1296	70.5053721633389	4.288681906363319
1297	70.49998071910952	4.28875400668675
1298	70.49458613613689	4.288826209429362
1299	70.4891884170675	4.288898509266723
1300	70.48378756454785	4.288970900874405
1301	70.47838358122443	4.28904337892798
1302	70.4729764697438	4.289115938103016
1303	70.46756623275242	4.289188573075088
1304	70.4621528728968	4.289261278519765
1305	70.45673639282346	4.289334049112616
1306	70.4513167951789	4.289406879529217
1307	70.44589408260961	4.289479764445133
1308	70.4404682577621	4.289552698535942
1309	70.4350393232829	4.289625676477207
1310	70.42960728181849	4.289698692944505
1311	70.42417213601539	4.2897717426134045
1312	70.41873388852007	4.289844820159478
1313	70.41329254197909	4.289917920258294
1314	70.40784809903892	4.289991037585427
1315	70.40240056234606	4.290064166816444
1316	70.39694993454704	4.29013730262692
1317	70.39149621828835	4.290210439692423
1318	70.3860394162165	4.290283572688526
1319	70.380579530978	4.290356696290798
1320	70.37511656521934	4.290429805174812
1321	70.36965052158703	4.290502894016138
1322	70.3641814027276	4.290575957490347
1323	70.3587092112875	4.290648990273009
1324	70.35323394991329	4.2907219870396975
1325	70.34775562125145	4.290794942465983
1326	70.34227422794848	4.290867851227433
1327	70.3367897726509	4.290940707999623
1328	70.33130225800522	4.291013507458121
1329	70.32581168665793	4.291086244278501
1330	70.32031806125552	4.291158913136331
1331	70.31482138444454	4.291231508707183
1332	70.30932165887145	4.291304025666629
1333	70.3038188871828	4.291376458690238
1334	70.29831307202504	4.291448802453583
1335	70.29280421604473	4.291521051632234
1336	70.28729232188834	4.291593200901762
1337	70.28177739220239	4.2916652449377395
1338	70.27625942963337	4.291737178415733
1339	70.2707384368278	4.291808996011321
1340	70.26521441643219	4.291880692400067
1341	70.25968737109302	4.291952262257547
1342	70.25415730345682	4.292023700259328
1343	70.24862421617009	4.292095001080985
1344	70.24308811187933	4.2921661593980875
1345	70.23754899323103	4.292237169886206
1346	70.23200686287174	4.29230802722091
1347	70.22646172344793	4.292378726077775
1348	70.2209135776061	4.292449261132367
1349	70.21536242799276	4.292519627060261
1350	70.20980827725444	4.292589818537024
1351	70.20425112803763	4.292659830238232
1352	70.19869098298881	4.292729656839452
1353	70.19312784475451	4.292799293016256
1354	70.18756171598125	4.292868733444216
1355	70.18199259931552	4.292937972798901
1356	70.1764204974038	4.293007005755885
1357	70.17084541289263	4.293075826990735
1358	70.16526734842851	4.293144431179026
1359	70.15968630665793	4.293212812996328
1360	70.1541022902274	4.29328096711821
1361	70.14851530178343	4.293348888220246
1362	70.14292534397254	4.293416570978002
1363	70.1373324194412	4.293484010067056
1364	70.13173653083594	4.293551200162972
1365	70.12613768080327	4.293618135941326
1366	70.12053587198967	4.293684812077688
1367	70.11493110704166	4.293751223247628
1368	70.10932338860574	4.293817364126717
1369	70.10371271932843	4.293883229390526
1370	70.09809910185623	4.293948813714627
1371	70.09248253883563	4.29401411177459
1372	70.08686303291314	4.294079118245987
1373	70.08124058673528	4.294143827804388
1374	70.07561520294854	4.294208235125365
1375	70.06998688419942	4.294272334884488
1376	70.06435563313445	4.294336121757327
1377	70.05872145240012	4.294399590419456
1378	70.05308434464293	4.294462735546444
1379	70.0474443125094	4.294525551813862
1380	70.04180135864601	4.294588033897282
1381	70.0361554856993	4.294650176472273
1382	70.03050669631574	4.29471197421441
1383	70.02485499314186	4.294773421799259
1384	70.01920037882415	4.294834513902395
1385	70.01354285600914	4.2948952451993865
1386	70.00788242734329	4.294955610365806
1387	70.00221909547314	4.295015604077224
1388	69.9965528630452	4.295075221009211
1389	69.99088373270594	4.2951344558373385
1390	69.98521170710191	4.295193303237178
1391	69.97953678887959	4.295251757884299
1392	69.97385898068548	4.295309814454275
1393	69.96817828516608	4.295367467622674
1394	69.96249470496792	4.29542471206507
1395	69.9568082427375	4.29548154245703
1396	69.9511189011213	4.295537953474129
1397	69.94542668276586	4.295593939791937
1398	69.93973159031766	4.295649496086023
1399	69.93403362642321	4.295704617031962
1400	69.92833279372903	4.29575929730532
1401	69.9226290948816	4.295813531581672
1402	69.91692253252745	4.295867314536588
1403	69.91121310931308	4.295920640845637
1404	69.90550082788496	4.295973505184392
1405	69.89978569088966	4.296025902228424
1406	69.89406770097362	4.2960778266533035
1407	69.8883468607834	4.2961292731346
1408	69.88262317296545	4.2961802363478885
1409	69.87689664016632	4.296230710968736
1410	69.87116726503251	4.296280691672715
1411	69.86543505021051	4.296330173135398
1412	69.85969999834681	4.296379150032353
1413	69.85396211208796	4.296427617039153
1414	69.84822139408043	4.29647556883137
1415	69.84247784697072	4.296523000084571
1416	69.83673147340538	4.296569905474332
1417	69.83098227603087	4.296616279676219
1418	69.82523025749371	4.296662117365809
1419	69.8194754204404	4.296707413218666
1420	69.81371776751747	4.2967521619103675
1421	69.8079573013714	4.296796358116479
1422	69.8021940246487	4.296839996512577
1423	69.79642793999587	4.296883071774228
1424	69.79065905005942	4.296925578577005
1425	69.78488735748586	4.2969675115964785
1426	69.77911286492169	4.29700886550822
1427	69.77333557501342	4.297049634987799
1428	69.76755549040755	4.297089814710789
1429	69.7617726137506	4.297129399352759
1430	69.75598694768904	4.297168383589281
1431	69.75019849486941	4.297206762095925
1432	69.7444072579382	4.297244529548264
1433	69.73861323954192	4.297281680621866
1434	69.73281644232706	4.297318209992305
1435	69.72701686894015	4.29735411233515
1436	69.7212145220277	4.297389382325973
1437	69.71540940423617	4.297424014640345
1438	69.7096015182121	4.297458003953835
1439	69.70379086660199	4.297491344942018
1440	69.69797745205236	4.297524032280461
1441	69.69216127720966	4.297556060644737
1442	69.68634234472047	4.297587424710418
1443	69.68052065723126	4.297618119153073
1444	69.67469621738852	4.297648138648273
1445	69.66886902783875	4.297677477871591
1446	69.6630390912285	4.297706131498596
1447	69.65720641020425	4.29773409420486
1448	69.6513709874125	4.297761360665953
1449	69.64553282549974	4.297787925557449
1450	69.63969192711252	4.297813783554913
1451	69.63384829489732	4.297838929333922
1452	69.62800193150062	4.297863357570044
1453	69.62215283956898	4.297887062938852
1454	69.61630102174887	4.297910040115916
1455	69.61044648068679	4.297932283776805
1456	69.60458921902925	4.297953788597094
1457	69.59872923942278	4.29797454925235
1458	69.59286654451385	4.297994560418147
1459	69.587001136949	4.2980138167700535
1460	69.58113301937469	4.298032312983642
1461	69.57526219443746	4.298050043734485
1462	69.56938866478382	4.298067003698149
1463	69.56351243306024	4.29808318755021
1464	69.55763350191326	4.298098589966236
1465	69.55175187398937	4.298113205621799
1466	69.54586755193509	4.298127029192471
1467	69.53998053839688	4.29814005535382
1468	69.5340908360213	4.29815227878142
1469	69.52819844745483	4.2981636941508405
1470	69.52230337534398	4.298174296137653
1471	69.51640562233524	4.298184079417428
1472	69.51050519107514	4.298193038665737
1473	69.50460208421016	4.298201168558152
1474	69.49869630438684	4.298208463770241
1475	69.49278785425163	4.298214918977578
1476	69.4868767364511	4.298220528855732
1477	69.48096295363172	4.2982252880802765
1478	69.47504650843997	4.298229191326779
1479	69.4691274035224	4.298232233270814
1480	69.4632056415255	4.298234408587951
1481	69.45728122509578	4.298235711953759
1482	69.45135415687973	4.298236138043812
1483	69.44542443952386	4.298235681533681
1484	69.43949207567469	4.298234337098934
1485	69.43355706797873	4.298232099415146
1486	69.42761941908243	4.298228963157884
1487	69.42167913163236	4.298224923002722
1488	69.41573620827499	4.298219973625231
1489	69.40979065165683	4.298214109700979
1490	69.40384246442441	4.2982073259055396
1491	69.3978916492242	4.2981996169144825
1492	69.39193820870273	4.298190977403381
1493	69.38598214550649	4.298181402047803
1494	69.38002346228198	4.298170885523322
1495	69.37406216167574	4.298159422505507
1496	69.36809824633423	4.298147007669931
1497	69.36213171890397	4.298133635692164
1498	69.35616258203149	4.298119301247776
1499	69.35019083836328	4.29810399901234
1500	69.3442164905458	4.298087723661425
1501	69.33823954122563	4.298070469870603
1502	69.33225999304925	4.298052232315446
1503	69.32627784866315	4.298033005671523
1504	69.32029311071382	4.298012784614408
1505	69.3143057818478	4.297991563819668
1506	69.3083158647116	4.297969337962877
1507	69.3023233619517	4.297946101719605
1508	69.29632827621458	4.297921849765422
1509	69.29033061014681	4.297896576775901
1510	69.28433036639485	4.297870277426611
1511	69.27832754760523	4.297842946393127
1512	69.27232215642442	4.297814578351014
1513	69.26631419549896	4.297785167975848
1514	69.26030366747536	4.297754709943197
1515	69.25429057500007	4.297723198928631
1516	69.24827492071967	4.297690629607728
1517	69.2422567072806	4.29765699665605
1518	69.23623593732943	4.297622294749174
1519	69.23021261351259	4.297586518562668
1520	69.22418673847663	4.297549662772107
1521	69.21815831486808	4.297511722053056
1522	69.21212734533339	4.297472691081089
1523	69.20609383251907	4.297432564531779
1524	69.20005777907167	4.297391337080694
1525	69.19401918763768	4.297349003403406
1526	69.18797806086356	4.297305558175488
1527	69.18193440139588	4.297260996072506
1528	69.1758882118811	4.297215311770038
1529	69.16983949496574	4.2971684999436475
1530	69.1637882532963	4.297120555268911
1531	69.15773448951931	4.297071472421397
1532	69.15167820628125	4.297021246076678
1533	69.14561940622862	4.296969870910323
1534	69.13955809200793	4.296917341597904
1535	69.1334942662657	4.296863652814995
1536	69.12742793164844	4.296808799237161
1537	69.12135909080261	4.296752775539978
1538	69.11528774637476	4.296695576399015
1539	69.10921390101139	4.2966371964898435
1540	69.10313755735899	4.2965776304880325
1541	69.09705871806406	4.296516873069155
1542	69.09097738577314	4.296454918908784
1543	69.0848935631327	4.296391762682487
1544	69.07880725278926	4.296327399065835
1545	69.07271845738931	4.296261822734402
1546	69.06662717957937	4.296195028363755
1547	69.06053342200596	4.296127010629471
1548	69.05443718731556	4.296057764207113
1549	69.04833847815466	4.295987283772259
1550	69.0422372971698	4.2959155640004765
1551	69.03613364700749	4.2958425995673375
1552	69.0300275303142	4.295768385148412
1553	69.02391894973645	4.295692915419272
1554	69.01780790792077	4.295616185055489
1555	69.01169440751363	4.295538188732633
1556	69.00557845116154	4.295458921126274
1557	68.99946004151101	4.295378376911986
1558	68.99333918120857	4.295296550765336
1559	68.98721587290069	4.295213437361901
1560	68.98109011923388	4.295129031377245
1561	68.97496192285467	4.295043327486944
1562	68.96883128640955	4.294956320366567
1563	68.962698212545	4.294868004691686
1564	68.95656270390758	4.29477837513787
1565	68.95042476314376	4.294687426380692
1566	68.94428439290004	4.294595153095722
1567	68.93814159582293	4.2945015499585315
1568	68.93199637455895	4.294406611644691
1569	68.9258487317546	4.294310332829773
1570	68.91969867005636	4.294212708189346
1571	68.91354619211076	4.2941137323989835
1572	68.90739130056431	4.294013400134254
1573	68.90123399806352	4.293911706070732
1574	68.89507428725484	4.293808644883985
1575	68.88891217078485	4.293704211249586
1576	68.88274765130001	4.293598399843105
1577	68.87658073144684	4.293491205340112
1578	68.87041141387182	4.293382622416182
1579	68.86423970122149	4.293272645746881
1580	68.85806559614235	4.293161270007784
1581	68.8518891012809	4.293048489874461
1582	68.84571021928362	4.29293430002248
1583	68.83952895279705	4.2928186951274165
1584	68.83334530446768	4.2927016698648375
1585	68.82715927694203	4.292583218910319
1586	68.82097087286657	4.292463336939425
1587	68.81478009488784	4.292342018627734
1588	68.80858694565232	4.292219258650812
1589	68.80239142780654	4.29209505168423
1590	68.79619354399699	4.291969392403563
1591	68.78999329687018	4.2918422754843775
1592	68.78379068907262	4.2917136956022475
1593	68.77758572325078	4.291583647432743
1594	68.77137840205121	4.2914521256514355
1595	68.7651687281204	4.291319124933895
1596	68.75895670410486	4.291184639955692
1597	68.75274233265107	4.2910486653924
1598	68.74652561640556	4.290911195919588
1599	68.74030655801485	4.290772226212827
1600	68.73408516012539	4.290631750947689
1601	68.72786142538374	4.290489764799743
1602	68.72163535643638	4.290346262444563
1603	68.71540695592982	4.290201238557717
1604	68.70917622651056	4.290054687814781
1605	68.70294317082512	4.2899066048913195
1606	68.69670779151998	4.289756984462908
1607	68.69047009124168	4.289605821205115
1608	68.68423007263668	4.289453109793513
1609	68.67798773835153	4.289298844903673
1610	68.67174309103271	4.2891430212111645
1611	68.66549613332671	4.28898563339156
1612	68.65924686788009	4.288826676120431
1613	68.6529952973393	4.288666144073345
1614	68.64674142435088	4.288504031925879
1615	68.6404852515613	4.288340334353597
1616	68.63422678161709	4.288175046032077
1617	68.62796601716477	4.288008161636885
1618	68.62170296085081	4.287839675843594
1619	68.61543761532172	4.287669583327774
1620	68.60916998322404	4.287497878764997
1621	68.60290006720425	4.287324556830834
1622	68.59662786990884	4.287149612200855
1623	68.59035339398434	4.286973039550631
1624	68.58407664207725	4.286794833555735
1625	68.57779761683408	4.286614988891736
1626	68.57151632090131	4.286433500234207
1627	68.56523275692547	4.2862503622587145
1628	68.55894692755305	4.2860655696408365
1629	68.55265883543058	4.285879117056136
1630	68.54636848320453	4.285690999180191
1631	68.54007587352143	4.285501210688569
1632	68.53378100902778	4.285309746256841
1633	68.52748389237009	4.285116600560579
1634	68.52118452619484	4.284921768275355
1635	68.51488291314857	4.2847252440767365
1636	68.50857905587776	4.284527022640299
1637	68.50227295702891	4.28432709864161
1638	68.49596461924855	4.284125466756242
1639	68.48965404518319	4.283922121659764
1640	68.48334123747931	4.283717058027752
1641	68.4770261987834	4.28351027053577
1642	68.47070893174202	4.283301753859395
1643	68.46438943900164	4.283091502674195
1644	68.45806772320877	4.282879511655741
1645	68.45174378700989	4.282665775479607
1646	68.44541763305155	4.2824502888213605
1647	68.43908926398024	4.282233046356573
1648	68.43275868244244	4.282014042760818
1649	68.42642589108469	4.281793272709664
1650	68.42009089255349	4.281570730878682
1651	68.41375368949532	4.281346411943444
1652	68.4074142845567	4.281120310579523
1653	68.40107268038413	4.280892421462484
1654	68.39472887962414	4.280662739267903
1655	68.3883828849232	4.280431258671351
1656	68.38203469892784	4.280197974348396
1657	68.37568432428455	4.2799628809746135
1658	68.36933176363985	4.2797259732255695
1659	68.36297701964024	4.27948724577684
1660	68.3566200949322	4.27924669330399
1661	68.35026099216226	4.279004310482595
1662	68.34389971397694	4.278760091988225
1663	68.33753626302271	4.2785140324964495
1664	68.3311706419461	4.278266126682844
1665	68.32480285339362	4.278016369222973
1666	68.31843290001174	4.277764754792412
1667	68.312060784447	4.277511278066732
1668	68.30568650934589	4.277255933721501
1669	68.29931007735492	4.276998716432294
1670	68.29293149112058	4.276739620874677
1671	68.28655075328939	4.2764786417242275
1672	68.28016786650787	4.27621577365651
1673	68.2737828334225	4.275951011347099
1674	68.26739565667978	4.2756843494715655
1675	68.26100633892624	4.275415782705479
1676	68.25461488280838	4.275145305724412
1677	68.2482212909727	4.274872913203934
1678	68.24182556606569	4.274598599819618
1679	68.23542771073387	4.274322360247034
1680	68.22902772762374	4.274044189161753
1681	68.22262561938183	4.273764081239346
1682	68.2162213886546	4.273482031155381
1683	68.2098150380886	4.273198033585436
1684	68.20340657033032	4.272912083205075
1685	68.19699598802623	4.272624174689874
1686	68.19058329382288	4.272334302715401
1687	68.18416849036676	4.272042461957227
1688	68.17775158030439	4.271748647090925
1689	68.17133256628223	4.2714528527920645
1690	68.16491145094683	4.271155073736217
1691	68.15848823694469	4.270855304598955
1692	68.1520629269223	4.270553540055847
1693	68.14563552352615	4.270249774782465
1694	68.1392060294028	4.269944003454378
1695	68.1327744471987	4.269636220747162
1696	68.1263407795604	4.269326421336382
1697	68.11990502913434	4.269014599897615
1698	68.1134671985671	4.268700751106427
1699	68.10702729050513	4.268384869638391
1700	68.10058530759497	4.26806695016908
1701	68.0941412524831	4.2677469873740606
1702	68.08769512781605	4.267424975928909
1703	68.0812469362403	4.267100910509191
1704	68.07479668040237	4.2667747857904805
1705	68.06834436294878	4.266446596448348
1706	68.061889986526	4.266116337158365
1707	68.05543355378056	4.265784002596102
1708	68.04897506735895	4.265449587437129
1709	68.04251452990769	4.265113086357019
1710	68.03605194407328	4.264774494031343
1711	68.0295873125022	4.26443380513567
1712	68.023120637841	4.264091014345572
1713	68.01665192273616	4.263746116336619
1714	68.0101811698342	4.263399105784385
1715	68.00370838178158	4.263049977364438
1716	67.99723356122486	4.262698725752351
1717	67.99075671081053	4.262345345623693
1718	67.98427783318509	4.261989831654036
1719	67.97779693099503	4.261632178518952
1720	67.97131400688687	4.261272380894011
1721	67.96482906350712	4.260910433454784
1722	67.95834210350228	4.260546330876842
1723	67.95185312951885	4.260180067835756
1724	67.94536214420334	4.259811639007098
1725	67.93886915020227	4.259441039066435
1726	67.9323741501621	4.259068262689346
1727	67.92587714672939	4.258693304551393
1728	67.91937814255061	4.258316159328153
1729	67.91287714027229	4.257936821695195
1730	67.9063741425409	4.25755528632809
1731	67.89986915200298	4.25717154790241
1732	67.89336217130501	4.256785601093724
1733	67.88685320309351	4.256397440577604
1734	67.88034225001498	4.256007061029623
1735	67.87382931471592	4.255614457125349
1736	67.86731439984285	4.255219623540354
1737	67.86079750804227	4.2548225549502074
1738	67.85427864196068	4.254423246030486
1739	67.84775780424458	4.254021691456753
1740	67.84123499754048	4.2536178859045854
1741	67.83471022449488	4.253211824049552
1742	67.82818348775432	4.252803500567223
1743	67.82165478996525	4.252392910133171
1744	67.81512413377422	4.251980047422965
1745	67.80859152182771	4.251564907112179
1746	67.80205695677223	4.25114748387638
1747	67.7955204412543	4.2507277723911425
1748	67.78898197792039	4.250305767332037
1749	67.78244156941703	4.249881463374631
1750	67.77589921839075	4.249454855194503
1751	67.76935492748801	4.249025937467215
1752	67.76280869935532	4.248594704868344
1753	67.75626053663922	4.248161152073459
1754	67.7497104419862	4.247725273758132
1755	67.74315841804274	4.247287064597932
1756	67.73660446745535	4.2468465192684315
1757	67.73004859287057	4.246403632445204
1758	67.7234907969349	4.245958398803813
1759	67.71693108229479	4.245510813019838
1760	67.7103694515968	4.245060869768844
1761	67.70380590748744	4.244608563726405
1762	67.69724045261319	4.244153889568093
1763	67.69067308962053	4.243696841969475
1764	67.68410382115601	4.243237415606125
1765	67.67753264986612	4.242775605153614
1766	67.67095957839739	4.242311405287512
1767	67.66438460939625	4.241844810683391
1768	67.6578077455093	4.241375816016819
1769	67.65122898938299	4.240904415963373
1770	67.64464834366382	4.2404306051986165
1771	67.63806581099831	4.239954378398127
1772	67.63148139403299	4.239475730237472
1773	67.62489509541432	4.238994655392222
1774	67.61830691778883	4.238511148537952
1775	67.61171686380303	4.238025204350229
1776	67.60512493610341	4.237536817504624
1777	67.59853113733648	4.237045982676713
1778	67.59193547014874	4.236552694542061
1779	67.58533793718671	4.236056947776242
1780	67.57873854109688	4.235558737054824
1781	67.57213728452578	4.235058057053385
1782	67.56553417011988	4.234554902447488
1783	67.5589292005257	4.234049267912708
1784	67.55232237838976	4.2335411481246155
1785	67.54571370635854	4.233030537758783
1786	67.53910318707857	4.232517431490779
1787	67.53249082319634	4.232001823996174
1788	67.52587661735835	4.231483709950542
1789	67.51926057221111	4.230963084029452
1790	67.51264269040114	4.230439940908474
1791	67.50602297457493	4.229914275263184
1792	67.49940142737898	4.229386081769145
1793	67.49277805145981	4.2288553551019366
1794	67.48615284946392	4.228322089937123
1795	67.47952582403782	4.227786280950278
1796	67.472896977828	4.227247922816973
1797	67.46626631348097	4.22670701021278
1798	67.45963383364325	4.226163537813267
1799	67.45299954096133	4.225617500294007
1800	67.4463634380817	4.22506889233057
1801	67.43972552765092	4.224517708598528
1802	67.43308581231544	4.22396394377345
1803	67.42644429472179	4.223407592530911
1804	67.41980097751646	4.222848649546478
1805	67.41315586334596	4.222287109495724
1806	67.40650895485683	4.221722967054219
1807	67.39986025469553	4.221156216897534
1808	67.39320976550856	4.220586853701242
1809	67.38655748994248	4.220014872140912
1810	67.37990343064374	4.219440266892115
1811	67.37324759025886	4.218863032630424
1812	67.36658997143435	4.218283164031408
1813	67.35993057681674	4.217700655770638
1814	67.3532694090525	4.2171155025236855
1815	67.34660647078813	4.216527698966122
1816	67.33994176467016	4.215937239773518
1817	67.3332752933451	4.215344119621443
1818	67.32660705945943	4.214748333185473
1819	67.31993706565966	4.214149875141172
1820	67.31326531459231	4.213548740164117
1821	67.30659180890389	4.212944922929877
1822	67.29991655124087	4.212338418114021
1823	67.29323954424979	4.2117292203921215
1824	67.28656079057714	4.211117324439751
1825	67.27988029286944	4.2105027249324785
1826	67.27319805377316	4.209885416545875
1827	67.26651407593484	4.209265393955512
1828	67.25982836200096	4.208642651836962
1829	67.25314091461806	4.208017184865794
1830	67.2464517364326	4.20738898771758
1831	67.23976083009113	4.20675805506789
1832	67.23306819824012	4.2061243815922955
1833	67.22637384352609	4.205487961966368
1834	67.21967776859555	4.204848790865679
1835	67.21297997609499	4.204206862965796
1836	67.20628046867093	4.203562172942295
1837	67.19957924896985	4.202914715470744
1838	67.1928763196383	4.202264485226715
1839	67.18617168332275	4.2016114768857795
1840	67.17946534266972	4.200955685123507
1841	67.1727573003257	4.200297104615468
1842	67.16604755893721	4.199635730037237
1843	67.15933612115074	4.1989715560643806
1844	67.15262298961282	4.198304577372473
1845	67.14590816696993	4.197634788637084
1846	67.13919165586859	4.196962184533785
1847	67.1324734589553	4.196286759738146
1848	67.12575357887656	4.195608508925739
1849	67.11903201827889	4.194927426772135
1850	67.11230877980879	4.194243507952905
1851	67.10558386611274	4.193556747143619
1852	67.09885727983728	4.1928671390198495
1853	67.0921290236289	4.192174678257166
1854	67.0853991001341	4.191479359531142
1855	67.0786675119994	4.190781177517344
1856	67.07193426187128	4.190080126891347
1857	67.06519935239628	4.189376202328722
1858	67.05846278622089	4.188669398505038
1859	67.05172456599158	4.187959710095866
1860	67.04498469435492	4.187247131776779
1861	67.03824317395737	4.186531658223345
1862	67.03150000744546	4.185813284111139
1863	67.02475519746565	4.185092004115729
1864	67.0180087466645	4.1843678129126864
1865	67.0112606576885	4.183640705177583
1866	67.00451093318414	4.1829106755859895
1867	66.99775957579793	4.1821777188134766
1868	66.99100658817638	4.181441829535615
1869	66.98425197296599	4.180703002427977
1870	66.97749573281328	4.179961232166132
1871	66.97073787036472	4.179216513425654
1872	66.96397838826685	4.178468840882109
1873	66.95721728916618	4.177718209211074
1874	66.95045457570917	4.176964613088114
1875	66.94369025054237	4.176208047188805
1876	66.93692431631227	4.175448506188713
1877	66.93015677566538	4.174685984763416
1878	66.92338763124818	4.173920477588478
1879	66.91661688570721	4.173151979339474
1880	66.90984454168895	4.172380484691972
1881	66.90307060183993	4.171605988321547
1882	66.89629506880662	4.170828484903767
1883	66.88951794523555	4.170047969114205
1884	66.88273923377324	4.169264435628429
1885	66.87595893706614	4.168477879122014
1886	66.86917705776082	4.167688294270528
1887	66.86239359850374	4.166895675749543
1888	66.85560856194144	4.16610001823463
1889	66.84882195072038	4.16530131640136
1890	66.8420337674871	4.164499564925302
1891	66.8352440148881	4.163694758482031
1892	66.82845269556988	4.162886891747116
1893	66.82165981217894	4.162075959396128
1894	66.81486536736179	4.161261956104637
1895	66.80806936376494	4.160444876548215
1896	66.8012718040349	4.159624715402433
1897	66.79447269081815	4.1588014673428635
1898	66.78767202676123	4.157975127045075
1899	66.78086981451062	4.15714568918464
1900	66.77406605671283	4.156313148437127
1901	66.76726075601437	4.1554774994781125
1902	66.76045391506175	4.15463873698316
1903	66.75364553650145	4.1537968556278475
1904	66.74683562298	4.152951850087742
1905	66.7400241771439	4.152103715038416
1906	66.73321120163965	4.151252445155439
1907	66.72639669911376	4.150398035114384
1908	66.71958067221273	4.14954047959082
1909	66.71276312358307	4.148679773260321
1910	66.70594405587129	4.147815910798453
1911	66.69912347172387	4.146948886880793
1912	66.69230137378734	4.146078696182907
1913	66.68547776470821	4.14520533338037
1914	66.67865264713298	4.14432879314875
1915	66.67182602370812	4.143449070163618
1916	66.66499789708018	4.142566159100547
1917	66.65816826989565	4.141680054635109
1918	66.65133714480105	4.14079075144287
1919	66.64450452444284	4.139898244199406
1920	66.63767041146758	4.139002527580286
1921	66.63083480852174	4.13810359626108
1922	66.62399771825181	4.137201444917362
1923	66.61715914330435	4.1362960682246985
1924	66.61031908632583	4.135387460858665
1925	66.60347754996276	4.13447561749483
1926	66.59663453686164	4.133560532808765
1927	66.58979004966899	4.132642201476042
1928	66.5829440910313	4.13172061817223
1929	66.57609666359508	4.130795777572901
1930	66.56924777000683	4.129867674353627
1931	66.56239741291307	4.1289363031899775
1932	66.5555455949603	4.128001658757526
1933	66.548692318795	4.127063735731839
1934	66.54183758706371	4.126122528788493
1935	66.53498140241294	4.125178032603054
1936	66.52812376748916	4.1242302418510945
1937	66.52126468493887	4.123279151208188
1938	66.51440415740863	4.122324755349903
1939	66.5075421875449	4.121367048951811
1940	66.5006787779942	4.1204060266894835
1941	66.49381393140303	4.119441683238492
1942	66.48694765041789	4.118474013274405
1943	66.4800799376853	4.117503011472796
1944	66.47321079585176	4.1165286725092365
1945	66.46634022756376	4.115550991059294
1946	66.45946823546782	4.114569961798544
1947	66.45259482221046	4.113585579402553
1948	66.44571999043815	4.112597838546897
1949	66.43884374279743	4.1116067339071405
1950	66.43196608193477	4.110612260158861
1951	66.42508701049671	4.109614411977626
1952	66.41820653112973	4.108613184039007
1953	66.41132464648035	4.1076085710185755
1954	66.40444135919506	4.106600567591903
1955	66.39755667192038	4.105589168434558
1956	66.39067058730281	4.104574368222115
1957	66.38378310798885	4.103556161630143
1958	66.37689423662502	4.1025345433342135
1959	66.3700039758578	4.1015095080098956
1960	66.36311232833371	4.100481050332764
1961	66.35621929669927	4.0994491649783855
1962	66.34932488360096	4.098413846622336
1963	66.34242909168529	4.097375089940182
1964	66.33553192359878	4.096332889607496
1965	66.32863338198791	4.09528724029985
1966	66.32173346949922	4.094238136692815
1967	66.31483218877918	4.09318557346196
1968	66.30792954247433	4.092129545282859
1969	66.30102553323114	4.09107004683108
1970	66.29412016369612	4.090007072782196
1971	66.2872134365158	4.088940617811777
1972	66.28030535433668	4.087870676595395
1973	66.27339591980525	4.086797243808618
1974	66.266485135568	4.085720314127022
1975	66.25957300427149	4.084639882226175
1976	66.25265952856218	4.083555942781647
1977	66.24574471108659	4.082468490469013
1978	66.2388285544912	4.08137751996384
1979	66.23191106142257	4.0802830259417
1980	66.22499223452715	4.079185003078164
1981	66.21807207645148	4.0780834460488045
1982	66.21115058984203	4.07697834952919
1983	66.20422777734535	4.075869708194894
1984	66.19730364160792	4.074757516721485
1985	66.19037818527623	4.073641769784537
1986	66.18345141099682	4.07252246205962
1987	66.17652332141618	4.071399588222304
1988	66.16959391918081	4.0702731429481585
1989	66.16266320693721	4.0691431209127575
1990	66.1557311873319	4.068009516791672
1991	66.14879786301138	4.066872325260471
1992	66.14186323662216	4.065731540994727
1993	66.13492731081072	4.06458715867001
1994	66.1279900882236	4.063439172961892
1995	66.12105157150728	4.062287578545943
1996	66.11411176330827	4.0611323700977335
1997	66.10717066627309	4.059973542292838
1998	66.10022828304824	4.058811089806822
1999	66.09328461628022	4.057645007315261
2000	66.08633966861551	4.056475289493726
2001	66.07939344270066	4.055301931017784
2002	66.07244594118215	4.054124926563009
2003	66.06549716670649	4.052944270804973
2004	66.05854712192018	4.051759958419243
2005	66.05159580946975	4.050571984081396
2006	66.04464323200168	4.049380342466996
2007	66.03768939216245	4.04818502825162
2008	66.03073429259862	4.046986036110835
2009	66.02377793595669	4.045783360720215
2010	66.01682032488313	4.0445769967553264
2011	66.00986146202443	4.043366938891747
2012	66.00290135002716	4.042153181805043
2013	65.9959399915378	4.040935720170786
2014	65.98897738920283	4.039714548664548
2015	65.98201354566876	4.0384896619619
2016	65.97504846358213	4.03726105473841
2017	65.9680821455894	4.0360287216696555
2018	65.96111459433712	4.034792657431202
2019	65.95414581247175	4.033552856698622
2020	65.94717580263983	4.0323093141474855
2021	65.94020456748785	4.031062024453366
2022	65.93323210966231	4.029810982291831
2023	65.92625843180974	4.028556182338457
2024	65.91928353657661	4.0272976192688095
2025	65.91230742660946	4.026035287758461
2026	65.90533010455476	4.024769182482984
2027	65.89835157305905	4.02349929811795
2028	65.89137183476882	4.022225629338928
2029	65.88439089233056	4.020948170821487
2030	65.87740874839078	4.019666917241203
2031	65.87042540559602	4.018381863273646
2032	65.86344086659274	4.017093003594383
2033	65.85645513402747	4.015800332878989
2034	65.8494682105467	4.014503845803034
2035	65.84248009879695	4.013203537042087
2036	65.83549080142474	4.011899401271721
2037	65.82850032107652	4.010591433167509
2038	65.82150866039885	4.009279627405018
2039	65.81451582203822	4.00796397865982
2040	65.80752180864113	4.006644481607488
2041	65.80052662285405	4.0053211309235905
2042	65.79353026732356	4.003993921283701
2043	65.7865327446961	4.002662847363387
2044	65.7795340576182	4.001327903838224
2045	65.77253420873639	3.99998908538378
2046	65.76553320069715	3.9986463866756274
2047	65.75853103614698	3.9972998023893345
2048	65.75152771773236	3.995949327200476
2049	65.74452324809985	3.994594955784621
2050	65.73751762989593	3.9932366828173396
2051	65.73051086576712	3.9918745029742055
2052	65.72350295835989	3.9905084109307882
2053	65.71649391032078	3.9891384013626574
2054	65.70948372429628	3.987764468945386
2055	65.7024724029329	3.986386608354545
2056	65.69545994887712	3.9850048142657037
2057	65.68844636477549	3.9836190813544348
2058	65.68143165327449	3.9822294042963082
2059	65.6744158170206	3.9808357777668957
2060	65.66739885866039	3.979438196441768
2061	65.66038078084031	3.9780366549964965
2062	65.65336158620688	3.9766311481066507
2063	65.6463412774066	3.975221670447804
2064	65.63931985708601	3.973808216695526
2065	65.63229732789158	3.9723907815253865
2066	65.62527369246982	3.9709693596129587
2067	65.61824895346722	3.9695439456338133
2068	65.61122311353031	3.9681145342635196
2069	65.6041961753056	3.9666811201776504
2070	65.59716814143958	3.965243698051777
2071	65.59013901457877	3.963802262561468
2072	65.58310879736965	3.9623568083822955
